id,hour_00,hour_01,hour_02,hour_03,hour_04,hour_05,hour_06,hour_07,hour_08,hour_09,hour_10,hour_11,hour_12,hour_13,hour_14,hour_15,hour_16,hour_17,hour_18,hour_19,hour_20,hour_21,hour_22,hour_23
1,86.66666666666667,88.66666666666667,89.66666666666667,92.0,93.33333333333333,92.66666666666667,92.33333333333333,90.33333333333333,94.33333333333333,93.33333333333333,93.33333333333333,91.66666666666667,90.66666666666667,85.0,85.0,84.0,83.33333333333333,80.66666666666667,80.0,79.33333333333333,80.66666666666667,80.66666666666667,82.0,84.0
2,86.0,83.0,81.66666666666667,84.33333333333333,84.66666666666667,82.33333333333333,83.33333333333333,84.33333333333333,85.0,87.33333333333333,87.0,89.0,93.33333333333333,93.66666666666667,92.33333333333333,94.33333333333333,95.0,89.0,83.66666666666667,81.0,77.0,76.66666666666667,80.0,80.66666666666667
3,86.66666666666667,87.66666666666667,89.33333333333333,91.0,90.33333333333333,90.0,91.33333333333333,90.33333333333333,91.66666666666667,88.66666666666667,91.66666666666667,89.66666666666667,90.66666666666667,93.66666666666667,93.33333333333333,94.33333333333333,95.0,94.0,91.0,90.0,86.33333333333333,79.66666666666667,80.66666666666667,85.33333333333333
4,80.0,78.0,79.66666666666667,85.33333333333333,83.66666666666667,85.33333333333333,86.0,86.33333333333333,86.33333333333333,86.0,85.66666666666667,80.33333333333333,82.66666666666667,81.33333333333333,78.66666666666667,74.0,68.33333333333333,66.33333333333333,65.33333333333333,64.33333333333333,58.333333333333336,58.0,54.666666666666664,55.0
5,85.0,88.66666666666667,92.33333333333333,92.0,95.0,94.0,94.66666666666667,95.33333333333333,90.0,89.66666666666667,85.66666666666667,83.66666666666667,80.33333333333333,76.33333333333333,68.66666666666667,63.666666666666664,59.333333333333336,55.666666666666664,58.0,59.666666666666664,59.333333333333336,58.666666666666664,57.333333333333336,55.333333333333336
6,76.0,74.33333333333333,77.33333333333333,79.66666666666667,83.0,88.66666666666667,94.0,95.66666666666667,96.66666666666667,94.0,94.33333333333333,93.33333333333333,91.33333333333333,88.66666666666667,85.0,84.33333333333333,82.33333333333333,76.66666666666667,74.0,70.0,68.66666666666667,67.66666666666667,66.33333333333333,67.33333333333333
7,80.0,80.66666666666667,79.0,81.66666666666667,81.66666666666667,78.66666666666667,79.66666666666667,81.33333333333333,82.66666666666667,85.33333333333333,85.66666666666667,89.33333333333333,94.33333333333333,94.33333333333333,93.33333333333333,94.66666666666667,95.66666666666667,91.0,86.0,81.66666666666667,77.0,77.0,80.0,81.0
8,89.33333333333333,92.33333333333333,91.0,95.33333333333333,97.33333333333333,97.66666666666667,96.66666666666667,97.66666666666667,97.0,95.33333333333333,90.0,86.33333333333333,85.66666666666667,89.33333333333333,90.33333333333333,88.66666666666667,91.33333333333333,93.66666666666667,93.0,90.66666666666667,87.33333333333333,86.33333333333333,87.0,87.33333333333333
9,12.333333333333334,13.333333333333334,17.333333333333332,18.333333333333332,20.333333333333332,25.666666666666668,24.0,26.333333333333332,32.666666666666664,37.666666666666664,30.666666666666668,30.0,34.333333333333336,40.0,41.666666666666664,32.0,27.666666666666668,20.333333333333332,16.333333333333332,13.0,10.666666666666666,10.333333333333334,10.333333333333334,10.666666666666666
10,53.666666666666664,63.333333333333336,67.33333333333333,72.0,73.0,74.0,75.0,79.66666666666667,80.33333333333333,80.66666666666667,83.66666666666667,82.0,82.33333333333333,85.0,92.66666666666667,93.66666666666667,87.0,83.33333333333333,78.66666666666667,67.66666666666667,55.333333333333336,53.0,51.333333333333336,51.333333333333336
11,84.66666666666667,91.33333333333333,86.33333333333333,90.33333333333333,93.0,92.66666666666667,93.0,94.66666666666667,96.0,95.33333333333333,96.66666666666667,96.66666666666667,98.33333333333333,98.33333333333333,93.0,84.0,73.66666666666667,67.33333333333333,65.0,60.0,59.0,60.333333333333336,66.66666666666667,72.0
12,50.333333333333336,66.33333333333333,72.0,77.66666666666667,88.33333333333333,87.33333333333333,85.0,85.0,88.33333333333333,90.66666666666667,94.0,94.0,96.33333333333333,95.0,89.33333333333333,72.0,58.666666666666664,47.333333333333336,39.333333333333336,35.333333333333336,31.666666666666668,29.666666666666668,29.333333333333332,28.666666666666668
13,76.33333333333333,81.33333333333333,85.66666666666667,87.0,89.0,90.66666666666667,91.0,92.66666666666667,92.33333333333333,92.66666666666667,91.33333333333333,91.0,90.66666666666667,84.66666666666667,78.0,66.66666666666667,61.0,58.666666666666664,60.333333333333336,64.66666666666667,59.666666666666664,62.333333333333336,66.66666666666667,73.66666666666667
14,84.0,85.0,86.33333333333333,88.66666666666667,88.66666666666667,88.0,89.66666666666667,90.33333333333333,90.0,95.66666666666667,95.66666666666667,94.66666666666667,95.33333333333333,95.0,94.33333333333333,88.66666666666667,81.33333333333333,76.33333333333333,70.66666666666667,66.66666666666667,65.33333333333333,66.0,68.33333333333333,82.66666666666667
15,75.66666666666667,77.33333333333333,77.33333333333333,80.66666666666667,85.0,91.66666666666667,93.0,95.66666666666667,97.0,96.66666666666667,96.66666666666667,97.0,95.66666666666667,89.33333333333333,83.33333333333333,74.33333333333333,69.66666666666667,62.0,57.0,56.666666666666664,61.333333333333336,59.666666666666664,77.0,65.33333333333333
16,92.33333333333333,94.33333333333333,97.0,98.0,94.66666666666667,94.66666666666667,94.66666666666667,97.0,95.33333333333333,96.66666666666667,99.0,99.0,98.66666666666667,98.66666666666667,95.66666666666667,92.0,83.33333333333333,76.33333333333333,76.0,83.33333333333333,84.66666666666667,91.66666666666667,96.33333333333333,98.66666666666667
17,80.33333333333333,82.0,85.33333333333333,87.66666666666667,90.33333333333333,89.66666666666667,90.0,90.0,85.66666666666667,86.0,84.66666666666667,82.66666666666667,79.0,76.33333333333333,70.33333333333333,66.33333333333333,63.666666666666664,66.66666666666667,67.33333333333333,68.66666666666667,74.0,65.66666666666667,60.666666666666664,60.0
18,85.33333333333333,86.66666666666667,87.66666666666667,87.33333333333333,85.0,85.66666666666667,87.0,85.33333333333333,86.66666666666667,82.33333333333333,81.0,82.33333333333333,80.0,78.33333333333333,76.0,67.66666666666667,64.66666666666667,60.666666666666664,58.666666666666664,58.333333333333336,60.666666666666664,62.333333333333336,69.0,62.666666666666664
19,53.0,57.666666666666664,61.0,63.666666666666664,70.33333333333333,67.0,69.66666666666667,77.66666666666667,85.66666666666667,85.33333333333333,87.66666666666667,88.33333333333333,88.66666666666667,90.66666666666667,91.0,90.0,94.0,95.66666666666667,93.0,91.33333333333333,96.33333333333333,92.66666666666667,92.66666666666667,90.0
20,76.0,73.0,76.0,78.0,82.0,89.0,96.0,96.0,98.0,96.33333333333333,96.0,95.0,92.0,89.0,84.0,82.0,79.0,73.0,69.0,65.0,63.0,60.0,63.0,63.0
21,98.66666666666667,99.0,99.33333333333333,99.33333333333333,99.33333333333333,99.66666666666667,99.66666666666667,99.66666666666667,99.66666666666667,99.33333333333333,98.66666666666667,98.0,97.0,95.1111111111111,95.33333333333333,98.66666666666667,96.0,96.0,95.66666666666667,95.33333333333333,95.66666666666667,95.33333333333333,95.33333333333333,94.66666666666667
22,79.33333333333333,74.33333333333333,77.33333333333333,76.0,75.66666666666667,77.0,78.33333333333333,82.66666666666667,86.0,86.0,87.33333333333333,93.0,93.66666666666667,94.66666666666667,93.33333333333333,95.33333333333333,93.66666666666667,87.33333333333333,84.0,76.0,72.66666666666667,72.33333333333333,74.66666666666667,73.66666666666667
23,89.33333333333333,93.0,93.66666666666667,95.33333333333333,96.33333333333333,96.66666666666667,95.0,95.0,95.0,95.66666666666667,96.66666666666667,98.66666666666667,98.0,95.66666666666667,93.0,81.33333333333333,69.66666666666667,64.66666666666667,61.333333333333336,59.333333333333336,58.333333333333336,62.666666666666664,68.33333333333333,77.66666666666667
24,91.0,90.0,89.0,89.0,89.0,91.0,91.0,90.0,90.0,88.0,86.0,88.0,89.0,83.0,79.0,81.0,72.0,71.0,68.0,59.0,65.0,62.0,63.0,66.0
25,95.0,95.0,96.0,97.0,97.0,97.0,97.0,98.0,97.0,95.0,93.0,93.0,93.0,95.0,95.0,95.0,87.0,95.0,92.0,95.0,91.0,85.0,84.0,86.0
26,70.33333333333333,78.0,82.66666666666667,86.33333333333333,90.66666666666667,92.33333333333333,95.66666666666667,95.66666666666667,97.66666666666667,96.0,96.0,98.0,97.66666666666667,92.0,81.0,73.66666666666667,65.66666666666667,58.666666666666664,54.666666666666664,53.666666666666664,53.333333333333336,54.666666666666664,56.0,62.666666666666664
27,89.33333333333333,89.66666666666667,86.66666666666667,91.0,94.66666666666667,92.0,93.66666666666667,90.33333333333333,87.0,86.66666666666667,91.0,95.66666666666667,99.33333333333333,99.66666666666667,98.66666666666667,95.8888888888889,98.44444444444444,98.55555555555556,86.33333333333333,84.33333333333333,70.33333333333333,71.33333333333333,71.66666666666667,83.33333333333333
28,86.33333333333333,87.33333333333333,89.33333333333333,91.33333333333333,90.33333333333333,90.0,90.0,87.33333333333333,89.33333333333333,87.0,89.66666666666667,89.0,90.0,92.66666666666667,91.33333333333333,93.0,94.33333333333333,92.66666666666667,89.66666666666667,89.0,81.33333333333333,77.66666666666667,79.66666666666667,82.0
29,80.0,80.0,88.33333333333333,92.33333333333333,89.33333333333333,91.33333333333333,93.0,95.0,95.66666666666667,93.66666666666667,95.0,96.33333333333333,94.0,96.0,91.66666666666667,88.33333333333333,89.33333333333333,85.33333333333333,81.0,82.33333333333333,80.66666666666667,83.0,80.66666666666667,82.33333333333333
30,54.666666666666664,61.333333333333336,64.66666666666667,65.66666666666667,68.33333333333333,77.0,87.66666666666667,87.0,96.66666666666667,96.66666666666667,94.33333333333333,94.33333333333333,96.66666666666667,93.33333333333333,84.33333333333333,73.66666666666667,65.0,61.333333333333336,63.333333333333336,64.66666666666667,61.666666666666664,63.0,67.66666666666667,67.66666666666667
31,91.0,95.66666666666667,96.33333333333333,98.33333333333333,99.33333333333333,97.0,94.66666666666667,96.66666666666667,96.33333333333333,95.66666666666667,95.33333333333333,92.0,90.0,90.0,95.66666666666667,92.66666666666667,91.66666666666667,95.0,96.33333333333333,95.66666666666667,93.0,91.33333333333333,91.33333333333333,91.0
32,49.666666666666664,48.333333333333336,52.666666666666664,68.0,65.33333333333333,77.33333333333333,80.33333333333333,83.66666666666667,75.66666666666667,73.66666666666667,71.0,69.66666666666667,63.333333333333336,66.66666666666667,62.333333333333336,59.0,52.666666666666664,47.0,41.0,38.0,37.666666666666664,34.333333333333336,34.0,35.0
33,92.0,91.0,86.33333333333333,89.66666666666667,91.33333333333333,90.66666666666667,93.0,94.0,95.33333333333333,94.33333333333333,92.66666666666667,93.33333333333333,89.66666666666667,87.66666666666667,84.66666666666667,79.66666666666667,81.0,84.33333333333333,76.0,70.66666666666667,68.33333333333333,66.33333333333333,64.0,67.66666666666667
34,85.66666666666667,81.66666666666667,80.33333333333333,82.0,83.0,81.33333333333333,84.66666666666667,85.0,87.0,88.0,92.33333333333333,95.33333333333333,97.0,97.33333333333333,96.33333333333333,94.66666666666667,92.33333333333333,86.33333333333333,82.66666666666667,74.66666666666667,66.66666666666667,66.0,68.66666666666667,70.33333333333333
35,76.66666666666667,80.66666666666667,87.33333333333333,88.66666666666667,92.0,94.66666666666667,96.66666666666667,99.0,100.0,100.0,89.66666666666667,100.0,97.66666666666667,90.66666666666667,75.0,71.0,61.666666666666664,59.0,55.0,58.0,55.666666666666664,54.666666666666664,58.666666666666664,64.0
36,96.0,96.0,95.0,93.0,87.0,88.0,88.0,90.0,90.0,89.0,89.0,89.0,86.0,80.0,76.0,74.0,72.0,69.0,69.0,60.0,58.0,58.0,57.0,60.0
37,78.0,78.0,82.0,84.0,86.0,89.0,88.0,90.0,90.0,91.0,92.0,92.0,91.0,88.0,84.0,79.0,77.0,74.0,70.0,66.0,64.0,68.0,68.0,59.0
38,91.0,95.33333333333333,96.0,97.66666666666667,97.66666666666667,96.0,95.0,96.0,96.0,96.66666666666667,97.0,95.66666666666667,94.33333333333333,92.66666666666667,96.66666666666667,96.0,94.33333333333333,95.66666666666667,96.66666666666667,96.0,94.66666666666667,93.33333333333333,93.0,91.66666666666667
39,81.66666666666667,80.33333333333333,81.0,81.66666666666667,89.33333333333333,89.33333333333333,92.33333333333333,93.0,92.0,93.0,94.66666666666667,93.0,90.33333333333333,87.33333333333333,79.0,72.66666666666667,65.33333333333333,61.333333333333336,61.333333333333336,69.66666666666667,76.0,72.66666666666667,59.333333333333336,60.666666666666664
40,85.33333333333333,80.0,82.0,81.66666666666667,80.66666666666667,82.0,83.33333333333333,85.66666666666667,87.66666666666667,88.66666666666667,94.33333333333333,97.33333333333333,95.66666666666667,96.33333333333333,95.33333333333333,96.66666666666667,90.33333333333333,78.66666666666667,73.66666666666667,65.0,63.0,62.333333333333336,64.66666666666667,66.33333333333333
41,88.0,88.0,86.0,91.0,93.0,92.0,93.0,90.0,92.0,91.0,92.0,97.0,98.0,100.0,98.0,98.0,98.0,98.0,96.0,93.0,72.0,74.0,72.0,82.0
42,78.66666666666667,78.33333333333333,76.33333333333333,76.66666666666667,77.33333333333333,77.33333333333333,78.0,81.33333333333333,82.66666666666667,85.33333333333333,85.66666666666667,89.33333333333333,93.0,93.0,92.66666666666667,94.66666666666667,94.33333333333333,88.66666666666667,82.33333333333333,80.33333333333333,76.33333333333333,76.33333333333333,80.33333333333333,80.66666666666667
43,44.666666666666664,54.333333333333336,68.66666666666667,63.666666666666664,67.0,71.66666666666667,75.66666666666667,82.0,85.33333333333333,82.66666666666667,81.0,84.33333333333333,83.0,85.33333333333333,74.66666666666667,71.66666666666667,66.33333333333333,52.0,38.333333333333336,32.333333333333336,28.666666666666668,22.0,23.333333333333332,19.333333333333332
44,88.0,85.66666666666667,87.33333333333333,87.0,88.0,88.0,88.0,90.66666666666667,90.33333333333333,88.66666666666667,87.0,86.66666666666667,89.0,93.0,93.0,95.66666666666667,93.0,84.66666666666667,80.0,80.66666666666667,76.33333333333333,77.33333333333333,79.66666666666667,80.66666666666667
45,84.0,81.33333333333333,83.33333333333333,85.33333333333333,87.0,88.33333333333333,87.33333333333333,86.33333333333333,88.0,86.0,85.33333333333333,84.33333333333333,83.33333333333333,81.66666666666667,78.33333333333333,77.66666666666667,76.0,73.66666666666667,72.0,72.0,71.0,73.66666666666667,73.33333333333333,78.33333333333333
46,89.0,90.0,87.0,90.0,89.66666666666667,87.0,85.66666666666667,86.33333333333333,87.33333333333333,88.33333333333333,87.33333333333333,86.33333333333333,92.0,92.66666666666667,90.0,92.66666666666667,94.66666666666667,91.66666666666667,86.66666666666667,84.66666666666667,76.66666666666667,76.0,80.0,79.66666666666667
47,45.0,51.0,56.666666666666664,60.666666666666664,65.0,67.33333333333333,68.66666666666667,70.0,74.33333333333333,77.0,80.0,83.0,82.0,84.66666666666667,84.66666666666667,80.0,70.33333333333333,61.666666666666664,56.0,52.333333333333336,48.666666666666664,47.333333333333336,42.666666666666664,42.333333333333336
48,85.66666666666667,86.0,89.66666666666667,91.33333333333333,94.33333333333333,94.33333333333333,95.33333333333333,95.66666666666667,92.66666666666667,93.33333333333333,92.33333333333333,91.0,85.0,78.66666666666667,69.66666666666667,63.666666666666664,57.666666666666664,55.666666666666664,62.666666666666664,67.66666666666667,64.66666666666667,78.0,59.0,62.0
49,75.33333333333333,69.0,79.0,84.33333333333333,90.0,95.33333333333333,98.66666666666667,96.0,97.33333333333333,93.66666666666667,95.0,97.33333333333333,97.33333333333333,83.33333333333333,85.0,75.66666666666667,65.33333333333333,50.333333333333336,42.333333333333336,37.0,30.0,27.333333333333332,27.333333333333332,26.0
50,29.666666666666668,36.666666666666664,45.333333333333336,53.666666666666664,57.0,53.666666666666664,53.0,58.0,70.0,73.66666666666667,70.66666666666667,76.66666666666667,73.0,71.0,66.0,49.666666666666664,42.666666666666664,39.0,36.333333333333336,33.333333333333336,35.333333333333336,37.333333333333336,38.666666666666664,40.0
51,34.666666666666664,41.666666666666664,52.0,68.0,68.33333333333333,72.66666666666667,75.0,84.0,83.33333333333333,80.33333333333333,83.0,88.66666666666667,86.33333333333333,88.33333333333333,87.0,73.66666666666667,57.666666666666664,46.0,32.333333333333336,24.333333333333332,20.666666666666668,20.333333333333332,21.0,20.333333333333332
52,79.33333333333333,78.33333333333333,85.33333333333333,88.66666666666667,86.0,91.33333333333333,96.66666666666667,97.33333333333333,98.33333333333333,97.33333333333333,96.66666666666667,97.0,94.66666666666667,95.0,90.0,87.33333333333333,87.0,82.33333333333333,77.66666666666667,77.66666666666667,75.66666666666667,76.0,75.66666666666667,77.0
53,86.0,87.66666666666667,90.0,90.33333333333333,92.0,95.0,96.33333333333333,97.0,96.0,95.33333333333333,95.0,93.33333333333333,87.33333333333333,79.66666666666667,71.0,62.333333333333336,56.0,54.666666666666664,58.666666666666664,69.0,65.66666666666667,85.66666666666667,63.666666666666664,63.333333333333336
54,81.33333333333333,84.66666666666667,83.33333333333333,84.66666666666667,85.0,85.33333333333333,85.0,85.0,85.66666666666667,87.66666666666667,87.33333333333333,88.66666666666667,87.33333333333333,88.66666666666667,82.66666666666667,77.66666666666667,71.66666666666667,67.66666666666667,66.0,62.333333333333336,61.666666666666664,62.333333333333336,65.66666666666667,71.0
55,91.0,95.33333333333333,96.0,97.66666666666667,97.66666666666667,96.0,95.0,96.0,96.0,96.66666666666667,97.0,95.66666666666667,94.33333333333333,92.66666666666667,96.66666666666667,96.0,94.33333333333333,95.66666666666667,96.66666666666667,96.0,94.66666666666667,93.33333333333333,93.0,91.66666666666667
56,56.0,66.33333333333333,66.66666666666667,62.333333333333336,63.666666666666664,68.33333333333333,69.0,71.0,70.66666666666667,68.0,71.0,78.0,90.66666666666667,93.0,89.0,84.33333333333333,71.66666666666667,68.0,64.0,56.666666666666664,54.333333333333336,50.333333333333336,53.0,53.333333333333336
57,74.0,84.0,87.0,85.66666666666667,88.0,92.0,93.66666666666667,93.33333333333333,93.66666666666667,93.33333333333333,92.66666666666667,96.66666666666667,94.66666666666667,94.66666666666667,86.33333333333333,75.66666666666667,69.0,61.666666666666664,58.333333333333336,55.0,59.666666666666664,60.666666666666664,65.66666666666667,77.66666666666667
58,94.33333333333333,94.0,95.0,97.66666666666667,96.33333333333333,96.0,94.66666666666667,93.66666666666667,96.0,92.33333333333333,93.66666666666667,92.33333333333333,94.66666666666667,92.33333333333333,90.0,83.66666666666667,82.33333333333333,77.0,69.0,62.333333333333336,56.0,49.666666666666664,49.333333333333336,49.666666666666664
59,67.33333333333333,70.0,73.66666666666667,73.66666666666667,73.66666666666667,74.66666666666667,76.66666666666667,76.66666666666667,74.33333333333333,73.66666666666667,76.66666666666667,77.0,78.0,73.66666666666667,68.0,66.0,66.33333333333333,67.33333333333333,72.33333333333333,68.66666666666667,65.33333333333333,61.0,58.0,55.666666666666664
60,75.0,81.0,82.66666666666667,84.0,85.0,87.33333333333333,86.0,85.0,86.0,76.33333333333333,89.33333333333333,90.33333333333333,91.0,78.33333333333333,69.33333333333333,66.0,59.0,57.333333333333336,58.333333333333336,58.333333333333336,61.333333333333336,59.333333333333336,66.33333333333333,71.0
61,81.0,83.0,86.0,87.33333333333333,88.0,86.0,89.0,89.33333333333333,88.0,88.33333333333333,87.0,87.0,83.33333333333333,78.0,71.66666666666667,66.66666666666667,64.33333333333333,63.666666666666664,63.0,67.0,70.66666666666667,72.0,73.33333333333333,76.33333333333333
62,28.666666666666668,44.666666666666664,62.666666666666664,79.0,81.66666666666667,86.33333333333333,84.33333333333333,82.66666666666667,84.0,88.0,86.0,89.66666666666667,92.66666666666667,85.66666666666667,87.0,65.33333333333333,49.0,41.333333333333336,36.333333333333336,31.333333333333332,28.0,25.666666666666668,24.666666666666668,26.333333333333332
63,84.33333333333333,90.22222222222223,97.55555555555556,96.8888888888889,97.33333333333333,97.55555555555556,97.66666666666667,97.66666666666667,97.77777777777777,97.8888888888889,99.77777777777777,100.0,100.0,97.55555555555556,93.44444444444444,82.44444444444444,72.77777777777777,68.66666666666667,69.33333333333333,80.0,77.55555555555556,79.1111111111111,79.22222222222223,88.44444444444444
64,82.0,85.0,88.0,90.0,87.66666666666667,90.66666666666667,91.33333333333333,93.33333333333333,93.33333333333333,95.66666666666667,96.0,92.66666666666667,91.33333333333333,97.33333333333333,92.66666666666667,94.33333333333333,89.33333333333333,82.66666666666667,78.66666666666667,69.33333333333333,67.33333333333333,69.0,79.0,80.33333333333333
65,70.0,78.33333333333333,85.33333333333333,88.0,89.33333333333333,91.0,93.33333333333333,95.0,98.0,98.0,96.0,96.0,96.0,94.66666666666667,85.33333333333333,75.33333333333333,68.0,62.666666666666664,71.0,56.0,53.666666666666664,60.0,72.66666666666667,82.33333333333333
66,95.0,96.0,96.0,96.0,96.0,98.0,97.0,99.0,98.0,96.0,95.0,90.0,93.0,96.0,97.0,96.0,97.0,97.0,95.0,94.0,92.0,82.0,82.0,88.0
67,15.333333333333334,16.333333333333332,19.666666666666668,21.333333333333332,26.333333333333332,30.0,33.0,33.666666666666664,34.666666666666664,41.0,42.666666666666664,44.333333333333336,51.666666666666664,54.666666666666664,47.0,37.666666666666664,31.0,24.666666666666668,20.0,17.333333333333332,15.333333333333334,12.666666666666666,12.0,11.0
68,60.666666666666664,69.0,71.66666666666667,74.33333333333333,79.0,81.0,83.66666666666667,86.33333333333333,87.0,88.0,89.0,91.33333333333333,91.0,91.0,88.66666666666667,83.66666666666667,76.0,67.66666666666667,68.33333333333333,66.33333333333333,70.66666666666667,74.33333333333333,86.66666666666667,89.66666666666667
69,80.66666666666667,85.0,88.0,89.66666666666667,87.66666666666667,90.66666666666667,91.33333333333333,93.33333333333333,93.33333333333333,95.66666666666667,96.0,92.66666666666667,91.66666666666667,95.66666666666667,90.0,89.66666666666667,83.66666666666667,77.66666666666667,74.0,66.33333333333333,62.0,63.666666666666664,68.0,68.66666666666667
70,96.0,96.0,94.0,96.0,98.0,98.0,97.66666666666667,97.66666666666667,97.66666666666667,95.33333333333333,95.33333333333333,95.33333333333333,93.0,93.0,89.0,87.33333333333333,74.66666666666667,63.666666666666664,60.333333333333336,56.333333333333336,44.0,41.333333333333336,37.0,40.333333333333336
71,86.0,87.33333333333333,88.0,89.0,88.33333333333333,87.0,86.0,86.66666666666667,85.33333333333333,88.33333333333333,94.0,98.0,98.66666666666667,98.66666666666667,96.33333333333333,96.55555555555556,91.44444444444444,84.8888888888889,72.33333333333333,68.66666666666667,67.0,67.33333333333333,87.0,91.0
72,77.0,75.66666666666667,78.0,83.66666666666667,88.66666666666667,89.0,90.33333333333333,91.33333333333333,91.33333333333333,90.33333333333333,90.33333333333333,87.0,83.33333333333333,77.0,67.0,62.333333333333336,57.0,48.0,50.666666666666664,63.333333333333336,65.0,68.0,56.0,57.333333333333336
73,28.0,29.666666666666668,34.666666666666664,47.0,49.666666666666664,52.333333333333336,59.666666666666664,64.0,66.66666666666667,67.66666666666667,71.33333333333333,72.66666666666667,74.0,75.66666666666667,77.0,69.33333333333333,52.333333333333336,46.666666666666664,39.666666666666664,37.0,33.333333333333336,30.666666666666668,28.333333333333332,29.0
74,81.33333333333333,91.33333333333333,93.33333333333333,94.66666666666667,94.33333333333333,95.33333333333333,95.66666666666667,96.33333333333333,96.66666666666667,97.0,97.66666666666667,98.0,97.66666666666667,96.33333333333333,91.33333333333333,80.0,71.33333333333333,64.33333333333333,59.0,64.66666666666667,66.33333333333333,69.33333333333333,73.33333333333333,84.66666666666667
75,85.0,88.66666666666667,92.33333333333333,92.0,95.0,94.0,94.66666666666667,95.33333333333333,90.0,89.66666666666667,85.66666666666667,83.66666666666667,80.33333333333333,76.33333333333333,68.66666666666667,63.666666666666664,59.333333333333336,55.666666666666664,58.0,59.666666666666664,59.333333333333336,58.666666666666664,57.333333333333336,55.333333333333336
76,64.33333333333333,71.33333333333333,76.0,79.33333333333333,82.0,82.66666666666667,84.66666666666667,86.0,86.0,87.33333333333333,88.0,89.66666666666667,85.66666666666667,79.33333333333333,66.66666666666667,60.333333333333336,56.333333333333336,53.0,48.0,50.333333333333336,53.666666666666664,68.33333333333333,77.0,77.33333333333333
77,14.0,16.333333333333332,17.0,22.0,26.0,31.333333333333332,32.666666666666664,30.666666666666668,34.666666666666664,31.666666666666668,36.333333333333336,38.0,47.333333333333336,46.333333333333336,37.333333333333336,27.333333333333332,22.666666666666668,19.333333333333332,17.666666666666668,14.333333333333334,13.333333333333334,14.0,13.666666666666666,10.333333333333334
78,84.33333333333333,84.0,86.33333333333333,86.66666666666667,85.0,85.0,84.66666666666667,85.66666666666667,88.33333333333333,91.33333333333333,98.33333333333333,99.33333333333333,97.33333333333333,98.0,96.0,98.0,90.33333333333333,78.0,70.0,67.0,65.33333333333333,65.66666666666667,75.66666666666667,83.33333333333333
79,27.666666666666668,27.333333333333332,45.0,46.333333333333336,52.666666666666664,57.0,64.33333333333333,68.0,71.0,61.666666666666664,56.666666666666664,59.666666666666664,66.66666666666667,69.66666666666667,66.33333333333333,64.66666666666667,59.333333333333336,53.0,45.333333333333336,39.0,37.0,42.666666666666664,41.0,40.0
80,30.333333333333332,42.666666666666664,65.66666666666667,67.66666666666667,74.66666666666667,76.66666666666667,81.33333333333333,81.33333333333333,85.0,73.0,60.0,63.666666666666664,69.33333333333333,72.66666666666667,73.33333333333333,78.0,76.33333333333333,66.66666666666667,61.333333333333336,55.0,54.0,60.0,62.333333333333336,60.666666666666664
81,56.0,62.333333333333336,67.33333333333333,74.0,76.0,78.33333333333333,78.33333333333333,81.0,84.0,82.66666666666667,86.0,88.0,88.0,89.33333333333333,87.0,87.0,76.0,66.0,57.666666666666664,53.333333333333336,50.333333333333336,48.333333333333336,47.333333333333336,46.333333333333336
82,24.0,26.0,28.0,30.0,34.0,34.0,38.0,41.0,44.0,41.0,45.0,48.0,42.0,46.0,47.0,43.0,35.0,36.0,29.0,14.0,14.0,14.0,14.0,16.0
83,76.0,78.0,83.0,89.0,89.0,91.33333333333333,89.0,89.0,93.33333333333333,89.0,96.0,94.0,94.0,94.0,94.0,94.0,96.0,96.0,96.0,95.0,83.0,86.66666666666667,86.33333333333333,89.33333333333333
84,78.33333333333333,82.33333333333333,79.66666666666667,81.66666666666667,82.0,82.66666666666667,82.33333333333333,81.66666666666667,82.33333333333333,83.0,82.66666666666667,83.66666666666667,82.66666666666667,85.0,80.33333333333333,76.0,73.0,68.66666666666667,68.66666666666667,65.33333333333333,64.33333333333333,62.666666666666664,65.33333333333333,71.33333333333333
85,26.666666666666668,27.333333333333332,34.333333333333336,43.0,47.666666666666664,51.333333333333336,54.666666666666664,58.333333333333336,60.666666666666664,63.666666666666664,67.33333333333333,73.33333333333333,74.66666666666667,77.0,75.33333333333333,70.0,57.0,49.333333333333336,43.333333333333336,36.666666666666664,32.0,31.0,30.0,28.666666666666668
86,63.0,71.33333333333333,71.66666666666667,72.66666666666667,73.33333333333333,70.0,73.33333333333333,78.0,73.33333333333333,81.66666666666667,91.33333333333333,92.0,92.66666666666667,91.66666666666667,100.0,98.0,96.0,94.66666666666667,95.0,94.0,94.66666666666667,96.0,96.0,96.66666666666667
87,62.666666666666664,64.33333333333333,69.66666666666667,72.66666666666667,78.0,81.33333333333333,82.0,84.33333333333333,82.66666666666667,84.66666666666667,82.33333333333333,81.66666666666667,83.33333333333333,77.0,71.0,65.0,63.333333333333336,61.333333333333336,62.666666666666664,74.33333333333333,72.33333333333333,69.0,69.66666666666667,74.0
88,67.0,75.33333333333333,75.0,77.66666666666667,79.0,82.0,83.33333333333333,84.66666666666667,87.33333333333333,86.66666666666667,90.66666666666667,89.66666666666667,90.0,86.33333333333333,79.0,72.0,63.333333333333336,59.0,56.333333333333336,53.0,59.333333333333336,61.0,60.0,66.0
89,80.66666666666667,84.33333333333333,87.0,86.66666666666667,86.33333333333333,79.66666666666667,88.66666666666667,93.33333333333333,95.66666666666667,97.33333333333333,96.33333333333333,96.33333333333333,94.66666666666667,81.33333333333333,72.66666666666667,71.66666666666667,65.33333333333333,63.666666666666664,60.333333333333336,60.666666666666664,62.666666666666664,63.333333333333336,67.33333333333333,77.66666666666667
90,30.333333333333332,42.666666666666664,65.66666666666667,67.66666666666667,74.66666666666667,76.66666666666667,81.33333333333333,81.33333333333333,85.0,73.0,60.0,63.666666666666664,69.33333333333333,72.66666666666667,73.33333333333333,78.0,76.33333333333333,66.66666666666667,61.333333333333336,55.0,54.0,60.0,62.333333333333336,60.666666666666664
91,71.66666666666667,77.33333333333333,79.0,80.33333333333333,81.0,83.66666666666667,84.66666666666667,86.66666666666667,87.0,87.66666666666667,89.66666666666667,89.0,89.0,84.33333333333333,74.66666666666667,71.44444444444444,67.44444444444444,61.333333333333336,61.0,66.0,62.0,64.0,66.55555555555556,66.33333333333333
92,57.666666666666664,63.666666666666664,67.66666666666667,81.66666666666667,83.66666666666667,89.33333333333333,91.66666666666667,93.33333333333333,95.66666666666667,95.66666666666667,96.33333333333333,97.0,96.0,95.33333333333333,95.66666666666667,88.33333333333333,79.0,76.33333333333333,77.33333333333333,83.33333333333333,81.66666666666667,88.33333333333333,95.0,93.33333333333333
93,83.44444444444444,88.22222222222223,90.66666666666667,93.33333333333333,94.33333333333333,95.55555555555556,95.1111111111111,96.66666666666667,97.33333333333333,97.44444444444444,94.8888888888889,91.1111111111111,90.22222222222223,90.0,95.0,95.55555555555556,94.77777777777777,97.33333333333333,96.8888888888889,97.55555555555556,97.33333333333333,95.44444444444444,94.33333333333333,91.1111111111111
94,27.666666666666668,36.333333333333336,45.0,42.333333333333336,52.333333333333336,49.333333333333336,53.0,51.666666666666664,56.666666666666664,58.666666666666664,62.0,63.333333333333336,64.66666666666667,66.0,63.0,49.0,42.0,42.333333333333336,36.666666666666664,31.666666666666668,31.0,23.666666666666668,22.333333333333332,24.666666666666668
95,95.66666666666667,83.0,87.0,91.8888888888889,83.66666666666667,85.0,85.44444444444444,87.33333333333333,88.66666666666667,87.0,87.0,85.0,82.77777777777777,83.66666666666667,80.33333333333333,70.77777777777777,72.0,68.33333333333333,68.0,57.333333333333336,55.333333333333336,60.22222222222222,53.666666666666664,55.333333333333336
96,89.0,91.66666666666667,92.33333333333333,94.0,91.33333333333333,89.0,86.33333333333333,83.66666666666667,84.66666666666667,92.66666666666667,97.33333333333333,98.66666666666667,97.33333333333333,99.33333333333333,99.0,99.0,96.33333333333333,93.66666666666667,85.0,78.33333333333333,78.66666666666667,82.33333333333333,95.66666666666667,86.66666666666667
97,29.222222222222225,35.55555555555555,43.44444444444445,52.888888888888886,55.0,50.55555555555555,49.0,60.0,74.66666666666667,78.0,79.66666666666667,80.8888888888889,76.0,73.33333333333333,68.0,48.888888888888886,41.55555555555555,34.333333333333336,31.666666666666668,30.0,33.666666666666664,36.0,38.666666666666664,41.333333333333336
98,86.0,86.0,88.0,89.33333333333333,90.33333333333333,88.0,87.33333333333333,89.66666666666667,88.0,88.0,82.0,83.33333333333333,88.66666666666667,93.33333333333333,88.66666666666667,89.0,90.33333333333333,87.0,86.66666666666667,86.66666666666667,84.66666666666667,83.66666666666667,82.33333333333333,81.33333333333333
99,12.0,12.0,18.0,23.0,25.0,26.0,34.0,34.0,32.0,38.0,49.0,46.0,46.0,44.0,44.0,30.0,24.0,20.0,16.0,15.0,13.0,12.0,11.0,10.0
100,86.66666666666667,89.66666666666667,90.66666666666667,93.0,92.0,92.0,92.66666666666667,95.33333333333333,94.33333333333333,93.0,95.33333333333333,94.0,95.33333333333333,94.0,92.0,90.0,89.33333333333333,88.33333333333333,87.66666666666667,87.66666666666667,84.0,83.0,85.0,86.0
101,70.0,72.0,77.0,78.0,81.0,82.0,83.0,84.0,83.0,92.0,97.0,97.0,97.0,97.0,98.0,92.0,83.0,73.0,70.0,66.0,65.0,66.0,94.0,88.0
102,89.66666666666667,93.66666666666667,96.33333333333333,98.33333333333333,97.33333333333333,97.66666666666667,98.0,96.66666666666667,98.33333333333333,97.0,96.33333333333333,91.33333333333333,87.66666666666667,88.66666666666667,94.66666666666667,95.66666666666667,96.66666666666667,98.33333333333333,99.0,99.0,99.0,97.0,98.0,95.33333333333333
103,80.0,79.0,82.0,85.0,89.0,94.0,95.0,94.0,96.0,77.0,76.0,77.0,79.0,76.0,76.0,65.0,58.0,53.0,52.0,50.0,52.0,52.0,48.0,63.0
104,86.0,86.0,83.0,84.0,83.0,91.0,95.0,92.0,93.0,93.0,93.0,94.0,92.0,87.0,73.0,67.0,67.0,74.0,71.0,72.0,67.0,67.0,68.0,62.0
105,80.0,80.66666666666667,79.0,81.66666666666667,81.66666666666667,78.66666666666667,79.66666666666667,81.33333333333333,82.66666666666667,85.33333333333333,85.66666666666667,89.33333333333333,94.33333333333333,94.33333333333333,93.33333333333333,94.66666666666667,95.66666666666667,91.0,86.0,81.66666666666667,77.0,77.0,80.0,81.0
106,69.0,71.0,75.0,81.0,80.0,78.0,82.0,78.0,84.0,77.0,89.0,92.0,90.0,91.0,88.0,93.0,92.0,90.0,86.0,84.0,80.0,76.0,78.0,80.0
107,92.0,94.0,95.0,97.0,98.0,97.0,98.0,98.0,99.0,98.0,99.0,99.0,99.0,99.0,98.0,97.0,97.0,97.0,98.0,98.0,97.0,98.0,99.0,99.0
108,97.0,97.0,98.0,97.0,96.0,97.0,98.0,98.0,96.0,96.0,94.0,91.0,91.0,90.0,87.0,82.0,73.0,77.0,82.0,72.0,74.0,81.0,74.0,79.0
109,74.0,76.0,80.0,83.0,83.0,84.0,85.0,86.0,79.0,78.0,76.0,76.0,75.0,74.0,74.0,73.0,74.0,76.0,72.0,82.0,72.0,67.0,70.0,66.0
110,83.0,83.0,86.33333333333333,89.66666666666667,92.33333333333333,94.66666666666667,95.33333333333333,92.66666666666667,90.66666666666667,78.66666666666667,76.66666666666667,83.0,78.0,78.0,78.0,70.0,62.0,52.0,52.0,52.0,55.0,55.0,52.0,74.0
111,91.0,92.0,92.0,93.0,93.0,96.0,97.0,93.0,96.0,88.0,87.0,89.0,85.0,83.0,79.0,65.0,62.0,57.0,54.0,56.0,57.0,57.0,66.0,59.0
112,78.0,78.0,88.0,83.0,83.0,88.0,88.0,88.0,88.0,94.0,94.0,94.0,89.0,83.0,83.0,83.0,79.0,74.0,70.0,62.0,66.0,79.0,65.0,58.0
113,93.66666666666667,91.0,90.0,90.66666666666667,91.0,92.33333333333333,90.66666666666667,91.33333333333333,89.0,89.66666666666667,87.66666666666667,89.0,90.66666666666667,85.66666666666667,82.66666666666667,83.66666666666667,72.33333333333333,72.0,68.33333333333333,67.0,66.66666666666667,66.0,66.33333333333333,71.33333333333333
114,82.0,72.0,76.0,87.0,89.0,89.0,90.0,91.0,90.0,84.0,84.0,78.0,76.0,70.0,63.0,59.0,57.0,47.0,53.0,60.0,71.0,56.0,57.0,64.0
115,48.0,95.66666666666667,95.66666666666667,70.0,96.0,96.0,73.0,96.0,96.33333333333333,86.0,99.66666666666667,98.66666666666667,93.0,99.0,94.66666666666667,82.0,81.33333333333333,77.33333333333333,77.0,90.0,81.33333333333333,50.0,63.333333333333336,70.33333333333333
116,81.33333333333333,78.33333333333333,78.66666666666667,83.33333333333333,87.0,89.33333333333333,91.33333333333333,91.33333333333333,91.66666666666667,90.33333333333333,90.33333333333333,87.66666666666667,86.0,80.33333333333333,69.66666666666667,65.33333333333333,61.0,57.666666666666664,57.666666666666664,66.0,67.66666666666667,64.33333333333333,58.666666666666664,60.666666666666664
117,54.0,58.0,72.0,81.0,78.0,82.0,88.0,88.0,90.0,91.0,91.0,84.0,93.0,93.0,93.0,86.0,79.0,73.0,62.0,54.0,49.0,46.0,46.0,54.0
118,92.33333333333333,90.66666666666667,91.66666666666667,94.66666666666667,96.0,95.33333333333333,94.66666666666667,91.33333333333333,94.33333333333333,97.66666666666667,95.0,94.66666666666667,93.33333333333333,93.0,91.33333333333333,85.33333333333333,77.33333333333333,76.66666666666667,72.0,68.33333333333333,68.66666666666667,69.33333333333333,69.0,78.33333333333333
119,75.0,70.0,72.0,72.0,85.0,86.0,88.0,88.0,90.0,91.0,90.0,88.0,87.0,84.0,81.0,78.0,71.0,66.0,65.0,78.0,75.0,74.0,62.0,58.0
120,82.0,87.33333333333333,84.33333333333333,86.33333333333333,95.33333333333333,94.66666666666667,89.0,93.0,97.33333333333333,93.66666666666667,95.33333333333333,90.0,82.66666666666667,77.0,73.66666666666667,72.66666666666667,81.33333333333333,77.66666666666667,73.0,74.66666666666667,71.66666666666667,73.66666666666667,64.66666666666667,61.0
121,83.0,82.66666666666667,89.66666666666667,93.0,91.66666666666667,92.33333333333333,94.66666666666667,96.33333333333333,97.0,96.33333333333333,96.33333333333333,96.66666666666667,96.0,97.0,93.66666666666667,88.33333333333333,86.66666666666667,82.33333333333333,77.66666666666667,78.0,77.0,77.66666666666667,77.0,81.0
122,70.0,91.0,85.66666666666667,81.0,95.66666666666667,95.33333333333333,81.0,94.33333333333333,97.0,87.0,95.0,92.0,92.0,82.33333333333333,80.33333333333333,86.0,82.0,82.0,75.0,74.33333333333333,73.66666666666667,85.0,65.33333333333333,67.0
123,99.0,97.0,97.0,99.0,97.0,98.0,97.0,100.0,100.0,100.0,100.0,100.0,100.0,100.0,98.0,91.0,70.0,65.0,66.0,65.0,95.0,96.0,91.0,89.0
124,73.0,76.0,78.0,86.0,88.0,88.0,89.0,90.0,91.0,91.0,89.0,90.0,87.0,80.0,72.0,58.0,52.0,43.0,41.0,86.0,73.0,83.0,63.0,56.0
125,84.0,86.0,88.0,88.0,88.0,91.0,92.0,95.0,95.0,94.0,89.0,87.0,84.0,80.0,72.0,63.0,57.0,52.0,49.0,53.0,58.0,55.0,66.0,60.0
126,89.0,89.0,85.0,88.0,85.0,85.0,81.0,82.0,81.0,80.0,77.0,79.0,78.0,77.0,72.0,67.0,60.0,61.0,62.0,68.0,56.0,54.0,48.0,50.0
127,78.0,79.0,80.0,84.0,83.0,83.0,84.0,87.0,87.0,94.0,96.0,96.0,94.0,94.0,94.0,93.0,90.0,80.0,75.0,68.0,65.0,66.0,66.0,86.0
128,97.0,87.0,82.0,87.0,88.0,89.0,89.0,89.0,88.0,87.0,89.0,78.0,77.0,74.0,71.0,69.0,66.0,65.0,72.0,71.0,70.0,74.0,70.0,61.0
129,95.0,95.0,94.0,92.0,86.0,85.0,82.0,84.0,86.0,85.0,81.0,82.0,81.0,78.0,72.0,68.0,65.0,63.0,66.0,58.0,59.0,59.0,58.0,52.0
130,76.0,77.0,77.0,79.0,89.0,88.0,89.0,91.0,92.0,94.0,94.0,91.0,90.0,84.0,73.0,70.0,59.0,52.0,49.0,66.0,65.0,70.0,51.0,56.0
131,98.0,99.0,99.0,98.0,98.0,99.0,99.0,99.0,99.0,99.0,99.0,99.0,96.0,97.0,97.0,98.0,99.0,99.0,99.0,99.0,99.0,99.0,100.0,100.0
132,89.0,93.0,93.0,95.0,95.0,97.0,97.0,98.0,99.0,99.0,99.0,99.0,99.0,96.0,97.0,97.0,96.0,96.0,94.0,95.0,93.0,93.0,93.0,90.0
133,84.0,83.0,86.0,89.0,90.0,93.0,95.0,95.0,94.0,95.0,94.0,92.0,85.0,77.0,69.0,62.0,53.0,51.0,56.0,71.0,65.0,86.0,65.0,62.0
134,87.0,87.0,89.0,91.0,93.0,96.0,97.0,98.0,96.0,95.0,95.0,93.0,87.0,81.0,70.0,63.0,58.0,58.0,62.0,70.0,67.0,83.0,61.0,67.0
135,84.0,84.66666666666667,86.66666666666667,86.0,84.33333333333333,85.0,86.33333333333333,87.33333333333333,89.33333333333333,90.66666666666667,97.66666666666667,98.66666666666667,97.0,97.33333333333333,95.0,96.33333333333333,86.33333333333333,73.33333333333333,68.0,65.0,63.0,63.0,65.66666666666667,72.66666666666667
136,85.0,91.0,92.0,94.0,95.0,95.0,96.0,97.0,96.0,96.0,95.0,94.0,94.0,96.0,97.0,96.0,96.0,96.0,96.0,95.0,96.0,92.0,86.0,89.0
137,88.0,90.0,83.0,86.0,83.0,81.0,81.0,83.0,85.0,88.0,87.0,89.0,94.0,93.0,93.0,95.0,95.0,90.0,84.0,81.0,77.0,76.0,81.0,81.0
138,83.0,76.0,77.0,76.0,79.0,81.0,82.0,85.0,85.0,87.0,87.0,89.0,91.0,92.0,91.0,94.0,93.0,85.0,78.0,79.0,76.0,76.0,80.0,80.0
139,88.0,87.0,88.0,82.0,83.0,82.0,84.0,85.0,86.0,85.0,85.0,84.0,88.0,85.0,95.0,95.0,94.0,90.0,86.0,84.0,81.0,78.0,80.0,81.0
140,92.0,93.0,92.0,94.0,97.0,96.0,94.0,93.0,81.0,81.0,87.0,96.0,100.0,99.0,98.0,95.66666666666667,97.33333333333333,97.66666666666667,95.33333333333333,94.33333333333333,80.33333333333333,79.66666666666667,79.66666666666667,85.0
141,88.0,71.0,73.0,72.0,71.0,73.0,73.0,78.0,82.0,85.0,88.0,95.0,93.0,95.0,93.0,95.0,94.0,88.0,86.0,66.0,65.0,64.0,66.0,66.0
142,92.0,94.0,96.0,98.0,99.0,99.0,99.0,99.0,99.0,100.0,99.0,93.0,98.0,98.0,95.0,95.0,88.0,94.0,96.0,96.0,95.0,95.0,95.0,94.0
143,90.0,93.0,95.0,95.0,96.0,97.0,99.0,99.0,99.0,99.0,99.0,99.0,99.0,96.0,97.0,97.0,97.0,96.0,97.0,98.0,98.0,98.0,98.0,99.0
144,96.0,94.0,97.0,98.0,97.0,94.0,91.0,89.0,85.0,88.0,86.0,88.0,90.0,92.0,96.0,97.0,98.0,100.0,100.0,99.0,100.0,100.0,100.0,98.0
145,98.0,100.0,100.0,100.0,100.0,100.0,100.0,100.0,100.0,98.0,96.0,93.0,92.0,99.0,100.0,100.0,100.0,100.0,100.0,100.0,98.0,96.0,94.0,95.0
146,91.0,96.0,97.0,97.0,96.0,94.0,91.0,85.0,86.0,94.0,100.0,100.0,100.0,100.0,100.0,100.0,100.0,100.0,93.0,85.0,82.0,86.0,97.0,97.0
147,76.0,82.0,87.0,90.0,93.0,94.0,92.0,95.0,96.0,96.0,92.0,86.0,86.0,87.0,94.0,95.0,93.0,98.0,98.0,99.0,100.0,97.0,94.0,91.0
148,82.0,82.0,81.66666666666667,83.0,84.0,83.66666666666667,83.66666666666667,85.33333333333333,86.0,93.33333333333333,97.0,100.0,94.0,100.0,100.0,100.0,94.0,89.0,74.0,70.0,66.0,70.0,100.0,88.0
149,95.33333333333333,95.66666666666667,97.0,97.66666666666667,97.66666666666667,96.66666666666667,96.0,95.33333333333333,94.33333333333333,95.0,94.66666666666667,95.33333333333333,95.0,96.0,97.0,97.33333333333333,98.0,98.66666666666667,99.0,98.66666666666667,98.66666666666667,99.0,99.66666666666667,99.0
150,76.0,77.0,80.0,83.0,85.0,88.0,90.0,95.0,95.0,93.0,91.0,90.0,90.0,88.0,87.0,89.0,89.0,84.0,84.0,80.0,80.0,83.0,74.0,76.0
151,75.0,77.0,79.0,79.0,80.0,81.0,87.0,92.0,94.0,96.0,95.0,95.0,95.0,86.0,84.0,84.0,81.0,80.0,79.0,76.0,78.0,75.0,82.0,78.0
152,83.0,85.0,85.0,87.0,88.0,90.0,91.0,93.0,92.0,79.0,76.0,76.0,75.0,74.0,76.0,67.0,62.0,58.0,56.0,53.0,60.0,60.0,69.0,79.0
153,99.0,99.0,99.0,99.0,99.0,99.0,98.0,98.0,98.0,96.0,94.0,96.0,96.0,96.0,90.0,83.0,85.0,94.0,90.0,90.0,87.0,85.0,85.0,86.0
154,74.0,77.0,78.66666666666667,83.33333333333333,88.33333333333333,88.66666666666667,90.0,91.0,91.66666666666667,92.66666666666667,92.0,91.0,87.0,80.33333333333333,70.0,62.0,55.333333333333336,46.666666666666664,46.666666666666664,72.0,65.66666666666667,77.0,58.0,54.666666666666664
155,83.0,83.0,85.0,82.0,84.0,85.0,87.0,86.0,84.0,81.0,78.0,78.0,76.0,74.0,71.0,62.0,57.0,54.0,50.0,51.0,53.0,56.0,64.0,56.0
156,80.0,82.0,79.0,77.0,79.0,93.0,87.0,88.0,90.0,92.0,93.0,94.0,85.0,81.0,77.0,73.0,70.0,77.0,74.0,72.0,73.0,72.0,72.0,66.0
157,92.0,96.0,86.0,93.0,95.0,96.0,95.0,95.0,96.0,96.0,94.0,93.0,90.0,87.0,86.0,82.0,83.0,87.0,81.0,73.0,76.0,73.0,66.0,76.0
158,89.0,85.0,84.0,82.0,81.0,80.0,87.0,90.0,92.0,90.0,88.0,91.0,86.0,87.0,79.0,75.0,78.0,81.0,63.0,63.0,54.0,58.0,60.0,60.0
159,90.0,89.0,87.0,89.0,90.0,92.0,87.0,90.0,83.0,87.0,89.0,91.0,89.0,86.0,86.0,82.0,76.0,71.0,72.0,64.0,66.0,68.0,68.0,71.0
160,79.0,80.0,88.0,90.0,84.0,77.0,75.0,78.0,78.0,77.0,78.0,78.0,80.0,78.0,76.0,76.0,73.0,72.0,71.0,72.0,68.0,73.0,77.0,80.0
161,82.0,85.0,86.0,87.0,78.0,76.0,77.0,77.0,80.0,78.0,78.0,80.0,79.0,78.0,78.0,76.0,75.0,71.0,72.0,68.0,72.0,74.0,77.0,73.0
162,96.0,92.66666666666667,90.33333333333333,90.66666666666667,87.0,87.33333333333333,86.33333333333333,87.66666666666667,88.0,87.0,86.33333333333333,83.0,81.33333333333333,77.33333333333333,73.0,70.33333333333333,67.66666666666667,65.66666666666667,69.0,63.0,62.333333333333336,63.666666666666664,61.666666666666664,57.666666666666664
163,91.66666666666667,85.0,82.0,86.33333333333333,84.0,84.33333333333333,84.66666666666667,85.0,82.33333333333333,80.33333333333333,81.33333333333333,78.33333333333333,76.33333333333333,75.0,71.0,67.33333333333333,59.333333333333336,58.333333333333336,61.0,63.666666666666664,61.333333333333336,62.0,58.666666666666664,56.333333333333336
164,93.0,96.0,98.0,99.0,99.0,91.0,89.0,90.0,89.0,91.0,92.0,92.0,92.0,93.0,96.0,96.0,97.0,97.0,97.0,97.0,96.0,94.0,93.0,92.0
165,70.0,71.0,74.0,77.0,79.0,83.0,84.0,83.0,83.0,83.0,83.0,84.0,84.0,77.0,76.0,70.0,62.0,53.0,54.0,49.0,48.0,51.0,61.0,53.0
166,87.0,83.0,85.0,91.0,92.0,85.0,87.0,85.0,85.0,87.0,87.0,89.0,95.0,96.0,93.0,94.0,97.0,92.0,89.0,83.0,78.0,78.0,79.0,81.0
167,83.66666666666667,87.66666666666667,89.66666666666667,89.66666666666667,87.66666666666667,88.0,89.0,89.66666666666667,87.33333333333333,85.66666666666667,82.33333333333333,81.0,79.0,76.33333333333333,71.33333333333333,67.0,63.666666666666664,60.0,58.666666666666664,61.666666666666664,62.666666666666664,61.666666666666664,66.0,60.666666666666664
168,73.0,78.0,81.0,85.0,88.0,90.0,92.0,92.0,92.0,93.0,93.0,92.0,84.0,77.0,65.0,58.0,55.0,45.0,50.0,64.0,59.0,78.0,60.0,52.0
169,93.0,94.0,94.0,96.0,94.0,88.0,89.0,88.0,88.0,88.0,83.0,83.0,80.0,78.0,70.0,62.0,58.0,62.0,65.0,66.0,62.0,46.0,42.0,47.0
170,83.0,88.0,91.0,90.0,92.0,93.0,94.0,96.0,85.0,82.0,80.0,79.0,79.0,77.0,69.0,66.0,62.0,57.0,55.0,61.0,61.0,54.0,58.0,56.0
171,85.33333333333333,89.66666666666667,92.0,95.0,95.0,95.66666666666667,96.33333333333333,97.0,97.0,97.33333333333333,93.66666666666667,88.33333333333333,85.66666666666667,87.0,94.0,94.66666666666667,95.33333333333333,98.0,98.66666666666667,98.66666666666667,99.0,96.33333333333333,96.0,92.33333333333333
172,90.0,91.0,90.0,90.0,90.0,89.0,89.0,91.0,93.0,91.0,93.0,94.0,93.0,93.0,91.0,83.0,73.0,67.0,79.0,80.0,68.0,63.0,63.0,62.0
173,97.0,97.0,98.0,98.0,98.0,99.0,98.0,99.0,99.0,99.0,99.0,99.0,99.0,99.0,97.0,96.0,94.0,94.0,93.0,94.0,90.0,89.0,92.0,94.0
174,87.0,86.33333333333333,88.0,90.33333333333333,89.66666666666667,90.66666666666667,93.0,93.0,93.0,89.66666666666667,89.33333333333333,88.0,87.66666666666667,87.33333333333333,83.33333333333333,72.33333333333333,63.666666666666664,53.333333333333336,48.666666666666664,45.666666666666664,36.333333333333336,34.333333333333336,31.0,31.0
175,89.0,94.0,94.0,97.0,100.0,100.0,96.0,100.0,100.0,96.0,94.0,88.0,86.0,88.0,94.0,87.0,88.0,94.0,93.0,94.0,88.0,87.0,88.0,88.0
176,92.0,92.0,94.0,97.0,97.0,97.0,97.0,96.0,96.0,96.0,88.0,85.0,82.0,89.0,88.0,88.0,90.0,93.0,93.0,87.0,84.0,82.0,82.0,83.0
177,65.0,69.0,69.0,68.0,70.0,70.0,71.0,76.0,78.0,81.0,83.0,90.0,94.0,94.0,94.0,95.0,95.0,91.0,85.0,81.0,76.0,77.0,80.0,81.0
178,86.0,85.0,89.0,88.0,87.0,89.0,91.0,93.0,94.0,91.0,90.0,92.0,94.0,94.0,94.0,96.0,93.0,84.0,82.0,81.0,76.0,77.0,79.0,80.0
179,97.0,98.0,94.33333333333333,95.0,99.0,98.0,98.0,98.0,97.0,92.0,90.0,90.0,84.0,92.0,93.0,94.0,94.0,93.0,93.0,89.0,84.0,81.0,83.0,84.0
180,92.33333333333333,93.33333333333333,92.0,96.33333333333333,97.33333333333333,97.66666666666667,98.0,95.33333333333333,94.33333333333333,94.0,89.0,87.33333333333333,87.0,90.0,90.0,92.66666666666667,95.0,94.66666666666667,95.0,91.66666666666667,89.33333333333333,88.33333333333333,89.0,89.0
181,77.0,77.0,88.0,94.0,85.0,87.0,89.0,89.0,89.0,89.0,94.0,100.0,94.0,100.0,94.0,94.0,94.0,83.0,83.0,83.0,83.0,83.0,83.0,83.0
182,76.0,73.0,76.0,78.0,82.0,89.0,96.0,96.0,97.0,100.0,96.0,95.0,92.0,89.0,84.0,82.0,79.0,73.0,69.0,65.0,63.0,60.0,62.0,63.0
183,86.0,88.0,94.0,94.0,100.0,94.0,94.0,94.0,88.0,90.0,88.0,88.0,83.0,78.0,70.0,66.0,62.0,58.0,70.0,62.0,62.0,65.0,51.0,57.0
184,73.0,75.0,78.0,82.0,85.0,87.0,89.0,89.0,90.0,91.0,90.0,91.0,87.0,77.0,70.0,61.0,52.0,47.0,45.0,50.0,54.0,59.0,75.0,60.0
185,84.0,88.0,88.0,84.0,82.0,88.0,86.0,88.0,94.0,99.0,100.0,100.0,100.0,100.0,100.0,97.0,84.0,79.0,66.0,70.0,84.0,72.0,69.0,61.0
186,64.0,67.0,70.0,68.0,68.0,69.0,71.0,77.0,82.0,82.0,84.0,92.0,92.0,94.0,93.0,95.0,94.0,88.0,84.0,80.0,76.0,76.0,78.0,75.0
187,82.0,81.0,83.0,83.0,85.0,86.0,86.0,88.0,87.0,95.0,97.0,97.0,97.0,97.0,95.0,93.0,85.0,78.0,74.0,70.0,65.0,67.0,81.0,94.0
188,81.0,82.0,77.0,79.0,88.0,100.0,96.0,100.0,100.0,100.0,100.0,100.0,96.0,88.0,89.0,77.0,74.0,70.0,64.0,62.0,62.0,63.0,88.0,74.0
189,94.0,94.0,94.0,94.0,94.0,94.0,100.0,100.0,94.0,94.0,100.0,100.0,94.0,94.0,83.0,70.0,66.0,66.0,70.0,65.0,88.0,74.0,65.0,68.0
190,81.0,82.0,82.0,86.0,88.0,91.0,91.0,90.0,90.0,90.0,90.0,84.0,79.0,77.0,67.0,60.0,55.0,66.0,60.0,62.0,88.0,65.0,61.0,57.0
191,85.0,87.33333333333333,85.66666666666667,86.0,86.0,93.66666666666667,93.0,91.66666666666667,93.33333333333333,94.33333333333333,95.0,95.66666666666667,92.0,88.66666666666667,82.33333333333333,76.66666666666667,73.0,79.33333333333333,72.66666666666667,69.66666666666667,65.66666666666667,72.66666666666667,70.0,62.666666666666664
192,88.0,85.0,82.0,89.0,94.0,94.0,93.0,91.0,97.0,97.0,95.0,87.0,78.0,71.0,66.0,66.0,81.0,74.0,72.0,74.0,70.0,68.0,64.0,58.0
193,88.0,94.0,94.0,94.0,94.0,94.0,94.0,89.0,89.0,89.0,83.0,83.0,83.0,79.0,70.0,66.0,62.0,62.0,62.0,74.0,61.0,58.0,48.0,41.0
194,77.0,77.0,77.0,82.0,88.0,88.0,94.0,94.0,100.0,100.0,94.0,94.0,94.0,83.0,74.0,66.0,55.0,52.0,49.0,49.0,55.0,55.0,78.0,61.0
195,77.0,76.0,76.0,78.0,80.0,95.0,96.0,97.0,97.0,98.0,98.0,98.0,97.0,91.0,81.0,75.0,69.0,64.0,58.0,55.0,58.0,89.0,94.0,78.0
196,89.33333333333333,92.66666666666667,92.66666666666667,94.0,96.0,97.0,94.33333333333333,95.0,97.66666666666667,97.66666666666667,97.66666666666667,96.33333333333333,95.0,91.0,92.0,91.33333333333333,91.33333333333333,92.33333333333333,93.33333333333333,93.0,92.0,91.33333333333333,93.33333333333333,90.33333333333333
197,93.0,93.0,94.0,93.0,91.0,95.0,97.0,96.0,97.0,97.0,98.0,98.0,98.0,94.0,89.0,79.0,71.0,73.0,71.0,69.0,90.0,75.0,67.0,64.0
198,86.66666666666667,89.66666666666667,90.66666666666667,93.0,92.0,92.0,92.66666666666667,95.33333333333333,94.33333333333333,93.0,95.33333333333333,94.0,95.33333333333333,94.0,92.0,90.0,89.33333333333333,88.33333333333333,87.66666666666667,87.66666666666667,84.0,83.0,85.0,86.0
199,91.0,92.0,94.0,94.0,93.0,95.0,93.0,90.0,87.0,87.0,85.0,83.0,81.0,77.0,70.0,66.0,62.0,63.0,62.0,63.0,63.0,56.0,49.0,41.0
200,81.0,86.0,86.0,86.0,84.0,83.0,87.0,89.0,91.0,91.0,95.0,97.0,98.0,97.0,96.0,95.0,83.0,71.0,68.0,64.0,61.0,60.0,66.0,62.0
201,98.0,98.0,99.0,100.0,100.0,100.0,100.0,100.0,100.0,99.0,97.0,95.0,95.0,93.0,95.0,98.0,95.0,95.0,94.0,93.0,94.0,93.0,92.0,90.0
202,90.0,91.0,94.0,97.0,96.0,96.0,98.0,97.0,98.0,98.0,94.0,91.0,84.0,85.0,93.0,94.0,96.0,97.0,98.0,98.0,98.0,95.0,96.0,93.0
203,89.0,94.0,100.0,100.0,100.0,100.0,97.0,94.0,100.0,95.0,100.0,95.0,92.0,92.0,96.0,98.0,97.0,99.0,99.0,100.0,100.0,99.0,100.0,100.0
204,89.33333333333333,89.66666666666667,86.66666666666667,91.0,94.66666666666667,92.0,93.66666666666667,90.33333333333333,87.0,86.66666666666667,91.0,95.66666666666667,99.33333333333333,99.66666666666667,98.66666666666667,95.8888888888889,98.44444444444444,98.55555555555556,92.0,84.33333333333333,70.33333333333333,70.66666666666667,70.66666666666667,77.0
205,94.0,97.0,95.0,97.0,92.0,90.0,86.0,82.0,80.0,91.0,95.0,96.0,98.0,98.0,97.0,97.0,95.0,92.0,88.0,80.0,88.0,91.0,90.0,75.0
206,89.0,91.66666666666667,92.33333333333333,94.0,91.33333333333333,89.0,86.33333333333333,83.66666666666667,84.66666666666667,92.66666666666667,97.33333333333333,98.66666666666667,97.33333333333333,99.33333333333333,99.0,99.0,96.33333333333333,93.66666666666667,85.0,78.33333333333333,78.66666666666667,82.33333333333333,95.66666666666667,86.66666666666667
207,96.0,96.0,97.0,96.0,95.0,94.0,95.0,94.0,93.0,93.0,91.0,87.0,89.0,94.0,95.0,94.0,96.0,95.0,92.0,92.0,87.0,81.0,82.0,88.0
208,83.0,82.0,86.0,89.0,91.0,84.0,86.0,93.0,91.0,87.0,86.0,87.0,89.0,93.0,93.0,91.0,95.0,95.0,93.0,90.0,87.0,83.0,79.0,83.0
209,89.0,94.0,94.0,96.0,96.0,96.0,97.0,95.0,97.0,98.0,98.0,98.0,98.0,98.0,97.0,89.0,82.0,87.0,72.0,65.0,56.0,78.0,70.0,60.0
210,95.0,96.0,96.0,97.0,96.0,96.0,96.0,96.0,97.0,99.0,100.0,99.0,99.0,99.0,94.0,83.0,81.0,77.0,78.0,90.0,81.0,66.0,63.0,71.0
211,100.0,94.0,94.0,94.0,94.0,94.0,94.0,94.0,94.0,94.0,88.0,88.0,94.0,88.0,83.0,88.0,69.0,74.0,65.0,78.0,69.0,68.0,68.0,77.0
212,79.0,81.0,87.0,91.0,93.0,96.0,96.0,97.0,93.0,98.0,95.0,97.0,98.0,98.0,96.0,94.0,88.0,89.0,73.0,67.0,59.0,68.0,65.0,60.0
213,95.0,95.0,97.0,97.0,97.0,96.0,92.0,91.0,91.0,90.0,87.0,90.0,96.0,97.0,96.0,95.0,94.0,95.0,96.0,96.0,95.0,91.0,93.0,90.0
214,82.0,86.0,90.0,93.0,94.0,96.0,92.0,84.0,81.0,80.0,82.0,83.0,79.0,86.0,77.0,69.0,64.0,60.0,58.0,56.0,57.0,60.0,65.0,73.0
215,95.0,92.0,89.0,94.0,98.0,96.0,97.0,97.0,98.0,97.0,96.0,96.0,93.0,89.0,89.0,82.0,82.0,85.0,84.0,76.0,75.0,68.0,66.0,67.0
216,78.0,78.0,85.0,89.0,89.0,91.0,92.0,90.0,99.0,93.0,92.0,93.0,90.0,92.0,88.0,85.0,86.0,81.0,79.0,79.0,78.0,81.0,78.0,79.0
217,61.333333333333336,66.33333333333333,72.66666666666667,77.33333333333333,77.33333333333333,76.0,80.0,78.66666666666667,79.66666666666667,79.66666666666667,80.33333333333333,82.0,83.0,83.0,84.0,83.0,74.33333333333333,68.66666666666667,63.666666666666664,59.0,57.333333333333336,56.333333333333336,53.666666666666664,51.333333333333336
218,48.666666666666664,56.333333333333336,66.33333333333333,74.33333333333333,69.66666666666667,72.33333333333333,72.33333333333333,71.66666666666667,72.66666666666667,74.0,74.33333333333333,75.66666666666667,80.66666666666667,80.66666666666667,81.0,85.66666666666667,75.66666666666667,64.33333333333333,55.666666666666664,49.0,45.666666666666664,44.333333333333336,41.0,37.333333333333336
219,22.0,22.333333333333332,23.333333333333332,35.333333333333336,39.333333333333336,44.666666666666664,47.0,48.0,52.666666666666664,56.666666666666664,58.333333333333336,61.0,65.33333333333333,68.33333333333333,60.333333333333336,50.0,29.333333333333332,22.666666666666668,22.333333333333332,18.666666666666668,17.333333333333332,16.666666666666668,16.666666666666668,17.333333333333332
220,89.0,94.0,94.0,94.0,94.0,100.0,100.0,94.0,94.0,94.0,94.0,89.0,89.0,94.0,84.0,79.0,74.0,74.0,70.0,70.0,66.0,66.0,66.0,70.0
221,46.0,51.0,55.0,57.0,56.0,60.0,64.0,62.0,60.0,61.0,63.0,76.0,77.0,64.0,67.0,68.0,51.0,49.0,50.0,47.0,46.0,47.0,46.0,48.0
222,56.0,57.0,61.0,60.0,62.0,63.0,66.0,65.0,66.0,72.0,74.0,75.0,75.0,74.0,74.0,69.0,58.0,56.0,54.0,53.0,52.0,52.0,51.0,54.0
223,91.0,94.0,96.0,96.0,96.0,97.0,96.0,96.0,96.0,97.0,97.0,97.0,97.0,96.0,81.0,67.0,59.0,53.0,52.0,52.0,52.0,78.0,84.0,88.0
224,70.0,84.0,83.0,88.0,88.0,88.0,94.0,74.0,74.0,74.0,74.0,78.0,83.0,78.0,74.0,66.0,74.0,59.0,62.0,59.0,49.0,55.0,62.0,70.0
225,93.0,90.0,93.0,90.0,90.0,93.0,87.0,87.0,87.0,84.0,87.0,87.0,87.0,81.0,66.0,63.0,63.0,62.0,80.0,74.0,66.0,69.0,71.0,71.0
226,96.0,98.0,95.0,91.0,88.0,78.0,63.0,66.0,82.0,82.0,79.0,87.0,90.0,88.0,90.0,83.0,67.0,71.0,69.0,63.0,58.0,65.0,63.0,62.0
227,74.0,77.0,79.0,79.0,80.0,79.0,82.0,82.0,82.0,94.0,97.0,90.0,85.0,80.0,75.0,66.0,68.0,61.0,59.0,59.0,70.0,67.0,70.0,72.0
228,74.0,74.0,74.0,72.0,77.0,74.0,79.0,77.0,88.0,100.0,93.0,97.0,93.0,74.0,70.0,68.0,66.0,59.0,61.0,59.0,66.0,70.0,70.0,72.0
229,74.0,74.0,74.0,77.0,77.0,77.0,79.0,74.0,77.0,79.0,82.0,77.0,85.0,74.0,68.0,65.0,65.0,63.0,61.0,59.0,61.0,59.0,65.0,65.0
230,77.0,85.0,85.0,87.0,90.0,90.0,96.0,93.0,96.0,96.0,96.0,93.0,90.0,85.0,77.0,77.0,82.0,70.0,52.0,44.0,47.0,63.0,70.0,70.0
231,77.0,82.0,77.0,76.0,84.0,84.0,88.0,94.0,96.0,96.0,96.0,96.0,100.0,88.0,79.0,74.0,77.0,59.0,54.0,61.0,59.0,74.0,68.0,77.0
232,67.0,76.0,79.0,82.0,84.0,88.0,88.0,88.0,94.0,94.0,94.0,97.0,96.0,87.0,77.0,74.0,70.0,68.0,61.0,63.0,57.0,53.0,56.0,65.0
233,77.0,79.0,79.0,82.0,82.0,82.0,84.0,90.0,94.0,96.0,96.0,94.0,90.0,79.0,69.0,61.0,51.0,53.0,57.0,61.0,59.0,61.0,63.0,62.0
234,72.0,80.0,84.0,89.0,89.0,93.0,93.0,94.0,94.0,95.0,95.0,95.0,95.0,86.0,74.0,63.0,59.0,56.0,70.0,56.666666666666664,58.0,56.333333333333336,57.333333333333336,60.666666666666664
235,85.1111111111111,91.33333333333333,89.1111111111111,90.0,88.44444444444444,88.1111111111111,88.77777777777777,88.0,89.0,90.77777777777777,91.22222222222223,91.1111111111111,90.77777777777777,91.0,87.22222222222223,78.0,69.33333333333333,65.66666666666667,61.333333333333336,71.0,78.1111111111111,69.33333333333333,70.66666666666667,67.0
236,82.0,84.0,87.0,87.0,85.0,87.0,87.0,84.0,82.0,84.0,84.0,84.0,87.0,82.0,80.0,72.0,61.0,56.0,49.0,62.0,77.0,65.0,61.0,59.0
237,92.0,96.0,99.0,95.0,100.0,96.0,98.0,98.0,98.0,98.0,99.0,99.0,98.0,93.0,85.0,74.0,70.0,59.0,60.0,57.0,55.333333333333336,63.333333333333336,65.0,63.0
238,78.0,90.0,90.0,90.0,90.0,90.0,90.0,91.0,91.0,90.0,91.0,91.0,90.0,90.0,90.0,84.0,75.0,81.0,66.0,51.0,43.0,82.0,75.0,79.0
239,63.0,74.0,82.0,85.0,85.0,87.0,84.0,88.0,88.0,88.0,88.0,91.0,91.0,85.0,82.0,70.0,61.0,61.0,56.0,52.0,49.0,52.0,50.0,54.0
240,79.0,88.0,87.0,90.0,90.0,96.0,90.0,93.0,93.0,93.0,96.0,93.0,93.0,91.0,82.0,72.0,59.0,51.0,51.0,42.0,38.0,39.0,41.0,65.0
241,51.0,62.0,62.0,65.0,71.0,76.0,82.0,85.0,84.0,88.0,90.0,88.0,91.0,79.0,72.0,63.0,54.0,50.0,49.0,42.0,42.0,44.0,44.0,57.0
242,48.0,56.0,64.0,69.0,74.0,77.0,82.0,87.0,90.0,96.0,96.0,97.0,100.0,88.0,79.0,70.0,59.0,48.0,47.0,44.0,42.0,43.0,43.0,47.0
243,94.0,94.0,94.0,88.0,90.0,94.0,94.0,94.0,97.0,96.0,96.0,96.0,100.0,91.0,82.0,77.0,65.0,59.0,54.0,49.0,46.0,45.0,50.0,61.0
244,45.0,48.0,51.0,52.0,58.0,60.0,67.0,74.0,76.0,76.0,82.0,84.0,84.0,79.0,74.0,71.0,61.0,53.0,48.0,43.0,41.0,41.0,40.0,43.0
245,82.0,85.0,94.0,90.0,94.0,97.0,96.0,93.0,100.0,100.0,97.0,100.0,96.0,100.0,90.0,70.0,70.0,68.0,68.0,68.0,65.0,65.0,68.0,70.0
246,67.0,72.0,75.0,79.0,81.0,86.0,86.0,86.0,84.0,87.0,84.0,83.0,90.0,80.0,74.0,69.0,66.0,62.0,65.0,74.33333333333333,72.33333333333333,69.0,69.66666666666667,74.0
247,82.0,87.0,90.0,90.0,90.0,99.66666666666667,100.0,100.0,98.66666666666667,100.0,100.0,97.0,94.0,90.0,88.0,80.0,68.0,64.0,62.0,70.0,68.0,82.0,77.0,74.0
248,74.0,85.0,85.0,85.0,88.0,88.0,88.0,94.0,96.0,94.0,97.0,94.0,94.0,90.0,80.0,68.0,63.0,58.0,56.0,54.0,59.0,60.0,50.0,65.0
249,72.0,86.0,93.0,95.0,100.0,89.0,87.0,99.0,100.0,100.0,100.0,100.0,100.0,97.0,80.0,72.0,58.0,46.0,42.0,35.0,36.0,36.0,39.0,47.0
250,74.0,70.0,85.0,85.0,90.0,87.0,90.0,94.0,94.0,94.0,94.0,94.0,94.0,88.0,77.0,77.0,72.0,63.0,62.0,59.0,59.0,59.0,59.0,59.0
251,54.0,58.0,60.0,57.0,60.0,60.0,64.0,70.0,74.0,77.0,82.0,86.0,89.0,82.0,78.0,74.0,64.0,55.0,50.0,44.0,41.0,40.0,40.0,43.0
252,57.0,51.0,55.0,57.0,60.0,62.0,60.0,62.0,67.0,67.0,69.0,74.0,74.0,71.0,67.0,63.0,68.0,63.0,57.0,54.0,47.0,45.0,54.0,57.0
253,59.0,68.33333333333333,70.66666666666667,78.66666666666667,78.33333333333333,82.0,83.0,82.0,81.66666666666667,84.0,86.66666666666667,88.0,88.0,84.66666666666667,81.33333333333333,81.66666666666667,77.33333333333333,72.33333333333333,64.33333333333333,60.333333333333336,61.333333333333336,59.333333333333336,62.333333333333336,66.0
254,59.0,62.666666666666664,65.0,69.33333333333333,70.33333333333333,73.33333333333333,73.66666666666667,75.33333333333333,76.0,77.0,81.66666666666667,82.33333333333333,82.33333333333333,80.33333333333333,77.33333333333333,75.33333333333333,75.33333333333333,70.66666666666667,64.0,61.0,59.0,57.0,63.0,66.33333333333333
255,85.0,82.0,87.0,85.0,91.0,96.0,97.0,100.0,94.0,97.0,94.0,100.0,96.0,82.0,75.0,80.0,68.0,64.0,60.0,82.0,72.0,50.0,68.0,70.0
256,74.0,74.0,74.0,74.0,74.0,79.0,79.0,84.0,84.0,84.0,84.0,79.0,79.0,70.0,63.0,59.0,59.0,59.0,56.0,59.0,56.0,59.0,63.0,70.0
257,74.0,78.33333333333333,78.66666666666667,79.33333333333333,84.33333333333333,87.66666666666667,89.66666666666667,91.0,88.66666666666667,88.0,92.0,93.0,93.66666666666667,84.66666666666667,79.0,74.0,65.66666666666667,61.0,61.333333333333336,64.33333333333333,62.0,55.0,61.333333333333336,64.0
258,63.0,72.0,74.0,84.0,84.0,88.0,88.0,88.0,88.0,88.0,88.0,90.0,87.0,84.0,79.0,68.0,74.0,56.0,52.0,54.0,51.0,51.0,51.0,54.0
259,72.0,74.0,72.0,82.0,82.0,88.0,88.0,94.0,94.0,94.0,97.0,96.0,96.0,94.0,79.0,74.0,59.0,57.0,50.0,49.0,44.0,44.0,49.0,52.0
260,69.0,75.0,81.0,85.0,87.0,89.0,89.0,91.0,92.0,94.0,95.0,95.0,96.0,93.0,87.0,75.0,68.0,62.0,63.0,75.0,80.66666666666667,100.0,95.0,94.0
261,70.0,77.0,85.0,87.0,85.0,90.0,90.0,90.0,90.0,93.0,90.0,90.0,90.0,94.0,90.0,85.0,82.0,85.0,94.0,90.0,85.0,80.0,80.0,82.0
262,70.0,82.0,82.0,85.0,85.0,85.0,85.0,82.0,82.0,85.0,85.0,88.0,88.0,88.0,85.0,75.0,77.0,68.0,64.0,62.0,70.0,74.0,85.0,85.0
263,77.0,77.0,82.0,80.0,82.0,82.0,82.0,82.0,82.0,80.0,82.0,88.0,88.0,85.0,85.0,78.0,80.0,77.0,72.0,82.0,78.0,80.0,82.0,85.0
264,96.0,91.0,91.0,100.0,94.0,94.0,97.0,97.0,96.0,96.0,100.0,100.0,96.0,100.0,97.0,91.0,85.0,77.0,85.0,88.0,94.0,96.0,100.0,100.0
265,84.33333333333333,86.0,87.66666666666667,91.33333333333333,92.0,92.0,94.33333333333333,94.0,93.33333333333333,94.0,95.66666666666667,96.0,96.66666666666667,97.66666666666667,95.33333333333333,87.33333333333333,84.0,75.0,76.0,80.0,87.33333333333333,91.66666666666667,95.0,96.33333333333333
266,70.0,74.0,79.0,79.0,88.0,90.0,90.0,94.0,94.0,96.0,96.0,100.0,100.0,100.0,97.0,91.0,82.0,94.0,85.0,82.0,96.0,90.0,96.0,97.0
267,57.0,70.0,72.0,77.0,82.0,88.0,88.0,90.0,90.0,94.0,90.0,94.0,96.0,96.0,90.0,82.0,75.0,61.0,56.0,82.0,82.0,85.0,94.0,94.0
268,93.0,95.33333333333333,92.66666666666667,86.66666666666667,90.0,91.0,92.0,91.33333333333333,91.0,93.0,95.0,95.66666666666667,96.66666666666667,95.33333333333333,93.0,92.66666666666667,91.66666666666667,89.0,84.33333333333333,90.0,83.0,85.66666666666667,94.0,84.77777777777777
269,70.0,80.0,85.0,85.0,88.0,85.0,90.0,90.0,90.0,90.0,94.0,94.0,94.0,94.0,88.0,77.0,68.0,66.0,52.0,58.0,58.0,58.0,64.0,68.0
270,82.0,85.0,85.0,85.0,85.0,85.0,85.0,85.0,88.0,90.0,87.0,90.0,87.0,90.0,85.0,77.0,75.0,64.0,64.0,62.0,60.0,62.0,62.0,68.0
271,59.0,67.0,70.0,70.0,72.0,74.0,77.0,79.0,85.0,88.0,88.0,89.0,90.0,90.0,82.0,74.0,65.0,63.0,59.0,58.0,58.0,54.0,52.0,54.0
272,87.0,84.0,91.0,94.0,94.0,90.0,90.0,90.0,90.0,90.0,87.0,87.0,87.0,87.0,85.0,82.0,77.0,74.0,74.0,70.0,67.0,63.0,63.0,63.0
273,94.0,90.0,90.0,94.0,91.0,94.0,90.0,94.0,90.0,90.0,90.0,90.0,90.0,88.0,88.0,85.0,79.0,72.0,67.0,85.0,80.0,70.0,67.0,65.0
274,82.0,79.0,88.0,90.0,90.0,90.0,90.0,90.0,90.0,94.0,94.0,94.0,94.0,90.0,82.0,77.0,72.0,65.0,60.0,58.0,59.0,58.0,59.0,66.0
275,74.0,94.0,94.0,94.0,94.0,94.0,91.0,94.0,94.0,94.0,94.0,94.0,94.0,94.0,90.0,85.0,79.0,72.0,67.0,59.0,56.0,61.0,63.0,54.0
276,93.0,94.0,95.0,94.0,95.0,88.0,95.0,95.0,96.0,95.0,95.0,94.0,94.0,94.0,92.0,88.0,81.0,75.0,74.0,65.77777777777777,66.0,65.0,63.0,62.0
277,85.0,91.0,88.0,82.0,79.0,85.0,82.0,85.0,84.0,84.0,88.0,87.0,87.0,88.0,85.0,85.0,82.0,82.0,94.0,88.0,79.0,63.0,65.0,79.0
278,82.0,88.0,82.0,84.0,79.0,82.0,85.0,79.0,82.0,85.0,84.0,88.0,88.0,88.0,87.0,85.0,79.0,77.0,70.0,79.0,65.0,82.0,85.0,94.0
279,88.0,88.0,89.0,86.0,86.0,88.0,88.0,89.0,91.0,91.0,91.0,91.0,91.0,91.0,91.0,88.0,84.0,78.0,74.0,65.0,64.0,64.0,67.0,69.0
280,84.0,84.0,89.0,89.0,89.0,94.0,89.0,94.0,94.0,99.0,100.0,89.0,94.0,98.0,94.0,94.0,89.0,84.0,79.0,70.0,70.0,72.0,89.0,84.0
281,100.0,96.0,96.0,97.0,96.0,97.0,100.0,97.0,97.0,96.0,96.0,100.0,97.0,97.0,100.0,100.0,70.0,61.0,59.0,59.0,55.0,56.0,73.0,73.0
282,65.0,69.0,77.0,77.0,77.0,77.0,79.0,82.0,82.0,84.0,88.0,94.0,94.0,94.0,97.0,97.0,94.0,94.0,88.0,74.0,72.0,82.0,74.0,88.0
283,64.0,75.0,93.0,93.0,96.0,93.0,93.0,97.0,96.0,97.0,97.0,93.0,96.0,93.0,90.0,81.0,68.0,58.0,56.0,58.0,56.0,50.0,58.0,62.0
284,58.0,60.0,66.0,71.0,82.0,94.0,96.0,94.0,97.0,97.0,94.0,96.0,96.0,94.0,91.0,87.0,74.0,67.0,58.0,65.0,82.0,87.0,82.0,93.0
285,79.0,84.0,91.0,87.0,91.0,94.0,90.0,97.0,97.0,94.0,97.0,100.0,97.0,100.0,96.0,96.0,96.0,94.0,96.0,91.0,74.0,76.0,79.0,91.0
286,56.0,54.0,69.0,76.0,93.0,97.0,93.0,93.0,90.0,93.0,93.0,93.0,96.0,93.0,90.0,97.0,93.0,84.0,81.0,90.0,81.0,79.0,79.0,79.0
287,87.0,90.0,90.0,93.0,93.0,97.0,96.0,97.0,97.0,93.0,100.0,100.0,96.0,96.0,93.0,90.0,84.0,71.0,69.0,62.0,58.0,49.0,56.0,54.0
288,75.66666666666667,78.66666666666667,88.33333333333333,88.66666666666667,88.66666666666667,90.66666666666667,89.66666666666667,93.66666666666667,94.66666666666667,94.66666666666667,94.66666666666667,94.66666666666667,93.66666666666667,93.66666666666667,91.66666666666667,80.0,73.33333333333333,62.666666666666664,52.0,41.333333333333336,37.333333333333336,34.0,33.0,33.0
289,71.0,76.0,82.0,78.0,78.0,78.0,81.0,87.0,90.0,90.0,90.0,90.0,87.0,87.0,81.0,78.0,78.0,71.0,58.0,46.0,36.0,34.0,34.0,34.0
290,59.0,63.0,75.0,84.0,81.0,87.0,90.0,90.0,84.0,75.0,60.0,64.0,60.0,72.0,56.0,56.0,53.0,48.0,46.0,46.0,45.0,39.0,33.0,34.0
291,73.0,81.0,88.0,92.0,94.0,97.0,96.0,96.0,94.0,89.0,74.0,77.0,76.0,69.0,61.0,62.0,27.0,31.0,29.0,24.0,26.0,29.0,29.0,27.0
292,75.33333333333333,62.333333333333336,72.33333333333333,82.0,86.66666666666667,89.33333333333333,98.66666666666667,90.0,94.0,91.66666666666667,89.33333333333333,94.66666666666667,97.33333333333333,53.0,65.0,58.0,50.0,49.0,40.0,29.0,20.0,19.0,22.0,19.0
293,40.0,45.0,52.0,56.0,62.0,74.0,82.0,81.0,82.0,81.0,87.0,84.0,87.0,84.0,81.0,76.0,67.0,53.0,45.0,39.0,35.0,30.0,25.0,24.0
294,16.0,20.0,32.0,36.0,53.0,61.0,68.0,76.0,79.0,76.0,83.0,79.0,73.0,82.0,89.0,56.0,36.0,18.0,12.0,13.0,12.0,12.0,12.0,13.0
295,20.0,24.0,32.0,37.0,35.0,40.0,51.0,58.0,57.0,63.0,67.0,67.0,69.0,69.0,67.0,63.0,57.0,51.0,47.0,40.0,34.0,27.0,24.0,20.0
296,38.333333333333336,34.0,37.666666666666664,50.0,43.0,46.333333333333336,46.0,52.666666666666664,53.666666666666664,63.666666666666664,58.666666666666664,62.666666666666664,71.33333333333333,69.33333333333333,72.33333333333333,72.66666666666667,59.333333333333336,47.666666666666664,49.333333333333336,38.0,33.0,31.333333333333332,25.0,24.333333333333332
297,32.0,34.0,35.0,40.0,40.0,44.0,42.0,43.0,48.0,46.0,56.0,62.0,67.0,62.0,74.0,63.0,57.0,49.0,42.0,38.0,34.0,30.0,29.0,26.0
298,14.666666666666666,15.666666666666666,16.333333333333332,17.0,18.0,15.333333333333334,16.333333333333332,17.333333333333332,18.0,18.666666666666668,20.0,22.0,23.333333333333332,22.666666666666668,24.0,20.0,16.666666666666668,14.333333333333334,10.0,11.333333333333334,11.888888888888888,11.666666666666666,11.777777777777779,12.0
299,48.666666666666664,55.666666666666664,64.0,70.66666666666667,76.0,79.33333333333333,79.66666666666667,83.0,86.0,85.66666666666667,89.0,91.0,92.0,93.33333333333333,91.0,88.0,76.0,64.0,52.333333333333336,46.666666666666664,42.333333333333336,39.333333333333336,38.0,38.0
300,56.0,66.0,76.0,84.0,87.0,87.0,90.0,87.0,87.0,87.0,90.0,93.0,93.0,93.0,93.0,90.0,81.0,71.0,64.0,56.0,52.0,53.0,49.0,48.0
301,53.666666666666664,60.333333333333336,68.33333333333333,75.33333333333333,78.66666666666667,79.33333333333333,83.0,82.0,82.66666666666667,82.66666666666667,84.66666666666667,85.66666666666667,85.66666666666667,84.33333333333333,85.66666666666667,83.0,75.0,65.0,58.0,52.0,51.0,50.0,46.0,45.0
302,66.0,68.0,70.0,73.0,73.0,76.0,76.0,76.0,78.0,78.0,78.0,80.0,84.0,81.0,80.0,81.0,81.0,73.0,71.0,66.0,64.0,62.0,62.0,64.0
303,73.33333333333333,76.0,75.66666666666667,80.0,83.0,83.0,85.0,86.0,83.0,82.33333333333333,83.33333333333333,82.33333333333333,84.0,83.0,82.0,83.0,81.0,80.0,78.0,75.0,75.0,73.0,76.0,73.0
304,71.0,76.0,90.0,93.0,100.0,100.0,100.0,100.0,100.0,100.0,100.0,100.0,100.0,100.0,100.0,80.0,78.0,75.0,76.0,73.0,68.0,66.0,70.0,68.0
305,54.0,61.0,68.0,70.0,72.0,72.0,78.0,75.0,81.0,78.0,78.0,80.0,80.0,80.0,83.0,80.0,78.0,70.0,54.0,50.0,49.0,47.0,50.0,52.0
306,71.0,76.0,78.0,81.0,81.0,75.0,78.0,76.0,79.0,79.0,81.0,81.0,84.0,84.0,81.0,81.0,75.0,76.0,71.0,68.0,66.0,68.0,66.0,66.0
307,68.0,73.0,78.0,78.0,81.0,81.0,79.0,79.0,79.0,81.0,81.0,81.0,81.0,84.0,87.0,81.0,75.0,76.0,73.0,71.0,66.0,62.0,60.0,58.0
308,74.0,82.0,82.0,88.0,90.0,87.0,84.0,90.0,90.0,94.0,94.0,97.0,100.0,94.0,82.0,74.0,71.0,63.0,59.0,59.0,56.0,56.0,60.0,64.0
309,74.0,65.0,74.0,74.0,91.66666666666667,78.0,88.0,88.0,94.0,88.0,88.0,83.0,78.0,69.0,58.0,54.0,55.0,55.0,48.0,51.0,55.0,58.0,61.0,74.0
310,66.0,69.0,71.0,78.0,80.0,82.0,85.0,87.0,89.0,93.0,93.0,95.0,95.0,86.0,75.0,70.0,65.0,66.0,65.0,67.33333333333333,62.0,60.0,65.0,72.66666666666667
311,72.0,72.0,71.0,73.0,73.0,76.0,80.0,78.0,78.0,79.0,77.0,76.0,78.0,72.0,67.0,64.0,62.0,61.0,57.0,60.0,61.0,64.0,67.0,71.0
312,80.33333333333333,79.8888888888889,80.77777777777777,80.44444444444444,87.1111111111111,90.66666666666667,89.8888888888889,94.22222222222223,96.8888888888889,98.66666666666667,85.8888888888889,87.66666666666667,88.0,81.0,75.33333333333333,71.22222222222223,63.111111111111114,56.77777777777777,55.22222222222223,55.444444444444436,56.88888888888889,50.77777777777777,55.444444444444436,65.44444444444444
313,76.0,79.0,79.0,79.0,85.0,85.0,81.0,84.0,87.0,87.0,87.0,93.0,87.0,87.0,79.0,76.0,71.0,77.0,72.0,67.0,67.0,65.0,67.0,74.0
314,88.0,88.0,83.0,88.0,83.0,94.0,100.0,100.0,94.0,100.0,100.0,100.0,89.0,83.0,74.0,62.0,58.0,58.0,55.0,58.0,62.0,58.0,78.0,83.0
315,79.0,79.0,81.0,81.0,81.0,81.0,87.0,90.0,90.0,93.0,93.0,93.0,87.0,76.0,69.0,71.0,67.0,65.0,58.0,58.0,56.0,61.0,64.0,74.0
316,80.33333333333333,79.8888888888889,80.77777777777777,80.44444444444444,87.1111111111111,90.66666666666667,89.8888888888889,94.22222222222223,96.8888888888889,98.66666666666667,69.0,74.0,78.0,72.0,70.0,70.0,58.0,55.0,55.0,53.0,56.0,45.0,49.0,59.0
317,63.0,68.0,72.0,77.0,84.0,88.0,91.0,94.0,94.0,97.0,94.0,97.0,94.0,90.0,79.0,72.0,57.0,57.0,52.0,50.0,49.0,50.0,54.0,59.0
318,66.0,69.0,76.0,76.0,74.0,79.0,84.0,90.0,93.0,93.0,97.0,96.0,100.0,87.0,79.0,79.0,65.0,59.0,52.0,50.0,48.0,45.0,46.0,58.0
319,85.0,84.0,84.0,81.0,93.0,87.0,90.0,93.0,96.0,96.0,96.0,94.0,93.0,82.0,74.0,67.0,67.0,63.0,61.0,56.0,51.0,50.0,51.0,67.0
320,55.0,58.0,67.0,74.0,79.0,79.0,91.0,94.0,97.0,97.0,96.0,100.0,100.0,94.0,84.0,72.0,65.0,63.0,55.0,55.0,53.0,51.0,59.0,65.0
321,74.0,85.0,91.0,87.0,93.0,90.0,90.0,93.0,93.0,93.0,93.0,93.0,97.0,90.0,79.0,71.0,60.0,54.0,48.0,53.0,53.0,53.0,56.0,62.0
322,74.0,74.0,83.0,89.0,89.0,94.0,88.0,94.0,94.0,94.0,94.0,89.0,83.0,79.0,81.0,62.0,62.0,52.0,44.0,55.0,52.0,52.0,66.0,70.0
323,72.0,74.0,82.0,88.0,88.0,90.0,90.0,94.0,94.0,94.0,96.0,96.0,97.0,91.0,84.0,74.0,72.0,65.0,65.0,61.0,57.0,55.0,59.0,67.0
324,61.0,65.0,69.0,69.0,74.0,78.0,78.0,83.0,88.0,92.0,88.0,88.0,83.0,74.0,66.0,62.0,58.0,49.0,49.0,43.0,43.0,43.0,51.0,61.0
325,63.0,67.0,74.0,79.0,79.0,82.0,84.0,87.0,87.0,87.0,87.0,87.0,87.0,79.0,74.0,67.0,61.0,52.0,47.0,45.0,42.0,39.0,44.0,48.0
326,46.0,56.0,62.0,67.0,60.0,58.0,60.0,62.0,65.0,71.0,67.0,84.0,85.0,88.0,67.0,61.0,61.0,57.0,67.0,68.0,77.0,65.0,57.0,65.0
327,48.0,55.0,69.0,60.0,71.0,79.0,84.0,84.0,81.0,66.0,81.0,81.0,84.0,74.0,71.0,66.0,67.0,65.0,57.0,48.0,45.0,42.0,42.0,48.0
328,82.0,79.0,84.0,84.0,81.0,81.0,81.0,79.0,73.0,68.0,73.0,76.0,78.0,78.0,71.0,71.0,74.0,74.0,76.0,76.0,79.0,74.0,71.0,77.0
329,61.0,69.0,77.0,79.0,82.0,82.0,74.0,82.0,71.0,76.0,79.0,79.0,84.0,82.0,72.0,63.0,56.0,57.0,56.0,53.0,50.0,50.0,53.0,56.0
330,43.0,48.0,53.0,60.0,60.0,64.0,66.0,66.0,64.0,66.0,64.0,71.0,69.0,60.0,58.0,59.0,59.0,57.0,55.0,52.0,74.0,72.0,65.0,69.0
331,65.0,65.0,69.0,74.0,74.0,69.0,74.0,74.0,74.0,74.0,83.0,83.0,74.0,66.0,62.0,55.0,52.0,44.0,44.0,46.0,52.0,59.0,62.0,79.0
332,53.0,65.0,69.0,69.0,69.0,79.0,79.0,88.0,91.0,97.0,97.0,100.0,100.0,96.0,84.0,77.0,74.0,59.0,52.0,50.0,55.0,63.0,70.0,67.0
333,44.0,55.0,62.0,72.0,69.0,77.0,77.0,82.0,82.0,82.0,85.0,88.0,88.0,82.0,74.0,63.0,56.0,46.0,47.0,50.0,54.0,49.0,47.0,50.0
334,50.0,63.0,65.0,68.0,72.0,70.0,76.0,79.0,82.0,84.0,84.0,88.0,88.0,84.0,79.0,74.0,68.0,59.0,56.0,49.0,49.0,52.0,82.0,82.0
335,94.0,94.0,94.0,100.0,100.0,100.0,100.0,100.0,94.0,100.0,100.0,100.0,88.0,78.0,70.0,58.0,55.0,49.0,46.0,46.0,46.0,49.0,58.0,65.0
336,49.0,53.0,57.0,63.0,65.0,68.0,72.0,74.0,76.0,80.0,80.0,82.0,83.0,79.0,75.0,70.0,68.0,64.0,62.0,63.0,66.0,70.0,72.0,75.0
337,61.0,82.0,84.0,88.0,91.0,94.0,94.0,97.0,94.0,94.0,94.0,97.0,94.0,96.0,88.0,74.0,72.0,63.0,63.0,90.0,93.0,97.0,97.0,100.0
338,68.0,74.0,79.0,70.0,74.0,70.0,72.0,82.0,72.0,82.0,90.0,87.0,90.0,87.0,100.0,94.0,94.0,96.0,97.0,94.0,96.0,94.0,94.0,96.0
339,70.0,79.0,83.0,78.0,74.0,83.0,74.0,89.0,83.0,83.0,84.66666666666667,94.0,88.0,100.0,89.0,69.0,70.0,79.0,83.0,94.0,94.0,84.33333333333333,100.0,94.0
340,52.666666666666664,60.666666666666664,65.33333333333333,68.33333333333333,72.66666666666667,76.33333333333333,78.33333333333333,84.0,81.0,84.0,85.33333333333333,83.66666666666667,86.66666666666667,81.33333333333333,83.66666666666667,81.33333333333333,68.66666666666667,63.666666666666664,62.666666666666664,64.0,68.66666666666667,75.66666666666667,81.33333333333333,85.33333333333333
341,59.0,64.33333333333333,65.33333333333333,68.0,74.0,76.33333333333333,77.66666666666667,82.66666666666667,85.0,84.66666666666667,85.33333333333333,86.33333333333333,92.66666666666667,90.66666666666667,92.66666666666667,85.33333333333333,83.33333333333333,76.0,81.33333333333333,89.33333333333333,91.66666666666667,93.66666666666667,95.66666666666667,95.66666666666667
342,84.0,81.0,84.0,81.0,82.0,87.0,87.0,85.0,87.0,91.0,87.0,94.0,94.0,94.0,94.0,94.0,96.0,96.0,96.0,96.0,100.0,97.0,96.0,93.0
343,42.0,79.0,88.0,92.0,98.0,100.0,95.0,94.0,96.0,96.0,100.0,100.0,100.0,100.0,100.0,99.0,100.0,94.0,93.0,92.33333333333333,90.33333333333333,86.0,84.0,81.0
344,53.0,60.0,67.0,66.0,71.0,76.0,82.0,87.0,90.0,90.0,87.0,84.0,84.0,84.0,90.0,97.0,97.0,97.0,97.0,93.0,93.0,93.0,93.0,90.0
345,56.0,62.0,65.0,65.0,66.0,70.0,78.0,82.0,84.0,83.0,82.0,85.0,86.0,86.0,96.0,98.0,95.0,95.66666666666667,95.66666666666667,94.33333333333333,94.33333333333333,95.33333333333333,93.0,88.33333333333333
346,59.0,96.0,86.0,84.0,88.0,94.0,98.0,100.0,100.0,100.0,100.0,100.0,100.0,100.0,100.0,100.0,100.0,100.0,100.0,96.33333333333333,97.66666666666667,100.0,100.0,100.0
347,40.0,45.0,48.0,51.0,56.0,63.0,63.0,69.0,74.0,79.0,84.0,79.0,84.0,97.0,100.0,94.0,91.0,100.0,100.0,100.0,100.0,93.0,93.0,93.0
348,55.0,62.0,65.0,67.0,66.0,73.0,81.0,82.0,83.0,84.0,83.0,82.0,86.0,88.0,88.0,94.0,94.0,94.0,94.0,94.0,94.0,100.0,93.33333333333333,88.0
349,73.0,79.0,81.0,84.0,90.0,100.0,100.0,100.0,93.0,100.0,97.0,100.0,100.0,97.0,96.0,100.0,90.0,65.0,56.0,49.0,42.0,40.0,42.0,49.0
350,51.0,59.0,72.0,75.0,90.0,90.0,93.0,90.0,95.0,96.0,96.0,87.0,85.0,80.0,72.0,64.0,44.0,47.0,47.0,41.0,38.0,31.0,32.0,31.0
351,62.0,47.0,90.0,90.0,90.0,93.0,87.0,90.0,90.0,87.0,87.0,87.0,93.0,90.0,90.0,84.0,78.0,66.0,68.0,97.0,93.0,93.0,83.0,75.0
352,73.0,78.0,83.0,88.0,88.0,94.0,88.0,94.0,94.0,94.0,94.0,94.0,94.0,94.0,94.0,83.0,69.0,69.0,54.0,35.0,37.0,35.0,33.0,35.0
353,48.0,46.0,41.0,68.0,70.0,72.0,78.0,75.0,70.0,78.0,69.0,67.0,62.0,69.0,57.0,50.0,47.0,41.0,37.0,36.0,32.0,30.0,28.0,28.0
354,41.0,48.333333333333336,60.333333333333336,56.333333333333336,62.333333333333336,57.0,59.0,55.333333333333336,68.33333333333333,71.0,63.333333333333336,73.33333333333333,71.66666666666667,72.0,64.66666666666667,52.333333333333336,45.666666666666664,41.333333333333336,35.0,28.333333333333332,28.0,26.333333333333332,26.0,28.666666666666668
355,26.0,26.0,21.0,16.0,19.0,25.0,27.0,26.0,29.0,31.0,35.0,40.0,43.0,48.0,46.0,33.0,30.0,31.0,27.0,23.0,24.0,24.0,23.0,24.0
356,9.0,7.0,8.0,10.0,9.0,12.0,13.0,16.0,14.0,20.0,20.0,21.0,18.0,22.0,19.0,18.0,15.0,14.0,13.0,12.0,10.0,9.0,8.0,8.0
357,12.0,14.0,17.0,25.0,28.0,31.0,28.0,32.0,37.0,39.0,41.0,58.0,50.0,61.0,59.0,49.0,40.0,36.0,32.0,18.0,12.0,12.0,10.0,10.0
358,23.0,17.0,19.0,26.0,26.0,30.0,30.0,36.0,39.0,48.0,44.0,48.0,58.0,52.0,46.0,51.0,32.0,25.0,25.0,18.0,15.0,14.0,12.0,11.0
359,22.0,22.333333333333332,23.333333333333332,35.333333333333336,39.333333333333336,44.666666666666664,47.0,48.0,52.666666666666664,56.666666666666664,58.333333333333336,61.0,65.33333333333333,68.33333333333333,60.333333333333336,50.0,29.333333333333332,22.666666666666668,22.333333333333332,18.666666666666668,17.333333333333332,16.666666666666668,16.666666666666668,17.333333333333332
360,17.0,18.0,20.0,20.0,23.0,26.0,28.0,29.0,28.0,29.0,30.0,32.0,32.0,28.0,28.0,24.0,23.0,26.0,25.0,23.0,22.0,16.0,14.0,16.0
361,13.333333333333334,22.666666666666668,24.666666666666668,33.0,33.0,34.333333333333336,38.333333333333336,42.333333333333336,35.0,33.0,38.0,46.0,54.0,46.0,51.0,45.0,38.0,36.0,28.0,20.0,16.0,12.0,10.0,10.0
362,14.0,30.0,32.0,37.0,38.0,39.0,46.0,53.0,56.0,54.0,57.0,60.0,62.0,64.0,64.0,52.0,45.0,36.0,31.0,23.0,19.0,17.0,14.0,15.0
363,18.0,25.0,40.0,47.0,49.0,52.0,43.0,47.0,50.0,54.0,54.0,50.0,65.0,65.0,63.0,37.0,35.0,19.0,13.0,36.666666666666664,33.666666666666664,30.0,28.0,25.333333333333332
364,23.0,23.0,25.0,28.0,29.0,29.0,33.0,36.0,35.0,36.0,38.0,38.0,44.0,47.0,50.0,44.0,36.0,31.0,28.0,23.0,22.0,21.0,20.0,19.0
365,7.333333333333333,7.666666666666667,8.333333333333334,9.666666666666666,13.333333333333334,11.333333333333334,12.0,12.666666666666666,13.333333333333334,13.333333333333334,15.0,15.0,18.0,18.333333333333332,18.0,15.0,11.666666666666666,9.666666666666666,8.333333333333334,9.666666666666666,11.0,12.666666666666666,13.0,13.0
366,8.0,8.0,9.0,10.0,17.0,14.0,13.0,14.0,14.0,14.0,16.0,22.0,20.0,21.0,20.0,18.0,12.0,10.0,9.0,10.0,11.0,15.0,14.0,15.0
367,7.0,8.0,8.0,9.0,10.0,10.0,12.0,12.0,12.0,13.0,13.0,14.0,17.0,14.0,13.0,12.0,10.0,9.0,9.0,12.0,13.0,13.0,13.0,14.0
368,17.0,18.0,25.0,28.0,32.0,32.0,40.0,48.0,51.0,49.0,51.0,54.0,52.0,54.0,58.0,47.0,38.0,35.0,30.0,26.0,22.0,19.0,17.0,17.0
369,28.333333333333332,28.666666666666668,51.0,57.666666666666664,60.666666666666664,64.0,67.33333333333333,70.33333333333333,73.66666666666667,71.33333333333333,69.66666666666667,71.33333333333333,77.0,80.0,74.33333333333333,74.0,67.66666666666667,61.666666666666664,51.0,44.0,45.0,49.333333333333336,44.666666666666664,43.666666666666664
370,68.0,71.0,76.0,78.0,78.0,81.0,81.0,81.0,81.0,79.0,76.0,76.0,78.0,75.0,75.0,76.0,76.0,73.0,73.0,68.0,61.0,61.0,66.0,68.0
371,71.0,81.0,90.0,93.0,96.0,96.0,96.0,100.0,93.0,90.0,90.0,87.0,84.0,87.0,84.0,84.0,75.0,73.0,73.0,73.0,68.0,66.0,68.0,68.0
372,72.0,74.0,76.0,81.0,92.0,92.0,96.0,97.0,98.0,98.0,98.0,100.0,98.0,98.0,97.0,96.0,91.0,87.0,82.0,77.0,75.0,75.0,72.0,74.0
373,55.0,50.0,53.0,68.0,87.0,87.0,86.0,93.0,93.0,90.0,93.0,97.0,96.0,96.0,100.0,96.0,93.0,90.0,70.0,71.0,60.0,60.0,62.0,64.0
374,90.0,93.0,93.0,96.0,100.0,96.0,100.0,100.0,100.0,100.0,100.0,97.0,100.0,90.0,76.0,71.0,69.0,66.0,69.0,71.0,71.0,72.0,71.0,81.0
375,82.0,82.0,84.0,84.0,84.0,81.0,81.0,87.0,87.0,87.0,87.0,87.0,90.0,84.0,79.0,76.0,76.0,76.0,76.0,76.0,82.0,82.0,79.0,84.0
376,84.0,90.0,87.0,87.0,90.0,90.0,93.0,90.0,87.0,90.0,93.0,93.0,93.0,90.0,87.0,84.0,74.0,69.0,67.0,67.0,63.0,67.0,69.0,79.0
377,73.0,73.0,73.0,76.0,76.0,81.0,78.0,82.0,82.0,84.0,87.0,90.0,84.0,69.0,64.0,62.0,62.0,62.0,64.0,62.0,58.0,62.0,66.0,74.0
378,84.0,85.0,87.0,91.0,87.0,90.0,87.0,87.0,87.0,90.0,90.0,90.0,90.0,90.0,93.0,90.0,84.0,84.0,84.0,87.0,85.0,82.0,82.0,88.0
379,69.0,69.0,71.0,71.0,71.0,74.0,71.0,76.0,73.0,73.0,76.0,76.0,74.0,69.0,69.0,71.0,71.0,76.0,72.0,65.0,65.0,69.0,69.0,72.0
380,74.0,76.0,79.0,76.0,79.0,79.0,79.0,82.0,79.0,79.0,84.0,84.0,84.0,84.0,93.0,87.0,81.0,84.0,81.0,79.0,76.0,74.0,71.0,79.0
381,82.0,79.0,79.0,81.0,84.0,84.0,87.0,87.0,87.0,90.0,90.0,90.0,87.0,79.0,76.0,82.0,84.0,81.0,79.0,81.0,79.0,82.0,85.0,88.0
382,87.0,90.0,90.0,90.0,93.0,96.0,96.0,90.0,93.0,93.0,93.0,97.0,93.0,84.0,76.0,69.0,71.0,71.0,71.0,69.0,71.0,69.0,71.0,79.0
383,75.0,76.0,79.0,81.0,81.0,81.0,81.0,81.0,84.0,84.0,87.0,87.0,84.0,81.0,78.0,73.0,71.0,71.0,69.0,69.0,67.0,71.0,74.0,76.0
384,78.0,78.0,84.0,84.0,89.33333333333333,90.0,91.66666666666667,93.33333333333333,93.33333333333333,94.0,94.0,93.33333333333333,84.0,81.0,78.0,76.0,76.0,73.0,71.0,74.0,65.0,71.0,82.0,79.0
385,91.0,91.0,94.0,94.0,96.0,97.0,96.0,97.0,97.0,100.0,100.0,100.0,100.0,100.0,97.0,91.0,77.0,74.0,70.0,67.0,67.0,67.0,72.0,84.0
386,88.0,88.0,79.0,88.0,88.0,88.0,88.0,79.0,84.0,91.0,94.0,90.0,91.0,87.0,79.0,79.0,72.0,67.0,63.0,55.0,65.0,59.0,59.0,62.0
387,71.0,76.0,76.0,82.0,84.0,84.0,84.0,87.0,84.0,87.0,84.0,84.0,81.0,76.0,69.0,62.0,58.0,56.0,56.0,54.0,51.0,56.0,64.0,66.0
388,71.66666666666667,75.66666666666667,79.0,79.33333333333333,81.33333333333333,83.66666666666667,89.33333333333333,86.66666666666667,89.0,85.0,86.0,80.33333333333333,80.33333333333333,75.66666666666667,72.33333333333333,64.66666666666667,60.666666666666664,59.333333333333336,56.666666666666664,57.666666666666664,57.0,57.0,60.333333333333336,68.66666666666667
389,87.0,94.0,96.0,100.0,100.0,100.0,100.0,96.0,94.0,100.0,100.0,96.0,96.0,87.0,74.0,63.0,55.0,51.0,51.0,52.0,55.0,57.0,59.0,65.0
390,96.0,99.0,99.0,99.0,99.0,100.0,100.0,100.0,100.0,100.0,100.0,100.0,100.0,100.0,100.0,87.0,63.0,57.0,52.0,50.0,51.0,52.0,61.0,74.0
391,87.0,90.0,93.0,93.0,93.0,93.0,93.0,97.0,97.0,93.0,96.0,96.0,97.0,90.0,79.0,74.0,65.0,62.0,58.0,50.0,53.0,55.0,58.0,64.0
392,78.0,83.0,88.0,88.0,83.0,83.0,84.33333333333333,88.0,88.0,89.33333333333333,88.0,88.0,83.0,74.0,69.0,74.0,69.0,69.0,69.33333333333333,69.0,74.0,74.0,78.0,78.0
393,65.0,70.0,77.0,77.0,79.0,82.0,87.0,94.0,94.0,96.0,96.0,96.0,100.0,96.0,85.0,74.0,65.0,59.0,52.0,49.0,46.0,42.0,49.0,52.0
394,69.0,74.0,76.0,79.0,79.0,85.0,82.0,82.0,84.0,82.0,82.0,85.0,85.0,71.0,65.0,59.0,57.0,55.0,48.0,47.0,53.0,96.0,84.0,85.0
395,77.0,74.0,74.0,71.0,72.0,77.0,79.0,84.0,82.0,82.0,82.0,82.0,82.0,76.0,72.0,74.0,67.0,65.0,61.0,65.0,72.0,69.0,69.0,82.0
396,63.0,71.0,72.0,74.0,74.0,74.0,74.0,76.0,79.0,79.0,79.0,79.0,79.0,71.0,64.0,76.0,72.0,71.0,63.0,63.0,59.0,63.0,87.0,94.0
397,50.0,55.0,59.0,63.0,63.0,69.0,65.0,65.0,62.0,62.0,62.0,62.0,67.0,77.0,69.0,61.0,61.0,56.0,52.0,60.0,59.0,79.0,76.0,76.0
398,59.0,62.0,66.0,67.0,67.0,72.0,75.0,77.0,77.0,80.0,79.0,82.0,83.0,94.0,77.0,69.0,60.0,57.0,60.0,57.0,88.0,83.0,74.0,88.0
399,63.0,69.0,85.0,90.0,88.0,90.0,85.0,87.0,85.0,84.0,84.0,87.0,84.0,79.0,71.0,65.0,55.0,53.0,55.0,63.0,61.0,59.0,59.0,67.0
400,74.0,79.0,85.0,88.0,88.0,88.0,91.0,94.0,94.0,90.0,94.0,91.0,91.0,79.0,72.0,67.0,74.0,65.0,61.0,63.0,65.0,74.0,72.0,76.0
401,76.33333333333333,85.66666666666667,90.33333333333333,89.0,92.0,92.0,89.33333333333333,94.0,90.33333333333333,92.0,93.0,91.0,92.66666666666667,85.33333333333333,72.33333333333333,63.666666666666664,58.666666666666664,55.666666666666664,54.333333333333336,50.333333333333336,50.333333333333336,50.333333333333336,54.333333333333336,64.0
402,68.0,70.0,69.0,71.0,74.0,74.0,74.0,77.0,79.0,79.0,85.0,82.0,76.0,74.0,64.0,61.0,53.0,51.0,50.0,48.0,50.0,51.0,59.0,84.0
403,63.0,67.0,67.0,69.0,69.0,72.0,74.0,77.0,76.0,79.0,82.0,79.0,82.0,74.0,69.0,67.0,59.0,59.0,53.0,53.0,82.0,61.0,58.0,64.0
404,59.0,72.0,77.0,74.0,66.0,62.0,66.0,69.0,74.0,66.0,79.0,74.0,76.0,74.0,70.0,63.0,61.0,54.0,52.0,50.0,55.0,61.0,63.0,65.0
405,59.0,64.0,65.0,64.0,65.0,70.0,72.0,74.0,72.0,73.0,75.0,75.0,75.0,95.0,94.0,93.0,89.0,82.0,72.0,62.0,60.0,59.0,59.0,59.0
406,52.0,53.0,55.0,55.0,56.0,58.0,62.0,60.0,60.0,62.0,64.0,84.0,90.0,91.0,91.0,76.0,71.0,69.0,62.0,54.0,53.0,46.0,50.0,53.0
407,65.0,74.0,67.0,60.0,60.0,60.0,62.0,66.0,69.0,69.0,74.0,74.0,76.0,74.0,67.0,65.0,68.0,61.0,59.0,57.0,47.0,52.0,61.0,65.0
408,74.0,78.0,71.0,71.66666666666667,70.66666666666667,71.66666666666667,74.66666666666667,73.66666666666667,73.0,74.66666666666667,78.0,78.0,69.0,61.0,61.0,55.0,55.0,55.0,58.0,58.0,66.0,66.0,65.0,74.0
409,63.0,71.0,72.0,76.0,79.0,79.0,71.0,74.0,76.0,74.0,74.0,74.0,74.0,71.0,72.0,76.0,79.0,79.0,74.0,69.0,64.0,58.0,56.0,43.0
410,67.0,72.0,74.0,74.0,71.0,74.0,74.0,74.0,74.0,74.0,76.0,79.0,79.0,74.0,67.0,63.0,63.0,65.0,72.0,69.0,62.0,65.0,58.0,54.0
411,54.0,57.0,63.0,65.0,69.0,67.0,67.0,67.0,69.0,69.0,71.0,77.0,88.0,76.0,76.0,76.0,66.0,60.0,54.0,48.0,47.0,51.0,57.0,61.0
412,70.0,63.0,65.0,67.0,71.0,69.0,71.0,74.0,82.0,85.0,85.0,74.0,78.0,78.0,71.0,69.0,66.0,76.0,79.0,74.0,71.0,76.0,76.0,79.0
413,48.333333333333336,52.666666666666664,57.0,59.0,63.0,72.0,81.33333333333333,88.66666666666667,92.33333333333333,94.33333333333333,94.33333333333333,93.33333333333333,88.0,80.0,72.0,65.33333333333333,61.666666666666664,60.666666666666664,59.666666666666664,55.333333333333336,56.0,56.666666666666664,59.0,59.666666666666664
414,65.0,72.0,62.0,60.0,62.0,66.0,71.0,69.0,71.0,76.0,76.0,85.0,82.0,79.0,76.0,73.0,69.0,71.0,71.0,64.0,60.0,54.0,48.0,61.0
415,58.0,58.0,62.0,58.0,58.0,62.0,66.0,66.0,65.0,74.0,74.0,78.66666666666667,78.0,78.0,65.0,61.0,57.0,57.0,57.0,53.0,53.0,53.0,60.0,64.0
416,57.0,65.0,65.0,65.0,62.0,64.0,69.0,71.0,74.0,74.0,76.0,82.0,79.0,76.0,73.0,79.0,67.0,48.0,45.0,47.0,43.0,53.0,59.0,61.0
417,50.0,55.0,57.0,58.0,60.0,74.0,84.0,93.0,96.0,96.0,96.0,93.0,90.0,78.0,75.0,68.0,65.0,60.0,61.0,56.0,59.0,56.0,61.0,63.0
418,57.0,63.0,67.0,69.0,79.0,69.0,74.0,93.0,93.0,100.0,100.0,100.0,100.0,100.0,80.0,73.0,63.0,65.0,68.0,66.0,66.0,66.0,63.0,68.0
419,50.0,59.0,63.0,65.0,76.0,96.0,100.0,100.0,100.0,100.0,100.0,93.0,90.0,86.0,84.0,73.0,68.0,61.0,56.0,57.0,56.0,52.0,53.0,52.0
420,48.0,55.0,63.0,63.0,67.0,88.0,97.0,97.0,100.0,100.0,96.0,93.0,100.0,96.0,90.0,73.0,68.0,60.0,61.0,63.0,61.0,60.0,65.0,65.0
421,84.0,78.0,87.0,84.0,81.0,81.0,84.0,87.0,87.0,87.0,90.0,93.0,87.0,84.0,75.0,72.0,62.0,55.0,52.0,46.0,41.0,40.0,40.0,43.0
422,45.0,51.0,57.0,60.0,81.0,96.0,96.0,94.0,97.0,97.0,96.0,96.0,96.0,96.0,93.0,84.0,70.0,68.0,63.0,65.0,63.0,65.0,61.0,63.0
423,47.0,51.0,65.0,87.0,89.0,95.0,96.0,98.0,100.0,99.0,97.0,86.0,78.0,75.0,73.0,65.0,65.0,60.0,57.666666666666664,55.0,52.0,52.0,54.0,61.0
424,50.0,55.0,61.0,63.0,74.0,84.0,96.0,97.0,97.0,100.0,100.0,100.0,90.0,84.0,73.0,65.0,63.0,63.0,61.0,57.0,56.0,59.0,59.0,60.0
425,45.0,97.0,97.0,100.0,97.0,100.0,100.0,100.0,100.0,90.0,81.0,90.0,93.0,87.0,78.0,69.0,67.0,60.0,54.0,47.0,49.0,46.0,45.0,45.0
426,31.0,43.0,62.0,62.0,74.0,68.0,77.0,56.0,82.0,85.0,93.0,96.0,90.0,89.0,76.0,66.0,51.0,48.0,42.0,33.0,28.0,25.0,25.0,24.0
427,48.0,61.0,70.0,75.0,80.0,86.0,93.0,84.0,72.0,67.0,72.0,75.0,78.0,75.0,75.0,64.0,60.0,52.0,47.0,39.0,34.0,32.0,32.0,31.0
428,31.0,40.0,51.0,56.0,63.0,63.0,65.0,52.0,56.0,67.0,60.0,64.0,64.0,64.0,60.0,52.0,46.0,45.0,42.0,39.0,38.0,38.0,37.0,36.0
429,68.0,81.0,90.0,97.0,100.0,100.0,90.0,93.0,93.0,93.0,93.0,97.0,100.0,100.0,100.0,70.0,54.0,45.0,36.0,31.0,29.0,29.0,28.0,28.0
430,29.0,34.0,39.0,52.0,70.0,53.0,44.0,47.0,66.0,77.0,74.0,77.0,63.0,63.0,68.0,50.0,44.0,38.0,32.0,31.0,36.0,39.0,41.0,42.0
431,29.222222222222225,35.55555555555555,43.44444444444445,52.888888888888886,55.0,50.55555555555555,49.0,60.0,74.66666666666667,78.0,79.66666666666667,80.8888888888889,76.0,73.33333333333333,68.0,48.888888888888886,41.55555555555555,34.333333333333336,31.666666666666668,30.0,33.666666666666664,36.0,38.666666666666664,41.333333333333336
432,22.0,25.0,31.0,42.0,42.0,46.0,52.0,55.0,58.0,66.0,64.0,68.0,66.0,64.0,59.0,50.0,46.0,38.0,28.0,27.0,24.0,20.0,22.0,24.0
433,12.0,14.0,12.0,17.0,20.0,19.0,18.0,19.0,18.0,22.0,25.0,24.0,21.0,21.0,17.0,15.0,14.0,12.0,8.0,8.0,8.0,8.0,7.0,7.0
434,11.0,11.0,14.0,18.0,20.0,21.0,26.0,28.0,27.0,28.0,28.0,36.0,29.0,31.0,34.0,30.0,25.0,19.0,15.0,12.0,9.0,7.0,6.0,6.0
435,11.0,18.0,16.0,16.0,15.0,19.0,21.0,22.0,28.0,31.0,30.0,28.0,29.0,33.0,29.0,24.0,18.0,17.0,15.0,14.0,14.0,10.0,11.0,10.0
436,9.0,21.0,24.0,24.0,31.0,39.0,33.0,33.0,38.0,35.0,35.0,38.0,33.0,40.0,31.0,21.0,19.0,14.0,13.0,8.0,7.0,6.0,5.0,5.0
437,10.0,11.0,10.0,15.0,19.0,28.0,30.0,34.0,42.0,29.0,31.0,39.0,61.0,48.0,42.0,32.0,21.0,19.0,14.0,13.0,10.0,9.0,9.0,8.0
438,8.0,10.0,12.0,13.0,16.0,12.0,21.0,30.0,29.0,36.0,37.0,34.0,36.0,41.0,37.0,29.0,22.0,17.0,13.0,14.0,12.0,12.0,11.0,10.0
439,18.0,30.0,38.0,46.0,43.666666666666664,51.333333333333336,59.0,63.0,65.66666666666667,67.33333333333333,67.0,72.0,71.33333333333333,77.0,72.0,43.0,32.0,35.666666666666664,20.0,15.0,13.0,19.0,10.0,10.0
440,15.0,16.0,20.0,27.0,36.0,44.0,48.0,56.0,60.0,64.0,63.0,64.0,66.0,68.0,71.0,60.0,35.0,30.0,26.0,23.0,19.0,15.0,14.0,13.0
441,15.0,16.0,28.0,42.0,42.0,52.0,58.0,58.0,69.0,67.0,67.0,75.0,77.0,80.0,77.0,72.0,47.0,41.0,31.0,27.0,23.0,22.0,17.0,16.0
442,30.0,30.0,29.0,28.0,28.0,28.0,29.0,30.0,31.0,32.0,34.0,39.0,38.0,40.0,44.0,35.0,30.0,27.0,15.0,14.0,12.666666666666666,12.0,11.333333333333334,11.0
443,7.0,8.0,11.0,12.0,18.0,23.0,21.0,26.0,30.0,32.0,28.0,33.0,35.0,36.0,43.0,27.0,19.0,11.0,8.0,6.0,6.0,5.0,5.0,5.0
444,7.0,9.0,12.0,14.0,16.0,17.0,17.0,20.0,23.0,27.0,28.0,29.0,28.0,27.0,26.0,24.0,18.0,14.0,10.0,10.0,9.0,9.0,9.0,9.0
445,13.0,13.0,14.0,16.0,23.0,27.0,26.0,26.0,30.0,31.0,46.0,42.0,51.0,50.0,58.0,52.0,38.0,27.0,25.0,14.0,14.0,12.0,11.0,10.0
446,30.333333333333332,42.666666666666664,65.66666666666667,67.66666666666667,74.66666666666667,76.66666666666667,81.33333333333333,81.33333333333333,85.0,73.0,60.0,63.666666666666664,69.33333333333333,72.66666666666667,73.33333333333333,78.0,76.33333333333333,66.66666666666667,61.333333333333336,55.0,54.0,60.0,62.333333333333336,60.666666666666664
447,13.0,16.0,22.0,24.0,34.0,40.0,38.0,46.0,44.0,58.0,62.0,60.0,60.0,66.0,69.0,67.0,45.0,37.0,31.0,26.0,18.0,16.0,15.0,14.0
448,40.0,42.0,55.0,65.0,56.0,58.0,64.0,69.0,64.0,57.0,74.0,66.0,66.0,66.0,72.0,75.0,59.0,55.0,57.0,51.0,65.0,68.0,68.0,70.0
449,28.0,37.0,54.0,45.0,47.0,49.0,58.0,54.0,63.0,62.0,57.0,60.0,57.0,66.0,64.0,64.0,59.0,61.0,57.0,64.0,57.0,50.0,57.0,61.0
450,8.0,8.0,16.666666666666668,18.0,18.0,19.0,20.0,20.0,19.0,23.0,29.0,27.0,31.0,41.0,72.0,30.0,30.0,21.0,21.0,18.0,19.333333333333332,16.0,16.0,15.0
451,76.0,81.0,84.0,87.0,81.0,81.0,78.0,82.0,78.0,79.0,79.0,76.0,74.0,74.0,67.0,60.0,63.0,59.0,57.0,57.0,57.0,50.0,51.0,67.0
452,73.0,76.0,76.0,76.0,76.0,73.0,76.0,76.0,79.0,76.0,76.0,76.0,76.0,73.0,75.0,73.0,70.0,71.0,73.0,73.0,73.0,71.0,74.0,76.0
453,70.0,68.0,70.0,70.0,70.0,70.0,68.0,70.0,73.0,73.0,73.0,68.0,66.0,66.0,66.0,66.0,64.0,66.0,68.0,68.0,68.0,71.0,71.0,74.0
454,71.0,76.0,79.0,79.0,79.0,79.0,79.0,79.0,79.0,76.0,79.0,76.0,76.0,73.0,70.0,66.0,66.0,66.0,64.0,66.0,68.0,73.0,73.0,76.0
455,83.0,83.0,83.0,79.33333333333333,83.0,77.33333333333333,83.0,83.0,83.0,78.0,78.0,73.0,64.0,61.0,69.0,65.0,65.0,65.0,69.0,68.33333333333333,73.0,78.0,78.0,88.0
456,82.0,82.0,82.0,94.0,94.0,88.0,88.0,88.0,82.0,82.0,77.0,77.0,73.0,64.0,64.0,64.0,64.0,60.0,64.0,64.0,68.0,68.0,78.0,83.0
457,84.0,84.0,84.0,86.0,86.0,84.0,93.0,90.0,90.0,93.0,87.0,87.0,84.0,72.0,68.0,66.0,63.0,61.0,63.0,65.0,70.0,70.0,78.0,81.0
458,66.0,76.0,78.0,81.0,84.0,80.0,80.0,84.0,87.0,87.0,90.0,87.0,84.0,84.0,80.0,75.0,76.0,70.0,70.0,66.0,68.0,73.0,76.0,76.0
459,72.0,72.0,70.0,70.0,72.0,70.0,75.0,75.0,75.0,72.0,70.0,72.0,72.0,68.0,63.0,61.0,54.0,55.0,57.0,61.0,57.0,65.0,70.0,73.0
460,88.0,88.0,94.0,94.0,94.0,94.0,94.0,94.0,86.66666666666667,94.0,94.0,86.66666666666667,88.0,88.0,77.0,77.0,70.0,77.0,77.0,77.0,77.0,75.66666666666667,83.0,80.33333333333333
461,74.0,76.0,76.0,73.0,73.0,73.0,76.0,76.0,76.0,76.0,78.0,82.0,78.0,79.0,71.0,69.0,69.0,71.0,71.0,71.0,71.0,71.0,71.0,74.0
462,84.0,84.0,87.0,93.0,89.0,89.0,89.0,87.0,86.0,87.0,84.0,83.0,81.0,77.0,72.0,65.0,63.0,59.0,55.0,57.0,58.0,60.0,64.0,68.0
463,81.0,87.0,87.0,87.0,84.0,84.0,87.0,90.0,84.0,80.0,84.0,84.0,84.0,90.0,87.0,84.0,81.0,84.0,81.0,81.0,84.0,84.0,87.0,87.0
464,73.0,79.0,81.0,81.0,84.0,84.0,84.0,84.0,84.0,87.0,90.0,87.0,87.0,84.0,87.0,84.0,84.0,81.0,79.0,76.0,76.0,79.0,79.0,81.0
465,90.0,93.0,93.0,93.0,96.0,93.0,93.0,93.0,96.0,96.0,96.0,100.0,97.0,93.0,96.0,90.0,93.0,90.0,90.0,90.0,90.0,87.0,87.0,87.0
466,93.22222222222223,93.66666666666667,92.22222222222223,92.55555555555556,93.8888888888889,93.8888888888889,94.0,92.66666666666667,92.55555555555556,92.1111111111111,93.1111111111111,92.77777777777777,90.0,90.0,86.66666666666667,82.1111111111111,84.33333333333333,78.8888888888889,68.33333333333333,62.77777777777778,59.22222222222222,53.44444444444445,49.666666666666664,52.333333333333336
467,76.0,73.0,75.0,76.0,73.0,76.0,76.0,76.0,76.0,76.0,81.0,84.0,90.0,84.0,81.0,81.0,76.0,73.0,71.0,64.0,68.0,68.0,73.0,73.0
468,73.0,76.0,73.0,75.0,73.0,73.0,73.0,75.0,78.0,78.0,81.0,78.0,81.0,81.0,78.0,78.0,73.0,76.0,70.0,73.0,71.0,70.0,71.0,75.0
469,87.0,90.0,93.0,93.0,96.0,97.0,96.0,90.0,93.0,90.0,90.0,87.0,87.0,84.0,81.0,79.0,79.0,74.0,72.0,74.0,74.0,77.0,76.0,82.0
470,71.0,79.0,85.0,84.0,81.0,84.0,87.0,90.0,90.0,90.0,93.0,93.0,93.0,82.0,74.0,67.0,63.0,61.0,57.0,55.0,55.0,59.0,59.0,63.0
471,71.0,74.0,76.0,79.0,79.0,77.0,79.0,82.0,79.0,82.0,82.0,82.0,82.0,76.0,69.0,65.0,59.0,57.0,55.0,53.0,52.0,55.0,84.0,84.0
472,83.0,100.0,78.0,94.0,94.0,94.0,100.0,94.0,100.0,94.0,94.0,94.0,94.0,94.0,88.0,88.0,83.0,83.0,83.0,88.0,88.0,88.0,88.0,83.0
473,78.33333333333333,79.0,81.0,85.0,84.0,85.0,84.0,85.33333333333333,83.66666666666667,84.33333333333333,82.33333333333333,81.66666666666667,80.0,77.33333333333333,74.0,69.66666666666667,67.0,64.0,60.333333333333336,60.666666666666664,55.666666666666664,52.333333333333336,54.333333333333336,76.0
474,74.0,79.0,77.0,69.0,71.0,74.0,76.0,76.0,74.0,74.0,74.0,77.0,77.0,72.0,65.0,61.0,53.0,50.0,49.0,47.0,50.0,67.0,67.0,71.0
475,88.0,82.0,79.0,82.0,85.0,85.0,85.0,85.0,85.0,87.0,91.0,87.0,87.0,84.0,76.0,69.0,65.0,61.0,57.0,59.0,57.0,61.0,74.0,96.0
476,74.0,71.0,69.0,69.0,71.0,71.0,74.0,74.0,76.0,76.0,76.0,76.0,74.0,72.0,67.0,61.0,57.0,52.0,47.0,47.0,50.0,53.0,79.0,77.0
477,81.0,81.0,90.0,93.0,93.0,93.0,76.0,76.0,74.0,74.0,76.0,79.0,74.0,74.0,77.0,69.0,57.0,53.0,50.0,52.0,48.0,56.0,85.0,79.0
478,81.0,75.0,75.0,81.0,84.0,84.0,87.0,84.0,83.0,84.0,81.0,79.0,79.0,74.0,71.0,67.0,61.0,57.0,55.0,54.0,45.0,47.0,50.0,94.0
479,45.0,47.0,48.0,50.0,53.0,53.0,57.0,57.0,56.0,56.0,58.0,60.0,58.0,60.0,64.0,66.0,60.0,54.0,50.0,48.0,46.0,46.0,46.0,50.0
480,55.0,57.0,63.0,65.0,65.0,68.0,64.0,64.0,69.0,70.0,71.0,68.0,86.0,90.0,86.0,79.0,68.0,69.0,60.0,46.0,45.0,46.0,50.0,51.0
481,63.0,59.0,63.0,63.0,63.0,67.0,67.0,67.0,67.0,67.0,82.0,94.0,76.0,76.0,76.0,71.0,60.0,59.0,55.0,55.0,55.0,53.0,53.0,56.0
482,68.0,74.0,74.0,79.0,79.0,82.0,82.0,84.0,82.0,82.0,79.0,79.0,79.0,71.0,65.0,72.0,65.0,71.0,67.0,69.0,65.0,58.0,52.0,50.0
483,43.0,45.0,50.0,50.0,55.0,57.0,58.0,58.0,56.0,58.0,62.0,69.0,74.0,76.0,62.0,64.0,62.0,56.0,50.0,46.0,43.0,46.0,47.0,47.0
484,94.0,87.0,82.0,76.0,74.0,74.0,71.0,71.0,71.0,69.0,66.0,64.0,81.0,90.0,91.0,87.0,71.0,69.0,66.0,62.0,61.0,55.0,57.0,63.0
485,77.0,71.0,85.0,90.0,85.0,84.0,74.0,77.0,71.0,67.0,69.0,66.0,69.0,67.0,60.0,55.0,51.0,51.0,58.0,56.0,55.0,48.0,46.0,45.0
486,76.0,79.0,82.0,84.0,87.0,87.0,84.0,82.0,82.0,76.0,76.0,76.0,74.0,62.0,55.0,55.0,57.0,60.0,64.0,60.0,57.0,43.0,39.0,46.0
487,93.0,93.0,93.0,93.0,93.0,93.0,93.0,93.0,93.0,93.0,90.0,87.0,90.0,78.0,84.0,88.0,89.0,83.0,76.0,74.0,74.0,71.0,71.0,71.0
488,79.0,84.0,88.0,87.0,85.0,79.0,77.0,74.0,77.0,74.0,74.0,74.0,71.0,91.0,87.0,82.0,76.0,71.0,67.0,64.0,54.0,55.0,57.0,63.0
489,51.666666666666664,58.666666666666664,63.666666666666664,64.66666666666667,72.0,88.66666666666667,89.0,91.66666666666667,94.33333333333333,95.33333333333333,94.33333333333333,93.0,90.0,84.66666666666667,80.0,71.0,67.66666666666667,61.666666666666664,59.0,59.666666666666664,57.0,55.666666666666664,58.333333333333336,56.666666666666664
490,57.0,61.0,61.0,63.0,65.0,67.0,69.0,69.0,79.0,84.0,90.0,87.0,82.0,81.0,76.0,65.0,63.0,65.0,56.0,50.0,47.0,46.0,49.0,50.0
491,57.0,55.0,63.0,61.0,62.0,60.0,58.0,60.0,62.0,79.0,84.0,87.0,84.0,84.0,84.0,70.0,65.0,59.0,59.0,54.0,50.0,49.0,54.0,56.0
492,55.0,61.0,61.0,63.0,65.0,63.0,65.0,67.0,82.0,87.0,84.0,84.0,84.0,76.0,76.0,70.0,66.0,63.0,57.0,54.0,53.0,51.0,50.0,52.0
493,61.0,63.0,65.0,67.0,69.0,71.0,93.0,97.0,97.0,97.0,97.0,93.0,90.0,87.0,87.0,78.0,64.0,67.0,63.0,58.0,56.0,56.0,56.0,64.0
494,53.0,53.0,58.0,58.0,94.0,97.0,100.0,96.0,97.0,93.0,87.0,90.0,87.0,84.0,78.0,72.0,60.0,58.0,56.0,52.0,52.0,49.0,56.0,56.0
495,67.0,67.0,69.0,72.0,72.0,72.0,73.0,93.0,93.0,93.0,93.0,93.0,90.0,84.0,80.0,75.0,78.0,65.0,63.0,60.0,58.0,60.0,64.0,66.0
496,57.0,63.0,69.0,90.0,93.0,97.0,100.0,97.0,97.0,96.0,90.0,90.0,87.0,81.0,78.0,72.0,67.0,64.0,62.0,60.0,62.0,64.0,66.0,66.0
497,62.0,96.0,96.0,96.0,96.0,97.0,90.0,90.0,90.0,90.0,87.0,86.0,83.0,83.0,77.0,70.0,66.0,62.0,60.0,60.0,60.0,64.0,60.0,64.0
498,62.0,83.0,87.0,87.0,90.0,87.0,80.0,84.0,84.0,81.0,80.0,81.0,78.0,78.0,78.0,72.0,69.0,56.0,54.0,52.0,48.0,48.0,47.0,50.0
499,82.0,90.0,90.0,93.0,93.0,93.0,81.0,84.0,81.0,80.0,83.0,81.0,72.0,72.0,70.0,67.0,58.0,54.0,52.0,47.0,45.0,45.0,47.0,48.0
500,87.0,90.0,93.0,90.0,84.0,81.0,81.0,81.0,86.0,86.0,86.0,80.0,80.0,77.0,69.0,62.0,58.0,54.0,48.0,46.0,46.0,45.0,45.0,45.0
501,68.33333333333333,87.66666666666667,90.66666666666667,91.33333333333333,93.66666666666667,89.0,84.0,85.66666666666667,84.66666666666667,85.33333333333333,84.33333333333333,83.33333333333333,80.66666666666667,80.0,78.66666666666667,76.0,71.0,59.333333333333336,55.666666666666664,54.666666666666664,52.666666666666664,51.666666666666664,50.333333333333336,53.0
502,47.0,78.0,91.0,93.0,95.0,96.0,90.0,83.0,83.0,83.0,83.0,84.0,79.0,74.0,73.0,74.0,73.0,66.0,55.0,55.0,54.0,53.0,52.0,53.0
503,76.66666666666667,80.33333333333333,85.0,85.66666666666667,88.66666666666667,91.33333333333333,96.33333333333333,94.66666666666667,94.66666666666667,88.33333333333333,92.66666666666667,87.66666666666667,85.66666666666667,83.66666666666667,78.66666666666667,63.666666666666664,58.0,58.666666666666664,55.666666666666664,56.333333333333336,55.666666666666664,56.333333333333336,61.0,68.33333333333333
504,81.0,81.0,84.0,78.0,75.0,78.0,81.0,83.0,89.0,90.0,80.0,80.0,80.0,77.0,69.0,74.0,60.0,57.0,57.0,57.0,53.0,51.0,49.0,53.0
505,84.0,84.0,84.0,87.0,84.0,83.0,83.0,84.0,83.0,89.0,93.0,90.0,86.0,74.0,74.0,71.0,66.0,69.0,62.0,64.0,62.0,64.0,59.0,62.0
506,84.0,85.0,94.33333333333333,95.66666666666667,94.33333333333333,90.33333333333333,89.0,89.0,90.33333333333333,90.33333333333333,90.66666666666667,86.0,82.66666666666667,83.66666666666667,81.33333333333333,73.33333333333333,66.66666666666667,58.0,53.0,52.666666666666664,50.666666666666664,49.0,48.0,51.0
507,53.0,78.0,72.0,81.0,80.0,80.0,83.0,86.0,86.0,86.0,89.0,85.0,89.0,92.0,82.0,69.0,62.0,43.0,34.0,32.0,31.0,30.0,29.0,29.0
508,78.0,81.0,78.0,81.0,81.0,90.0,92.0,93.0,97.0,93.0,93.0,93.0,90.0,93.0,86.0,72.0,62.0,54.0,45.0,42.0,38.0,34.0,34.0,38.0
509,11.0,12.0,64.0,69.0,71.0,71.0,76.0,79.0,89.0,89.0,92.0,89.0,89.0,93.0,86.0,68.0,66.0,53.0,44.0,43.0,37.0,33.0,30.0,28.0
510,17.0,23.0,26.0,31.0,55.0,74.0,83.0,83.0,86.0,89.0,93.0,86.0,82.0,93.0,83.0,52.0,38.0,30.0,26.0,26.0,24.0,22.0,22.0,25.0
511,59.0,72.0,83.0,83.0,86.0,90.0,89.0,97.0,90.0,96.0,97.0,100.0,100.0,96.0,97.0,80.0,64.0,52.0,38.0,36.0,32.0,31.0,28.0,30.0
512,75.0,78.0,84.0,89.0,93.0,92.0,89.0,93.0,83.0,83.0,86.0,86.0,80.0,83.0,74.0,68.0,63.0,59.0,57.0,55.0,49.0,49.0,46.0,46.0
513,46.0,57.0,69.0,80.0,82.0,92.0,97.0,100.0,96.0,96.0,100.0,100.0,100.0,96.0,96.0,74.0,55.0,43.0,36.0,29.0,23.0,22.0,21.0,18.0
514,31.0,37.0,68.0,68.0,80.0,82.0,80.0,92.0,92.0,96.0,96.0,96.0,96.0,96.0,92.0,76.0,66.0,36.0,15.0,14.0,10.0,9.0,7.0,7.0
515,14.0,13.0,22.0,21.0,33.0,49.0,38.0,66.0,48.0,56.0,60.0,61.0,66.0,63.0,58.0,36.0,20.0,16.0,12.0,13.0,12.0,10.0,9.0,8.0
516,17.0,16.0,15.0,16.0,19.0,20.0,18.0,18.0,27.0,34.0,32.0,32.0,36.0,43.0,43.0,39.0,35.0,24.0,19.0,17.0,14.0,15.0,15.0,16.0
517,8.0,9.0,12.0,14.0,16.0,17.0,20.0,21.0,23.0,26.0,28.0,30.0,32.0,31.0,29.0,24.0,18.0,14.0,12.0,9.0,7.0,6.0,6.0,6.0
518,11.0,12.0,15.0,19.0,22.0,22.0,20.0,20.0,21.0,22.0,21.0,26.0,23.0,23.0,24.0,18.0,18.0,16.0,14.0,11.0,10.0,9.0,10.0,10.0
519,26.0,24.0,42.0,47.0,50.0,50.0,52.0,47.0,65.0,57.0,58.0,57.0,49.0,50.0,70.0,65.0,52.0,47.0,42.0,34.0,32.0,26.0,25.0,22.0
520,21.0,24.0,26.0,29.0,28.0,27.0,36.0,61.0,69.0,68.0,74.0,71.0,66.0,75.0,68.0,49.0,34.0,29.0,26.0,19.0,14.0,13.0,13.0,13.0
521,13.0,17.0,21.0,27.0,21.0,26.0,22.0,28.0,41.0,41.0,50.0,52.0,61.0,59.0,52.0,35.0,22.0,20.0,17.0,14.0,18.0,14.0,13.0,13.0
522,13.0,13.0,15.0,19.0,20.0,19.0,23.0,29.0,42.0,48.0,44.0,40.0,50.0,56.0,42.0,43.0,30.0,17.0,15.0,17.0,13.0,12.0,11.0,10.0
523,14.0,16.0,20.0,24.0,23.0,27.0,25.0,28.0,31.0,36.0,42.0,33.0,29.0,38.0,42.0,30.0,24.0,19.0,18.0,16.0,14.0,14.0,13.0,12.0
524,11.0,11.0,16.0,17.0,24.0,28.0,32.0,39.0,38.0,42.0,43.0,49.0,45.0,47.0,48.0,36.0,21.0,16.0,13.0,12.0,10.0,9.0,9.0,8.0
525,13.0,13.0,16.0,27.0,28.0,30.0,34.0,37.0,39.0,42.0,42.0,48.0,45.0,52.0,52.0,42.0,30.0,27.0,22.0,19.0,18.0,14.0,11.0,9.0
526,29.0,39.0,50.0,44.0,40.0,43.0,52.0,46.0,42.0,39.0,39.0,42.0,42.0,45.0,42.0,38.0,33.0,50.0,39.0,39.0,44.0,47.0,50.0,50.0
527,17.0,23.0,37.333333333333336,48.333333333333336,50.0,43.666666666666664,44.333333333333336,45.666666666666664,44.333333333333336,44.0,45.333333333333336,57.333333333333336,56.0,52.333333333333336,59.333333333333336,43.666666666666664,34.0,27.666666666666668,25.333333333333332,23.333333333333332,20.666666666666668,19.333333333333332,14.0,13.0
528,8.0,8.0,12.0,15.0,23.0,33.0,39.0,36.0,34.0,34.0,33.0,37.0,34.0,36.0,43.0,36.0,27.0,21.0,19.0,19.0,18.0,15.0,15.0,16.0
529,6.0,6.0,11.0,15.0,20.0,26.0,26.0,29.0,34.0,39.0,42.0,42.0,48.0,50.0,54.0,48.0,33.0,23.0,17.0,16.0,15.0,15.0,14.0,11.0
530,50.0,40.0,82.0,82.0,88.0,88.0,88.0,88.0,94.0,82.0,67.0,67.0,82.0,88.0,77.0,82.0,77.0,68.0,60.0,57.0,57.0,73.0,68.0,60.666666666666664
531,87.33333333333333,90.66666666666667,92.0,95.0,94.33333333333333,93.66666666666667,94.0,92.0,92.33333333333333,91.33333333333333,88.0,86.33333333333333,85.66666666666667,83.0,92.33333333333333,91.0,88.66666666666667,86.66666666666667,84.66666666666667,84.0,86.33333333333333,87.0,88.0,89.33333333333333
532,87.0,87.0,90.0,90.0,90.0,90.0,93.0,93.0,93.0,90.0,93.0,90.0,90.0,83.0,78.0,75.0,72.0,72.0,68.0,70.0,76.0,78.0,78.0,80.0
533,93.0,90.0,93.0,93.0,97.0,100.0,100.0,96.0,97.0,93.0,93.0,90.0,87.0,75.0,72.0,65.0,67.0,68.0,72.0,75.0,78.0,84.0,81.0,84.0
534,75.0,80.0,80.0,86.0,86.0,89.0,89.0,93.0,93.0,97.0,97.0,96.0,86.0,78.0,67.0,58.0,60.0,56.0,67.0,74.0,90.0,90.0,87.0,83.0
535,70.0,75.0,83.0,83.0,83.0,87.0,83.0,80.0,87.0,78.0,72.0,72.0,70.0,72.0,78.0,75.0,72.0,75.0,75.0,75.0,78.0,76.0,78.0,75.0
536,89.33333333333333,92.33333333333333,91.33333333333333,95.66666666666667,97.0,97.66666666666667,97.66666666666667,94.33333333333333,93.66666666666667,93.33333333333333,90.66666666666667,88.33333333333333,89.0,88.66666666666667,92.0,94.66666666666667,96.66666666666667,95.0,94.33333333333333,92.33333333333333,91.66666666666667,91.33333333333333,92.66666666666667,92.0
537,70.0,42.0,24.0,24.0,42.0,36.0,26.0,26.0,100.0,100.0,100.0,100.0,100.0,100.0,100.0,100.0,100.0,100.0,100.0,100.0,100.0,100.0,100.0,100.0
538,90.0,93.0,97.0,100.0,100.0,100.0,100.0,96.0,96.0,93.0,87.0,87.0,84.0,81.0,97.0,97.0,93.0,90.0,83.0,83.0,87.0,86.0,87.0,90.0
539,93.0,93.0,97.0,93.0,96.0,100.0,97.0,100.0,100.0,96.0,96.0,93.0,90.0,81.0,75.0,84.0,89.0,89.0,86.0,87.0,84.0,84.0,87.0,83.0
540,75.0,81.0,87.0,87.0,87.0,87.0,83.0,87.0,81.0,78.0,70.0,70.0,87.0,90.0,84.0,87.0,84.0,78.0,76.0,76.0,76.0,73.0,73.0,73.0
541,97.0,100.0,96.0,93.0,97.0,97.0,96.0,100.0,100.0,100.0,100.0,100.0,100.0,100.0,93.0,93.0,93.0,89.0,97.0,96.0,96.0,97.0,97.0,96.0
542,93.0,96.0,96.0,96.0,100.0,100.0,100.0,100.0,93.0,100.0,96.0,100.0,96.0,97.0,96.0,96.0,93.0,93.0,87.0,87.0,84.0,84.0,81.0,84.0
543,94.66666666666667,94.0,94.0,95.0,92.0,95.0,89.0,90.0,91.0,90.0,89.0,88.0,83.0,73.0,73.0,59.0,63.0,63.0,67.0,62.0,61.666666666666664,71.0,66.0,72.33333333333333
544,96.33333333333333,95.66666666666667,95.66666666666667,95.33333333333333,95.0,93.33333333333333,93.0,83.66666666666667,85.66666666666667,92.0,95.66666666666667,95.33333333333333,91.66666666666667,86.0,84.33333333333333,84.66666666666667,80.66666666666667,68.66666666666667,68.0,58.666666666666664,62.0,65.0,67.33333333333333,70.33333333333333
545,77.0,79.0,79.0,82.0,79.0,79.0,72.0,72.0,69.0,67.0,66.0,85.0,82.0,88.0,88.0,76.0,71.0,74.0,74.0,62.0,59.0,65.0,59.0,61.0
546,82.0,76.0,67.0,64.0,58.0,60.0,65.0,71.0,71.0,74.0,74.0,74.0,76.0,76.0,66.0,66.0,71.0,73.0,55.0,55.0,56.0,56.0,60.0,58.0
547,90.0,93.0,93.0,96.0,93.0,87.0,82.0,76.0,79.0,79.0,74.0,76.0,71.0,71.0,69.0,69.0,69.0,69.0,64.0,60.0,54.0,50.0,55.0,57.0
548,97.0,97.0,96.0,93.0,90.0,93.0,93.0,90.0,87.0,81.0,79.0,87.0,84.0,76.0,74.0,68.0,73.0,68.0,51.0,55.0,63.0,58.0,65.0,72.0
549,90.0,93.0,93.0,93.0,93.0,93.0,93.0,90.0,90.0,90.0,81.0,93.0,87.0,79.0,69.0,74.0,58.0,58.0,43.0,45.0,47.0,51.0,65.0,53.0
550,91.0,91.0,82.0,69.0,65.0,63.0,63.0,63.0,62.0,62.0,71.0,79.0,73.0,76.0,79.0,64.0,68.0,59.0,55.0,51.0,53.0,54.0,52.0,56.0
551,68.0,69.0,67.0,65.0,67.0,67.0,69.0,87.0,90.0,90.0,87.0,87.0,90.0,76.0,81.0,78.0,72.0,63.0,64.0,62.0,58.0,62.0,60.0,62.0
552,96.0,96.0,96.0,93.0,93.0,87.0,72.0,69.0,90.0,87.0,87.0,87.0,87.0,84.0,84.0,68.0,66.0,65.0,63.0,65.0,63.0,58.0,60.0,59.0
553,88.0,94.0,79.0,91.0,94.0,87.0,90.0,93.0,84.0,81.0,79.0,78.0,72.0,78.0,72.0,72.0,69.0,69.0,69.0,64.0,62.0,60.0,60.0,55.0
554,85.0,96.0,93.0,93.0,100.0,96.0,93.0,87.0,90.0,93.0,93.0,86.0,90.0,86.0,83.0,86.0,80.0,80.0,77.0,69.0,66.0,62.0,62.0,64.0
555,100.0,96.0,96.0,97.0,88.0,74.0,93.0,90.0,93.0,90.0,90.0,90.0,87.0,73.0,73.0,70.0,72.0,68.0,56.0,59.0,60.0,60.0,53.0,60.0
556,100.0,100.0,100.0,90.0,96.0,96.0,93.0,93.0,93.0,93.0,87.0,90.0,93.0,87.0,80.0,75.0,69.0,72.0,77.0,66.0,61.0,66.0,66.0,66.0
557,96.0,97.0,97.0,96.0,97.0,96.0,90.0,90.0,97.0,93.0,93.0,93.0,90.0,78.0,78.0,68.0,65.0,58.0,56.0,52.0,57.0,62.0,66.0,66.0
558,92.33333333333333,91.33333333333333,89.33333333333333,90.33333333333333,87.33333333333333,86.33333333333333,87.0,86.33333333333333,83.66666666666667,85.66666666666667,84.0,78.66666666666667,80.0,74.33333333333333,75.0,74.66666666666667,72.33333333333333,65.66666666666667,65.0,68.66666666666667,64.33333333333333,64.0,60.333333333333336,62.666666666666664
559,90.0,87.0,87.0,83.0,87.0,86.0,86.0,83.0,84.0,80.0,83.0,89.0,83.0,83.0,83.0,83.0,77.0,74.0,71.0,66.0,60.0,53.0,51.0,51.0
560,88.33333333333333,87.66666666666667,85.66666666666667,87.0,89.66666666666667,90.0,91.0,92.33333333333333,91.66666666666667,89.0,83.66666666666667,78.66666666666667,81.0,82.33333333333333,79.66666666666667,76.33333333333333,72.66666666666667,70.0,70.33333333333333,64.66666666666667,61.0,57.666666666666664,56.0,55.666666666666664
561,95.0,96.0,96.0,100.0,100.0,100.0,100.0,100.0,100.0,99.0,89.0,80.0,86.0,87.0,88.0,82.0,78.0,76.0,77.0,71.0,63.0,60.0,57.0,57.0
562,90.0,97.0,93.0,89.0,89.0,86.0,86.0,86.0,93.0,93.0,89.0,86.0,86.0,82.0,80.0,73.0,71.0,63.0,61.0,55.0,55.0,46.0,47.0,44.0
563,100.0,97.0,97.0,97.0,97.0,96.0,97.0,96.0,90.0,89.0,93.0,96.0,93.0,86.0,83.0,76.0,74.0,71.0,63.0,61.0,59.0,51.0,46.0,44.0
564,86.33333333333333,85.66666666666667,87.33333333333333,94.0,96.0,94.66666666666667,91.66666666666667,90.0,87.66666666666667,86.33333333333333,84.33333333333333,82.33333333333333,84.0,82.66666666666667,79.33333333333333,76.0,72.77777777777777,72.33333333333333,69.33333333333333,63.666666666666664,58.666666666666664,56.666666666666664,54.0,56.666666666666664
565,100.0,100.0,96.0,97.0,97.0,93.0,84.0,87.0,87.0,83.0,90.0,86.0,93.0,96.0,89.0,77.0,80.0,69.0,68.0,66.0,62.0,53.0,51.0,57.0
566,97.0,96.0,97.0,93.0,100.0,96.0,93.0,93.0,93.0,93.0,100.0,93.0,89.0,85.0,82.0,76.0,71.0,61.0,55.0,52.0,44.0,41.0,41.0,42.0
567,75.0,74.0,77.0,77.0,80.0,83.0,82.0,79.0,73.0,82.0,76.0,79.0,86.0,92.0,82.0,76.0,73.0,74.0,68.0,64.0,57.0,53.0,50.0,48.0
568,57.0,66.0,74.0,83.0,90.0,90.0,86.0,89.0,93.0,89.0,96.0,96.0,92.0,92.0,89.0,80.0,71.0,62.0,52.0,46.0,42.0,39.0,33.0,31.0
569,58.0,74.0,86.0,93.0,89.0,83.0,89.0,93.0,93.0,93.0,96.0,96.0,100.0,96.0,93.0,86.0,72.0,60.0,48.0,39.0,31.0,29.0,28.0,30.0
570,12.0,13.0,15.0,21.0,23.0,22.0,24.0,24.0,29.0,35.0,37.0,38.0,35.0,36.0,33.0,26.0,21.0,15.0,9.0,9.0,8.0,9.0,8.0,9.0
571,51.0,59.0,77.0,52.0,61.0,63.0,68.0,82.0,89.0,89.0,82.0,83.0,79.0,73.0,65.0,56.0,63.0,47.0,33.0,27.0,23.0,20.0,20.0,20.0
572,14.0,14.0,20.0,24.0,24.0,28.0,31.0,33.0,44.0,44.0,50.0,48.0,49.0,49.0,44.0,36.0,26.0,19.0,14.0,13.0,12.0,11.0,12.0,11.0
573,27.0,39.0,51.0,58.0,58.0,61.0,63.0,61.0,65.0,60.0,67.0,78.0,79.0,85.0,83.0,65.0,61.0,50.0,44.0,38.0,30.0,23.0,19.0,22.0
574,53.0,55.0,59.0,74.0,80.0,86.0,86.0,89.0,93.0,85.0,97.0,93.0,97.0,100.0,100.0,100.0,100.0,93.0,66.0,49.0,43.0,36.0,34.0,33.0
575,21.0,21.0,25.0,29.0,33.0,29.0,31.0,34.0,31.0,35.0,35.0,36.0,36.0,36.0,36.0,31.0,37.0,26.0,17.0,17.0,14.0,14.0,12.0,12.0
576,12.0,13.0,23.0,28.0,31.0,30.0,46.0,44.0,41.0,49.0,49.0,51.0,63.0,58.0,60.0,41.0,29.0,27.0,20.0,15.0,14.0,12.0,11.0,11.0
577,28.0,46.0,40.0,42.0,50.0,65.0,67.0,70.0,76.0,72.0,75.0,85.0,75.0,81.0,81.0,79.0,53.0,44.0,32.0,29.0,24.0,22.0,21.0,20.0
578,28.0,31.0,35.0,42.0,41.0,46.0,54.0,48.0,50.0,55.0,52.0,56.0,54.0,54.0,58.0,52.0,38.0,28.0,26.0,26.0,24.0,20.0,18.0,21.0
579,22.333333333333332,21.333333333333332,28.333333333333332,34.333333333333336,42.333333333333336,52.333333333333336,52.666666666666664,54.666666666666664,57.0,62.666666666666664,65.66666666666667,72.33333333333333,73.33333333333333,76.66666666666667,74.0,66.66666666666667,55.0,47.0,40.666666666666664,31.0,26.666666666666668,24.0,21.0,18.666666666666668
580,96.0,100.0,100.0,100.0,100.0,100.0,100.0,100.0,100.0,100.0,100.0,100.0,100.0,100.0,100.0,93.0,80.0,86.0,77.0,86.0,74.0,72.0,96.0,96.0
581,100.0,100.0,100.0,100.0,100.0,100.0,100.0,100.0,100.0,100.0,100.0,100.0,100.0,95.33333333333333,94.0,100.0,94.0,94.0,94.0,94.0,94.0,94.0,94.0,94.0
582,89.0,93.0,93.0,93.0,93.0,96.0,93.0,97.0,97.0,93.0,97.0,96.0,97.0,96.0,93.0,92.0,89.0,86.0,90.0,90.0,86.0,83.0,86.0,86.0
583,97.0,96.0,96.0,100.0,97.0,97.0,100.0,100.0,100.0,100.0,100.0,97.0,100.0,100.0,97.0,92.0,93.0,93.0,90.0,90.0,86.0,83.0,86.0,86.0
584,93.0,93.0,97.0,93.0,93.0,93.0,97.0,96.0,93.0,93.0,90.0,87.0,87.0,87.0,81.0,87.0,79.0,70.0,81.0,67.0,72.0,80.0,71.0,77.0
585,97.66666666666667,97.66666666666667,97.66666666666667,100.0,99.33333333333333,97.66666666666667,97.66666666666667,97.66666666666667,97.66666666666667,96.66666666666667,96.66666666666667,95.66666666666667,93.0,96.66666666666667,94.33333333333333,91.33333333333333,92.33333333333333,95.0,94.33333333333333,88.0,88.33333333333333,82.33333333333333,72.33333333333333,70.33333333333333
586,95.0,93.66666666666667,94.66666666666667,93.66666666666667,92.66666666666667,92.66666666666667,89.66666666666667,90.0,89.33333333333333,89.0,88.66666666666667,88.0,83.66666666666667,77.33333333333333,73.0,64.66666666666667,64.33333333333333,64.0,69.66666666666667,66.66666666666667,61.666666666666664,70.33333333333333,68.33333333333333,72.33333333333333
587,93.0,93.0,93.0,96.0,93.0,96.0,93.0,96.0,96.0,93.0,90.0,84.0,81.0,77.0,86.0,89.0,86.0,77.0,68.0,68.0,68.0,63.0,63.0,66.0
588,90.0,90.0,93.0,93.0,93.0,93.0,93.0,93.0,89.0,90.0,89.0,89.0,86.0,86.0,80.0,80.0,73.0,76.0,68.0,61.0,53.0,51.0,47.0,51.0
589,15.666666666666666,16.0,28.0,31.333333333333332,42.0,42.666666666666664,44.0,43.333333333333336,43.0,46.0,50.0,49.0,55.333333333333336,62.0,74.0,54.666666666666664,39.0,29.333333333333332,25.0,23.333333333333332,21.333333333333332,19.333333333333332,16.0,14.666666666666666
590,97.0,97.0,100.0,100.0,96.0,97.0,96.0,97.0,96.0,93.0,93.0,89.0,89.0,89.0,83.0,77.0,66.0,57.0,51.0,49.0,39.0,41.0,34.0,46.0
591,97.0,97.0,97.0,99.0,99.0,99.0,99.0,97.0,96.0,95.0,95.0,93.0,97.0,97.0,95.0,91.0,80.0,66.0,58.0,53.0,49.0,44.0,43.0,52.0
592,97.0,96.0,96.0,97.0,96.0,96.0,92.0,92.0,96.0,92.0,96.0,96.0,96.0,96.0,92.0,86.0,86.0,79.0,68.0,61.0,54.0,48.0,51.0,54.0
593,96.0,97.0,93.0,93.0,96.0,96.0,96.0,93.0,93.0,93.0,89.0,89.0,89.0,89.0,82.0,80.0,79.0,68.0,56.0,55.0,52.0,49.0,47.0,53.0
594,44.0,41.0,53.0,71.0,57.0,57.0,70.0,61.0,70.0,65.0,65.0,65.0,70.0,70.0,57.0,46.0,54.0,31.0,26.0,26.0,29.0,27.0,30.0,37.0
595,27.0,27.0,38.0,54.0,66.0,71.0,71.0,74.0,86.0,82.0,79.0,92.0,82.0,86.0,79.0,76.0,76.0,68.0,52.0,47.0,42.0,32.0,27.0,26.0
596,22.0,26.0,36.0,39.0,44.0,46.0,52.0,48.0,60.0,56.0,65.0,62.0,65.0,73.0,73.0,70.0,59.0,48.0,39.0,31.0,26.0,23.0,22.0,21.0
597,29.0,38.0,62.0,66.0,70.0,75.0,81.0,75.0,81.0,81.0,86.0,81.66666666666667,86.0,81.33333333333333,75.0,70.0,58.0,39.0,28.0,26.0,23.0,21.0,20.0,21.0
598,80.0,86.0,93.0,96.0,97.0,100.0,100.0,96.0,100.0,93.0,93.0,96.0,96.0,100.0,97.0,80.0,69.0,62.0,51.0,42.0,36.0,31.0,27.0,26.0
599,80.0,49.666666666666664,58.0,73.66666666666667,80.66666666666667,79.66666666666667,100.0,84.0,87.33333333333333,83.66666666666667,83.66666666666667,92.0,96.0,79.66666666666667,80.33333333333333,71.33333333333333,65.0,59.666666666666664,51.0,39.333333333333336,32.666666666666664,27.333333333333332,25.333333333333332,23.666666666666668
600,29.0,30.0,38.0,57.0,60.0,57.0,68.0,71.0,73.0,76.0,80.0,82.0,86.0,86.0,85.0,80.0,62.0,58.0,48.0,45.0,42.0,42.0,39.0,38.0
601,30.0,31.0,34.0,38.0,42.0,46.0,47.0,53.0,53.0,60.0,62.0,66.0,64.0,71.0,77.0,69.0,62.0,60.0,58.0,52.0,50.0,48.0,47.0,45.0
602,30.0,30.0,34.0,35.0,44.0,44.0,45.0,50.0,54.0,56.0,57.0,63.0,66.0,65.0,68.0,63.0,55.0,48.0,38.0,34.0,26.0,22.0,21.0,20.0
603,27.333333333333332,29.0,31.666666666666668,42.333333333333336,45.666666666666664,55.333333333333336,59.0,63.333333333333336,62.666666666666664,65.0,70.0,72.66666666666667,74.0,76.66666666666667,76.0,68.33333333333333,49.666666666666664,43.333333333333336,37.666666666666664,34.333333333333336,30.0,26.0,24.0,25.0
604,35.0,36.0,39.0,39.0,41.0,42.0,45.0,49.0,50.0,50.0,54.0,56.0,54.0,56.0,59.0,56.0,47.0,39.0,33.0,33.0,33.0,30.0,31.0,31.0
605,29.333333333333332,29.666666666666668,35.666666666666664,44.666666666666664,50.666666666666664,60.666666666666664,64.33333333333333,67.66666666666667,67.66666666666667,73.33333333333333,73.0,79.33333333333333,83.33333333333333,83.0,81.0,73.33333333333333,56.0,44.0,37.333333333333336,28.0,24.0,21.333333333333332,19.666666666666668,20.0
606,29.0,35.0,37.0,42.0,39.0,39.0,39.0,47.0,54.0,67.0,67.0,71.0,71.0,71.0,62.0,51.0,45.0,42.0,40.0,38.0,38.0,38.0,36.0,36.0
607,52.0,54.0,56.0,60.0,65.0,70.0,70.0,78.0,75.0,72.0,67.0,72.0,67.0,67.0,72.0,69.0,64.0,60.0,56.0,56.0,50.0,49.0,49.0,49.0
608,97.0,97.0,97.0,87.0,87.0,90.0,93.0,93.0,93.0,97.0,93.0,93.0,93.0,87.0,87.0,87.0,81.0,81.0,81.0,84.0,84.0,87.0,84.0,87.0
609,40.0,47.0,53.0,54.0,56.0,56.0,57.0,61.0,66.0,66.0,66.0,94.0,93.0,90.0,75.0,71.0,66.0,59.0,60.0,66.0,77.66666666666667,63.666666666666664,56.333333333333336,61.333333333333336
610,78.0,75.33333333333333,77.33333333333333,78.0,78.66666666666667,80.33333333333333,80.33333333333333,79.66666666666667,80.66666666666667,88.0,88.0,94.0,89.0,88.0,83.0,83.0,82.0,86.0,76.33333333333333,74.33333333333333,76.33333333333333,83.33333333333333,78.0,83.0
611,18.666666666666668,20.333333333333332,21.666666666666668,27.333333333333332,29.333333333333332,33.666666666666664,34.333333333333336,35.333333333333336,35.333333333333336,31.666666666666668,31.666666666666668,36.333333333333336,43.666666666666664,41.0,41.666666666666664,32.333333333333336,27.333333333333332,26.666666666666668,20.666666666666668,18.0,16.333333333333332,15.0,15.666666666666666,15.666666666666666
612,83.0,86.0,89.0,86.0,85.0,86.0,93.0,89.0,85.0,82.0,82.0,85.0,89.0,89.0,86.0,80.0,76.0,66.0,60.0,53.0,48.0,45.0,42.0,42.0
613,55.0,70.0,74.0,70.0,78.0,83.0,88.0,88.0,88.0,88.0,88.0,94.0,100.0,100.0,94.0,94.0,100.0,89.0,89.0,83.0,94.0,94.0,94.0,94.0
614,57.0,77.0,84.0,88.0,70.0,84.0,96.0,97.0,100.0,97.0,97.0,100.0,100.0,96.0,88.0,82.0,77.0,70.0,90.0,79.0,79.0,100.0,100.0,100.0
615,100.0,100.0,100.0,100.0,100.0,100.0,100.0,100.0,100.0,100.0,100.0,100.0,100.0,100.0,100.0,95.0,83.0,86.0,78.0,74.0,74.0,76.0,73.0,84.0
616,93.0,94.33333333333333,96.33333333333333,96.66666666666667,99.0,100.0,100.0,97.33333333333333,99.0,97.66666666666667,96.33333333333333,94.33333333333333,89.0,79.0,75.0,69.0,70.0,70.0,73.0,77.0,76.0,80.66666666666667,82.33333333333333,82.66666666666667
617,89.66666666666667,94.0,94.0,95.33333333333333,95.33333333333333,95.33333333333333,96.66666666666667,97.66666666666667,97.66666666666667,96.66666666666667,96.66666666666667,95.33333333333333,87.33333333333333,78.0,73.33333333333333,68.66666666666667,65.66666666666667,79.0,75.66666666666667,81.0,77.66666666666667,78.0,79.66666666666667,81.0
618,84.0,90.0,93.0,97.0,93.0,90.0,96.0,100.0,96.0,100.0,96.0,93.0,90.0,86.0,81.0,70.0,70.0,68.0,70.0,76.0,79.0,79.0,81.0,84.0
619,75.0,75.0,81.0,75.0,81.0,81.0,84.0,84.0,86.0,86.0,86.0,86.0,90.0,90.0,87.0,84.0,86.0,86.0,84.0,78.0,80.0,78.0,81.0,84.0
620,9.333333333333334,12.333333333333334,13.0,15.333333333333334,18.666666666666668,20.666666666666668,26.666666666666668,26.333333333333332,22.666666666666668,23.666666666666668,27.0,26.666666666666668,24.333333333333332,27.0,23.333333333333332,18.0,13.666666666666666,14.333333333333334,11.0,9.666666666666666,9.0,8.333333333333334,7.666666666666667,7.666666666666667
621,55.0,63.0,65.0,67.0,67.0,67.0,67.0,69.0,84.0,87.0,90.0,87.0,84.0,78.0,73.0,72.0,70.0,58.0,52.0,52.0,47.0,49.0,47.0,54.0
622,52.0,56.0,59.0,63.0,71.0,74.0,70.0,73.0,72.0,70.0,64.0,73.0,84.0,78.0,73.0,72.0,68.0,55.0,52.0,49.0,46.0,51.0,53.0,52.0
623,83.0,83.0,83.0,88.66666666666667,88.0,88.0,88.0,88.0,94.0,94.0,94.0,88.0,88.0,78.0,78.0,83.0,78.0,78.0,78.0,74.0,78.0,78.0,83.0,83.0
624,81.66666666666667,82.33333333333333,83.66666666666667,82.0,83.33333333333333,82.0,82.33333333333333,85.0,87.0,87.0,86.0,85.0,88.0,89.0,90.33333333333333,88.33333333333333,86.66666666666667,86.33333333333333,83.66666666666667,83.66666666666667,83.33333333333333,80.66666666666667,80.0,82.0
625,84.0,84.0,84.0,84.0,84.0,81.0,84.0,81.0,84.0,81.0,81.0,78.0,78.0,78.0,76.0,76.0,76.0,76.0,82.0,81.0,79.0,84.0,84.0,84.0
626,75.0,80.0,83.0,90.0,90.0,90.0,93.0,93.0,90.0,90.0,90.0,90.0,83.0,65.0,58.0,57.0,56.0,55.0,59.0,61.0,63.0,68.0,68.0,73.0
627,77.0,79.0,80.0,80.0,78.0,80.0,82.0,81.0,81.0,83.0,84.0,83.0,81.0,79.0,77.0,73.0,73.0,72.0,70.0,69.0,71.0,73.0,74.0,76.0
628,77.0,77.66666666666667,79.0,82.33333333333333,84.0,83.33333333333333,86.0,87.0,86.0,85.0,84.33333333333333,86.0,80.33333333333333,68.66666666666667,60.0,58.333333333333336,55.0,55.666666666666664,58.333333333333336,60.333333333333336,59.666666666666664,67.66666666666667,70.33333333333333,74.0
629,88.0,88.0,88.0,88.0,88.0,82.0,94.0,88.0,88.0,88.0,88.0,77.0,73.0,68.0,68.0,68.0,68.0,73.0,73.0,73.0,78.0,88.0,88.0,88.0
630,85.33333333333333,84.33333333333333,86.33333333333333,87.33333333333333,85.33333333333333,84.33333333333333,87.33333333333333,85.33333333333333,83.33333333333333,87.33333333333333,88.0,84.33333333333333,77.0,68.66666666666667,67.0,68.0,66.33333333333333,68.0,66.66666666666667,69.33333333333333,72.0,77.0,82.33333333333333,80.66666666666667
631,87.0,90.0,69.0,66.0,71.0,74.0,74.0,76.0,76.0,79.0,79.0,81.0,79.0,79.0,77.0,65.0,61.0,57.0,52.0,47.0,48.0,53.0,85.0,82.0
632,19.0,20.0,22.333333333333332,32.333333333333336,45.0,45.333333333333336,48.666666666666664,49.0,50.666666666666664,55.666666666666664,55.0,54.0,63.0,69.0,72.33333333333333,64.33333333333333,44.333333333333336,34.333333333333336,27.333333333333332,25.0,22.0,19.333333333333332,15.333333333333334,13.0
633,30.333333333333332,42.666666666666664,65.66666666666667,67.66666666666667,74.66666666666667,76.66666666666667,81.33333333333333,81.33333333333333,85.0,73.0,60.0,63.666666666666664,69.33333333333333,72.66666666666667,72.0,78.0,76.33333333333333,65.33333333333333,59.666666666666664,55.0,54.0,60.0,62.333333333333336,60.666666666666664
634,32.333333333333336,39.333333333333336,53.0,51.333333333333336,47.666666666666664,50.0,58.0,56.333333333333336,56.333333333333336,52.666666666666664,56.666666666666664,56.0,55.0,59.0,59.333333333333336,59.0,50.333333333333336,55.333333333333336,51.0,51.333333333333336,55.333333333333336,55.0,58.333333333333336,60.333333333333336
635,28.0,39.0,55.0,53.0,47.0,49.0,54.0,54.0,56.0,64.0,60.0,62.0,57.0,60.0,57.0,55.0,57.0,51.0,48.0,35.0,34.0,48.0,55.0,57.0
636,15.333333333333334,20.0,32.666666666666664,30.666666666666668,37.0,46.0,49.0,57.0,64.0,64.33333333333333,66.0,69.0,68.33333333333333,71.33333333333333,70.0,65.66666666666667,45.666666666666664,39.333333333333336,32.666666666666664,31.333333333333332,28.666666666666668,27.666666666666668,26.666666666666668,27.0
637,14.0,15.0,20.0,24.0,30.0,43.0,52.0,48.0,50.0,55.0,58.0,53.0,72.0,78.0,58.0,45.0,35.0,25.0,23.0,19.0,18.0,14.0,14.0,13.0
638,29.222222222222225,35.55555555555555,43.44444444444445,52.888888888888886,55.0,50.55555555555555,49.0,60.0,74.66666666666667,77.0,78.0,80.8888888888889,76.0,73.33333333333333,68.0,48.888888888888886,41.55555555555555,34.0,35.0,30.0,32.0,35.0,38.0,42.0
639,27.222222222222225,34.888888888888886,47.111111111111114,50.888888888888886,52.333333333333336,55.22222222222222,62.0,72.0,81.33333333333333,83.55555555555556,85.55555555555556,87.55555555555556,87.0,83.33333333333333,69.0,48.888888888888886,38.888888888888886,34.333333333333336,30.666666666666668,30.333333333333332,33.888888888888886,35.0,35.77777777777778,39.111111111111114
640,41.0,60.0,78.0,86.0,91.0,95.0,94.0,95.0,95.0,95.0,95.0,94.0,95.0,95.0,81.0,67.0,55.0,51.0,53.0,50.0,46.0,43.0,46.0,48.0
641,45.0,74.0,93.0,93.0,93.0,100.0,97.0,96.0,96.0,100.0,96.0,96.0,80.0,80.0,80.0,70.0,65.0,63.0,56.0,54.0,49.0,51.0,56.0,59.0
642,69.0,66.0,60.0,64.0,65.0,67.0,72.0,68.0,72.0,76.0,78.0,79.0,89.0,94.0,89.0,85.0,73.0,69.0,69.0,78.0,62.333333333333336,74.0,74.0,64.0
643,64.0,70.0,73.0,75.0,77.0,77.0,77.0,79.0,81.0,83.0,84.0,83.0,79.0,72.0,67.0,62.0,57.0,57.0,55.0,56.0,75.0,70.0,62.0,65.0
644,85.0,87.0,89.0,89.0,90.77777777777777,93.0,93.55555555555556,92.1111111111111,94.1111111111111,94.33333333333333,94.33333333333333,95.77777777777777,90.0,84.0,76.66666666666667,74.33333333333333,74.33333333333333,72.66666666666667,71.0,71.33333333333333,69.0,72.0,77.33333333333333,81.66666666666667
645,85.0,86.0,84.0,85.0,86.0,86.0,88.0,87.0,89.0,87.0,88.0,91.0,89.0,87.0,94.0,96.0,88.0,86.0,83.0,80.0,79.0,77.0,78.0,82.0
646,86.0,87.0,85.33333333333333,89.0,90.66666666666667,91.0,94.66666666666667,93.66666666666667,93.33333333333333,93.33333333333333,97.66666666666667,94.33333333333333,89.66666666666667,84.33333333333333,76.33333333333333,71.0,69.66666666666667,68.66666666666667,68.66666666666667,72.0,68.0,70.66666666666667,73.66666666666667,79.66666666666667
647,79.0,81.0,80.0,82.0,81.0,77.0,79.0,94.0,97.0,99.0,100.0,100.0,100.0,81.0,78.0,75.0,69.0,68.0,66.0,67.0,67.0,69.0,71.0,83.0
648,9.0,10.0,11.0,12.0,12.0,12.0,14.0,14.0,15.0,15.0,16.0,20.0,22.0,24.0,25.0,22.0,17.0,14.0,15.0,12.0,9.0,8.0,7.0,8.0
649,6.0,6.0,7.0,9.0,12.0,14.0,14.0,17.0,20.0,21.0,22.0,24.0,24.0,27.0,28.0,22.0,14.0,12.0,11.0,11.0,11.0,5.0,4.0,6.0
650,7.333333333333333,7.666666666666667,8.333333333333334,9.666666666666666,13.333333333333334,8.0,8.0,10.0,11.0,11.0,13.0,13.0,15.0,14.0,15.0,13.0,10.0,7.0,6.0,8.0,10.0,10.0,11.0,11.0
651,10.0,10.333333333333334,11.333333333333334,21.333333333333332,21.666666666666668,22.666666666666668,24.666666666666668,26.666666666666668,30.0,29.666666666666668,32.333333333333336,36.333333333333336,39.333333333333336,37.0,40.666666666666664,34.333333333333336,29.333333333333332,26.666666666666668,21.333333333333332,17.0,13.666666666666666,9.666666666666666,8.0,8.666666666666666
652,75.33333333333333,93.33333333333333,93.66666666666667,95.0,95.66666666666667,96.33333333333333,96.0,96.0,95.66666666666667,95.66666666666667,98.0,96.66666666666667,95.33333333333333,96.0,95.33333333333333,91.66666666666667,87.33333333333333,73.33333333333333,71.0,75.0,76.66666666666667,76.33333333333333,81.0,79.0
653,31.0,40.0,48.0,48.0,65.0,69.0,73.0,83.0,83.0,88.0,88.0,94.0,94.0,88.0,94.0,88.0,88.0,88.0,77.0,72.0,68.0,59.0,52.0,49.0
654,41.666666666666664,47.666666666666664,51.333333333333336,56.0,60.0,63.0,67.33333333333333,73.33333333333333,77.66666666666667,81.33333333333333,83.33333333333333,82.66666666666667,84.0,92.66666666666667,94.0,92.0,91.0,92.0,92.0,90.66666666666667,93.66666666666667,92.0,89.0,86.66666666666667
655,52.0,57.0,61.0,63.0,77.0,80.0,74.0,82.0,90.0,86.0,91.0,93.0,85.0,94.0,98.0,100.0,100.0,84.33333333333333,100.0,85.33333333333333,90.33333333333333,91.0,91.0,90.0
656,47.0,55.0,58.0,61.0,63.0,65.0,67.0,67.0,70.0,68.0,69.0,72.0,75.0,72.0,65.0,60.0,53.0,51.0,46.0,47.0,55.0,54.0,56.0,63.0
657,72.0,77.0,80.0,83.0,69.0,79.0,82.0,78.0,78.0,78.0,74.0,76.0,82.0,77.0,72.0,66.0,61.0,55.0,51.0,48.0,56.0,62.0,71.0,76.0
658,89.0,89.0,83.0,88.0,100.0,94.0,100.0,94.0,100.0,100.0,100.0,100.0,100.0,83.0,69.0,58.0,58.0,55.0,55.0,58.0,55.0,62.0,70.0,89.0
659,70.0,73.0,75.0,82.0,86.0,87.0,90.0,94.0,91.0,90.0,96.0,99.0,98.0,83.0,75.0,70.0,66.0,66.66666666666667,64.33333333333333,67.33333333333333,58.0,59.0,65.0,72.66666666666667
660,78.0,81.33333333333333,84.0,87.33333333333333,87.33333333333333,91.33333333333333,96.0,96.33333333333333,97.66666666666667,98.0,98.33333333333333,98.33333333333333,96.66666666666667,86.66666666666667,74.0,62.666666666666664,59.666666666666664,61.0,58.333333333333336,61.0,58.333333333333336,59.333333333333336,60.666666666666664,73.33333333333333
661,94.0,71.66666666666667,88.0,94.0,94.0,94.0,78.0,80.0,79.66666666666667,81.66666666666667,81.33333333333333,94.0,83.0,74.0,65.0,70.0,65.33333333333333,62.0,64.33333333333333,63.0,64.0,66.66666666666667,68.33333333333333,76.33333333333333
662,78.33333333333333,71.66666666666667,76.0,78.66666666666667,79.33333333333333,81.33333333333333,78.0,80.0,79.66666666666667,81.66666666666667,81.33333333333333,84.0,79.0,71.66666666666667,67.0,67.66666666666667,65.33333333333333,62.666666666666664,64.33333333333333,63.0,64.0,66.66666666666667,68.33333333333333,76.33333333333333
663,21.0,21.0,28.0,29.0,36.0,36.0,48.0,38.0,44.0,42.0,47.0,49.0,45.0,47.0,47.0,40.0,32.0,23.0,22.0,21.0,18.0,16.0,15.0,14.0
664,29.666666666666668,32.0,38.333333333333336,46.0,51.666666666666664,57.666666666666664,57.0,60.666666666666664,63.333333333333336,65.66666666666667,65.66666666666667,67.33333333333333,69.66666666666667,70.0,70.33333333333333,65.33333333333333,61.333333333333336,54.0,46.0,40.0,31.333333333333332,26.333333333333332,25.0,21.0
665,71.66666666666667,90.33333333333333,90.66666666666667,90.33333333333333,91.66666666666667,90.0,93.0,93.66666666666667,93.33333333333333,94.66666666666667,93.66666666666667,93.33333333333333,93.33333333333333,94.0,94.33333333333333,91.66666666666667,89.33333333333333,77.33333333333333,75.66666666666667,80.33333333333333,82.33333333333333,81.0,80.66666666666667,76.66666666666667
666,82.66666666666667,84.0,90.0,88.66666666666667,86.66666666666667,85.0,86.0,86.33333333333333,89.0,89.0,87.33333333333333,84.33333333333333,84.66666666666667,84.66666666666667,82.66666666666667,74.66666666666667,71.66666666666667,63.666666666666664,59.666666666666664,57.0,56.333333333333336,51.666666666666664,43.333333333333336,41.0
667,76.0,81.0,81.0,79.0,81.0,78.0,87.0,90.0,90.0,90.0,87.0,90.0,90.0,90.0,90.0,90.0,90.0,83.0,83.0,78.0,75.0,63.0,55.0,47.0
668,100.0,100.0,100.0,96.0,100.0,100.0,100.0,100.0,100.0,100.0,100.0,100.0,100.0,100.0,100.0,100.0,100.0,100.0,97.0,100.0,90.0,100.0,100.0,78.33333333333333
669,74.0,74.0,79.0,79.0,84.0,88.0,90.0,88.0,90.0,87.0,90.0,88.0,88.0,84.0,88.0,94.0,94.0,90.0,88.0,94.0,94.0,100.0,100.0,97.0
670,90.0,91.0,94.0,94.0,94.0,94.0,93.0,94.0,94.0,94.0,94.0,94.0,90.0,94.0,94.0,88.0,80.0,72.0,67.0,80.0,61.0,59.0,61.0,61.0
671,100.0,100.0,100.0,100.0,100.0,100.0,100.0,100.0,100.0,100.0,100.0,100.0,100.0,100.0,100.0,84.0,70.0,66.0,66.0,59.0,70.0,70.0,89.0,100.0
672,94.0,96.0,98.0,94.0,92.0,96.0,99.0,98.0,98.0,98.0,97.0,96.0,97.0,97.0,95.0,90.0,86.0,82.0,82.0,80.0,97.0,92.0,77.0,90.0
673,79.0,84.0,84.0,89.0,89.0,89.0,89.0,89.0,89.0,94.0,94.0,100.0,94.0,84.0,74.0,78.33333333333333,59.0,52.0,49.0,57.666666666666664,47.0,79.0,79.0,79.0
674,68.0,74.0,79.0,82.0,88.0,88.0,88.0,88.0,88.0,88.0,90.0,91.0,90.0,77.0,72.0,68.0,57.0,52.0,43.0,44.0,50.0,61.0,59.0,57.0
675,68.0,70.0,67.0,72.0,70.0,72.0,72.0,74.0,82.0,88.0,88.0,85.0,85.0,79.0,72.0,68.0,61.0,54.0,56.0,58.0,60.0,60.0,59.0,61.0
676,77.0,88.0,87.0,85.0,88.0,94.0,97.0,94.0,94.0,94.0,94.0,100.0,96.0,97.0,94.0,74.0,74.0,61.0,59.0,56.0,56.0,52.0,59.0,70.0
677,44.0,50.0,63.0,65.0,72.0,74.0,77.0,82.0,85.0,91.0,90.0,91.0,91.0,88.0,82.0,74.0,61.0,56.0,82.0,59.0,59.0,54.0,49.0,52.0
678,78.0,82.0,87.0,92.0,82.0,89.0,86.0,85.0,85.0,86.0,88.0,89.0,89.0,84.0,81.0,75.0,67.0,59.0,59.0,58.0,68.0,69.0,68.0,70.0
679,70.0,79.0,82.0,85.0,90.0,90.0,94.0,87.0,84.0,88.0,94.0,94.0,97.0,90.0,82.0,74.0,68.0,61.0,54.0,54.0,49.0,51.0,50.0,55.0
680,56.0,56.0,57.0,60.0,71.0,71.0,75.0,77.0,74.0,79.0,78.0,74.0,75.0,72.0,62.0,54.0,54.0,52.0,55.0,60.0,58.0,58.0,63.0,64.0
681,69.0,79.0,86.0,89.66666666666667,89.66666666666667,93.0,92.66666666666667,93.33333333333333,93.33333333333333,93.66666666666667,93.33333333333333,93.66666666666667,95.66666666666667,86.66666666666667,75.33333333333333,63.666666666666664,55.666666666666664,54.0,66.0,56.666666666666664,58.0,56.333333333333336,57.333333333333336,60.666666666666664
682,61.0,70.0,76.0,83.0,87.0,90.0,92.0,94.0,95.0,99.0,100.0,100.0,100.0,92.0,77.0,67.0,62.0,56.0,66.0,66.0,55.666666666666664,69.0,65.66666666666667,73.0
683,77.0,72.0,72.0,74.0,72.0,72.0,79.0,82.0,84.0,90.0,94.0,90.0,94.0,88.0,74.0,68.0,68.0,61.0,55.0,63.0,65.0,70.0,79.0,72.0
684,82.0,82.0,82.0,82.0,85.0,85.0,85.0,88.0,88.0,74.0,76.0,82.0,82.0,80.0,77.0,72.0,73.0,70.0,68.0,73.0,72.0,77.0,77.0,77.0
685,82.0,79.0,82.0,82.0,85.0,77.0,85.0,82.0,79.0,79.0,85.0,85.0,79.0,70.0,68.0,68.0,66.0,72.0,70.0,72.0,70.0,72.0,70.0,79.0
686,86.0,89.0,90.0,92.0,89.0,90.0,93.0,92.0,91.0,93.0,94.0,93.0,93.0,91.0,88.0,73.0,70.0,59.0,59.0,71.0,80.0,66.0,72.0,67.0
687,62.0,78.0,79.0,83.0,87.0,89.0,90.0,94.0,94.0,96.0,96.0,97.0,97.0,94.0,78.0,66.0,57.0,55.666666666666664,51.666666666666664,51.666666666666664,49.0,48.0,52.0,61.0
688,71.0,74.0,76.0,77.0,74.0,77.0,76.0,74.0,77.0,77.0,85.0,87.0,87.0,79.0,69.0,63.0,65.0,65.0,67.0,67.0,65.0,65.0,67.0,74.0
689,74.0,82.0,79.0,82.0,85.0,85.0,85.0,88.0,90.0,90.0,93.0,93.0,93.0,85.0,77.0,68.0,62.0,72.0,79.0,70.0,74.0,70.0,68.0,74.0
690,78.0,80.0,80.0,82.0,82.0,84.0,82.0,78.0,77.0,80.0,79.0,79.0,77.0,72.0,67.0,63.0,61.0,60.666666666666664,58.666666666666664,57.666666666666664,61.333333333333336,59.666666666666664,64.0,68.33333333333333
691,81.0,80.0,81.0,81.0,82.0,83.0,83.0,82.0,88.0,84.0,79.0,83.0,84.0,73.0,74.0,73.0,70.0,70.0,64.0,65.66666666666667,65.66666666666667,64.0,67.0,69.0
692,89.0,89.0,86.22222222222223,89.33333333333333,91.66666666666667,94.0,94.22222222222223,95.1111111111111,94.8888888888889,93.55555555555556,95.8888888888889,95.8888888888889,95.0,84.33333333333333,73.33333333333333,64.0,60.666666666666664,64.66666666666667,68.0,74.33333333333333,81.33333333333333,73.0,68.66666666666667,81.33333333333333
693,88.0,88.0,91.0,95.0,96.0,96.0,97.0,98.0,99.0,98.0,98.0,99.0,98.0,94.0,92.0,86.0,82.0,76.0,70.0,63.0,61.0,64.0,55.0,58.0
694,80.0,81.33333333333333,83.66666666666667,84.0,85.66666666666667,87.66666666666667,89.33333333333333,90.0,89.66666666666667,88.66666666666667,85.66666666666667,85.33333333333333,82.33333333333333,77.0,71.0,62.0,55.333333333333336,51.0,48.0,51.333333333333336,55.0,56.666666666666664,68.33333333333333,58.666666666666664
695,32.0,34.0,44.0,49.0,52.0,55.0,55.0,66.0,66.0,62.333333333333336,58.666666666666664,62.666666666666664,75.33333333333333,79.0,79.0,74.0,59.0,47.0,47.0,37.0,31.0,27.0,22.0,23.0
696,53.0,34.666666666666664,38.333333333333336,66.0,44.333333333333336,47.666666666666664,46.333333333333336,53.0,54.666666666666664,90.0,61.0,62.0,92.0,71.0,75.66666666666667,83.0,60.333333333333336,49.333333333333336,61.0,40.0,34.666666666666664,42.0,26.666666666666668,25.666666666666668
697,72.0,34.666666666666664,38.333333333333336,63.666666666666664,44.333333333333336,47.666666666666664,46.333333333333336,53.0,54.666666666666664,62.333333333333336,61.0,62.0,82.0,71.0,75.66666666666667,65.0,60.333333333333336,49.333333333333336,56.333333333333336,40.0,34.666666666666664,61.0,26.666666666666668,25.666666666666668
698,67.0,34.333333333333336,42.333333333333336,76.0,57.333333333333336,62.666666666666664,58.333333333333336,63.333333333333336,66.33333333333333,74.66666666666667,55.666666666666664,67.33333333333333,87.0,73.33333333333333,74.33333333333333,72.0,62.0,52.666666666666664,61.0,39.0,30.333333333333332,52.0,25.333333333333332,23.0
699,43.0,51.333333333333336,57.666666666666664,68.0,66.0,72.33333333333333,79.66666666666667,80.66666666666667,83.33333333333333,82.33333333333333,85.66666666666667,84.66666666666667,91.0,89.33333333333333,83.33333333333333,38.0,68.66666666666667,59.333333333333336,30.0,42.666666666666664,38.0,37.0,34.333333333333336,34.0
700,51.333333333333336,52.0,62.333333333333336,62.666666666666664,73.33333333333333,76.66666666666667,80.33333333333333,80.66666666666667,84.0,84.33333333333333,87.66666666666667,86.66666666666667,95.33333333333333,89.0,88.33333333333333,84.66666666666667,68.33333333333333,58.333333333333336,51.0,45.0,36.333333333333336,33.0,32.0,32.666666666666664
701,68.0,65.33333333333333,76.66666666666667,87.0,87.33333333333333,91.33333333333333,88.33333333333333,88.33333333333333,90.33333333333333,91.33333333333333,93.33333333333333,92.33333333333333,96.0,92.33333333333333,94.33333333333333,86.0,66.0,54.0,58.0,32.666666666666664,33.666666666666664,50.0,26.333333333333332,28.666666666666668
702,40.0,59.0,59.0,50.0,58.0,62.0,70.0,74.0,84.0,79.0,84.0,84.0,89.0,84.0,79.0,82.0,66.0,63.0,58.0,59.0,50.0,47.0,50.0,50.0
703,74.0,65.0,66.0,83.0,74.66666666666667,77.33333333333333,82.0,80.66666666666667,85.66666666666667,85.66666666666667,89.66666666666667,89.0,98.0,92.0,88.33333333333333,96.0,67.66666666666667,58.333333333333336,70.0,46.333333333333336,44.333333333333336,51.333333333333336,38.666666666666664,41.666666666666664
704,64.0,69.0,73.0,92.0,82.0,83.0,92.0,87.0,89.0,91.0,92.0,93.0,96.0,89.0,85.0,82.0,71.0,63.0,59.0,54.0,51.0,56.0,49.0,49.0
705,79.0,85.0,88.0,93.0,87.66666666666667,90.66666666666667,91.33333333333333,93.33333333333333,93.33333333333333,95.66666666666667,96.0,92.66666666666667,86.0,94.0,84.0,89.0,79.0,70.0,68.0,59.0,53.0,56.0,59.0,63.0
706,66.0,79.0,66.0,61.88888888888889,74.66666666666667,77.33333333333333,82.0,80.66666666666667,85.66666666666667,85.66666666666667,89.66666666666667,89.0,94.0,94.0,84.0,57.0,66.0,62.0,58.0,55.0,52.0,73.0,49.0,56.0
707,63.0,62.666666666666664,62.333333333333336,64.0,73.33333333333333,76.66666666666667,80.33333333333333,80.66666666666667,84.0,84.33333333333333,87.66666666666667,86.66666666666667,93.0,82.66666666666667,84.0,73.0,70.33333333333333,66.66666666666667,56.0,60.333333333333336,59.0,51.0,55.333333333333336,57.666666666666664
708,62.0,66.0,71.33333333333333,72.33333333333333,74.33333333333333,76.33333333333333,78.66666666666667,81.33333333333333,84.66666666666667,85.66666666666667,87.33333333333333,89.66666666666667,94.0,94.0,79.0,70.0,62.0,59.0,59.0,52.0,52.0,49.0,53.0,56.0
709,62.0,62.666666666666664,62.333333333333336,61.88888888888889,73.33333333333333,76.66666666666667,80.33333333333333,80.66666666666667,84.0,84.33333333333333,87.66666666666667,86.66666666666667,92.0,70.0,70.0,66.0,79.0,75.0,60.0,67.0,75.0,64.0,67.0,67.0
710,62.333333333333336,69.0,74.66666666666667,71.66666666666667,77.0,79.66666666666667,85.66666666666667,86.33333333333333,90.0,89.33333333333333,91.33333333333333,91.33333333333333,89.66666666666667,84.33333333333333,86.0,69.0,72.0,66.66666666666667,60.666666666666664,58.666666666666664,59.333333333333336,58.0,55.0,57.333333333333336
711,47.0,65.0,86.0,68.0,89.66666666666667,90.0,93.33333333333333,94.0,94.0,95.33333333333333,95.66666666666667,94.33333333333333,77.0,93.33333333333333,89.66666666666667,54.0,73.0,64.33333333333333,54.0,58.0,54.0,50.0,51.666666666666664,53.333333333333336
712,72.0,70.0,66.66666666666667,81.0,72.0,76.33333333333333,79.33333333333333,82.0,85.33333333333333,89.66666666666667,89.0,89.0,88.0,74.0,70.0,82.0,70.33333333333333,55.0,66.0,57.666666666666664,59.0,53.0,53.666666666666664,56.666666666666664
713,68.0,65.0,66.66666666666667,80.0,72.0,76.33333333333333,79.33333333333333,82.0,85.33333333333333,88.0,89.0,89.0,91.0,84.66666666666667,75.33333333333333,88.0,63.0,59.666666666666664,61.0,53.333333333333336,52.666666666666664,50.333333333333336,49.0,51.333333333333336
714,66.0,66.0,70.0,74.0,79.0,85.0,86.0,89.0,91.0,93.0,94.0,89.0,89.0,89.0,79.0,74.0,70.0,70.0,66.0,62.0,62.0,55.0,52.0,55.0
715,71.33333333333333,72.66666666666667,76.33333333333333,74.66666666666667,74.66666666666667,75.66666666666667,77.66666666666667,82.0,85.66666666666667,85.0,86.33333333333333,92.33333333333333,93.33333333333333,94.33333333333333,94.0,96.0,94.33333333333333,87.33333333333333,84.33333333333333,80.66666666666667,76.33333333333333,77.0,78.66666666666667,77.33333333333333
716,74.33333333333333,73.66666666666667,75.33333333333333,75.33333333333333,77.0,75.0,79.33333333333333,78.66666666666667,81.66666666666667,87.0,85.66666666666667,86.0,82.0,72.66666666666667,73.66666666666667,68.66666666666667,65.0,70.33333333333333,63.0,70.33333333333333,67.0,68.33333333333333,68.66666666666667,75.33333333333333
717,74.33333333333333,73.66666666666667,75.33333333333333,75.33333333333333,77.0,75.0,79.33333333333333,78.66666666666667,81.66666666666667,87.0,85.66666666666667,84.0,81.0,74.0,66.0,68.0,66.0,84.0,67.0,89.0,74.0,70.0,66.0,84.0
718,74.33333333333333,73.66666666666667,75.33333333333333,75.33333333333333,77.0,75.0,79.33333333333333,78.66666666666667,81.66666666666667,87.0,85.66666666666667,86.0,82.0,72.66666666666667,73.66666666666667,68.66666666666667,65.0,70.33333333333333,63.0,70.33333333333333,67.0,68.33333333333333,68.66666666666667,75.33333333333333
719,76.0,76.33333333333333,77.0,77.66666666666667,78.66666666666667,78.0,79.33333333333333,83.33333333333333,83.33333333333333,78.66666666666667,81.0,83.0,80.33333333333333,75.66666666666667,77.33333333333333,68.33333333333333,66.0,66.66666666666667,62.333333333333336,66.0,65.33333333333333,68.33333333333333,70.33333333333333,72.33333333333333
720,85.33333333333333,83.66666666666667,80.66666666666667,83.0,84.0,81.33333333333333,82.0,84.66666666666667,85.33333333333333,87.0,86.66666666666667,86.66666666666667,92.0,92.33333333333333,90.0,93.33333333333333,94.0,89.0,82.33333333333333,80.66666666666667,76.66666666666667,77.0,80.33333333333333,81.0
721,91.66666666666667,92.0,91.66666666666667,93.33333333333333,93.66666666666667,91.33333333333333,90.33333333333333,90.0,90.0,90.0,88.66666666666667,85.66666666666667,90.33333333333333,93.0,90.66666666666667,92.33333333333333,95.0,93.33333333333333,89.33333333333333,88.33333333333333,81.33333333333333,77.66666666666667,79.66666666666667,82.0
722,92.66666666666667,93.33333333333333,93.44444444444444,94.66666666666667,96.66666666666667,94.0,94.66666666666667,97.0,96.0,92.33333333333333,90.66666666666667,90.0,88.33333333333333,94.66666666666667,95.33333333333333,95.0,96.33333333333333,96.0,95.33333333333333,93.0,89.66666666666667,86.66666666666667,85.33333333333333,87.33333333333333
723,74.33333333333333,75.66666666666667,77.33333333333333,81.66666666666667,85.0,87.66666666666667,92.33333333333333,93.66666666666667,97.0,96.66666666666667,94.66666666666667,95.0,95.0,87.66666666666667,78.33333333333333,70.66666666666667,63.333333333333336,56.0,52.0,52.333333333333336,59.0,57.0,73.66666666666667,61.0
724,81.33333333333333,81.66666666666667,81.66666666666667,82.66666666666667,82.66666666666667,84.0,84.66666666666667,85.0,85.33333333333333,84.33333333333333,87.66666666666667,88.33333333333333,86.33333333333333,80.66666666666667,80.66666666666667,85.33333333333333,82.66666666666667,79.33333333333333,75.33333333333333,71.66666666666667,71.33333333333333,71.66666666666667,73.66666666666667,79.0
725,88.33333333333333,85.66666666666667,87.0,94.0,93.66666666666667,93.33333333333333,93.0,93.33333333333333,94.33333333333333,93.66666666666667,94.33333333333333,94.0,96.0,96.33333333333333,95.66666666666667,91.66666666666667,86.66666666666667,83.66666666666667,79.66666666666667,72.33333333333333,71.0,71.0,71.66666666666667,75.0
726,49.0,57.0,64.66666666666667,68.0,74.0,74.66666666666667,78.0,82.0,87.0,90.33333333333333,88.66666666666667,88.66666666666667,90.33333333333333,86.0,70.33333333333333,59.666666666666664,49.666666666666664,40.666666666666664,38.0,37.0,31.666666666666668,33.333333333333336,37.0,42.666666666666664
727,77.0,85.66666666666667,89.66666666666667,91.66666666666667,92.33333333333333,94.66666666666667,95.0,95.0,97.33333333333333,97.66666666666667,97.33333333333333,98.0,100.0,96.66666666666667,87.0,79.33333333333333,72.0,67.0,74.33333333333333,72.0,70.66666666666667,70.66666666666667,70.0,72.66666666666667
728,91.0,93.0,94.0,94.0,93.0,93.0,93.0,91.0,88.0,88.0,85.0,84.0,82.0,77.0,69.0,65.0,61.0,62.0,62.0,63.0,61.0,55.0,49.0,42.0
729,45.666666666666664,53.666666666666664,63.0,61.0,67.33333333333333,73.0,74.66666666666667,82.0,85.66666666666667,81.33333333333333,84.66666666666667,85.66666666666667,85.66666666666667,86.66666666666667,78.33333333333333,75.33333333333333,75.0,63.333333333333336,46.0,36.666666666666664,32.666666666666664,25.666666666666668,25.666666666666668,22.666666666666668
730,49.333333333333336,51.333333333333336,54.666666666666664,57.666666666666664,57.333333333333336,60.666666666666664,62.333333333333336,62.0,61.666666666666664,61.666666666666664,68.33333333333333,71.66666666666667,74.33333333333333,67.0,69.33333333333333,69.66666666666667,56.0,51.333333333333336,50.666666666666664,48.666666666666664,47.333333333333336,47.0,48.333333333333336,50.0
731,93.33333333333333,89.66666666666667,89.0,88.33333333333333,88.0,88.33333333333333,90.66666666666667,91.33333333333333,92.0,90.66666666666667,87.33333333333333,89.0,89.66666666666667,86.0,80.33333333333333,81.33333333333333,73.0,75.33333333333333,65.33333333333333,66.66666666666667,62.666666666666664,62.666666666666664,63.666666666666664,67.66666666666667
732,74.0,75.0,76.0,80.0,82.0,87.0,88.0,90.0,91.0,90.0,90.0,91.0,91.0,86.0,75.0,67.0,62.0,49.0,43.0,45.0,62.0,58.0,65.0,54.0
733,82.0,84.0,81.66666666666667,83.0,84.0,83.66666666666667,83.66666666666667,85.33333333333333,86.0,93.33333333333333,97.0,99.0,99.0,99.0,99.0,100.0,95.0,85.0,74.0,70.0,68.0,68.0,96.0,94.0
734,87.0,83.0,85.66666666666667,85.33333333333333,88.0,88.0,91.33333333333333,90.0,89.66666666666667,91.33333333333333,92.66666666666667,92.0,94.0,93.66666666666667,91.33333333333333,84.33333333333333,80.66666666666667,72.66666666666667,71.0,72.66666666666667,78.0,83.66666666666667,89.0,91.33333333333333
735,85.0,88.33333333333333,89.66666666666667,90.66666666666667,89.66666666666667,88.66666666666667,86.66666666666667,83.66666666666667,83.0,92.33333333333333,97.33333333333333,97.66666666666667,98.33333333333333,98.33333333333333,98.33333333333333,96.33333333333333,92.66666666666667,88.33333333333333,83.66666666666667,77.0,78.33333333333333,81.0,93.66666666666667,86.66666666666667
736,88.0,85.0,82.0,89.0,94.0,94.0,93.0,91.0,97.0,97.0,95.0,87.0,78.0,71.0,66.0,66.0,81.0,74.0,72.0,74.0,70.0,68.0,64.0,58.0
737,88.66666666666667,91.0,92.66666666666667,94.33333333333333,95.33333333333333,93.0,94.0,96.66666666666667,95.66666666666667,93.66666666666667,92.33333333333333,91.33333333333333,91.66666666666667,96.0,96.66666666666667,95.66666666666667,97.0,97.0,96.33333333333333,95.0,93.66666666666667,90.33333333333333,86.33333333333333,89.0
738,73.33333333333333,74.33333333333333,76.33333333333333,80.33333333333333,84.0,86.0,89.0,88.66666666666667,91.0,91.33333333333333,89.0,89.66666666666667,88.33333333333333,79.0,73.33333333333333,65.66666666666667,56.333333333333336,50.666666666666664,49.333333333333336,49.333333333333336,52.333333333333336,55.0,71.33333333333333,58.0
739,81.0,80.66666666666667,82.0,84.33333333333333,85.33333333333333,86.33333333333333,87.66666666666667,87.66666666666667,88.66666666666667,88.33333333333333,89.0,86.66666666666667,86.33333333333333,86.0,84.0,77.66666666666667,71.33333333333333,58.333333333333336,48.333333333333336,43.333333333333336,34.666666666666664,32.333333333333336,29.0,30.333333333333332
740,80.0,81.0,79.33333333333333,82.33333333333333,85.0,83.0,86.0,85.0,87.33333333333333,87.0,90.0,94.66666666666667,96.66666666666667,98.33333333333333,97.0,96.33333333333333,97.33333333333333,96.0,92.33333333333333,89.0,74.33333333333333,75.33333333333333,74.66666666666667,80.66666666666667
741,8.666666666666666,13.666666666666666,15.0,19.0,19.666666666666668,22.0,29.0,30.333333333333332,28.333333333333332,33.0,32.666666666666664,32.333333333333336,35.0,37.333333333333336,34.666666666666664,25.333333333333332,18.666666666666668,18.0,14.666666666666666,11.666666666666666,11.0,9.0,8.666666666666666,8.333333333333334
742,75.33333333333333,75.66666666666667,81.33333333333333,81.33333333333333,82.66666666666667,86.66666666666667,86.66666666666667,87.0,87.0,89.33333333333333,89.66666666666667,90.0,88.0,82.66666666666667,81.0,77.33333333333333,72.66666666666667,67.0,64.66666666666667,59.0,59.333333333333336,66.0,64.66666666666667,56.666666666666664
743,48.333333333333336,55.666666666666664,64.33333333333333,71.66666666666667,75.0,79.0,81.0,83.66666666666667,87.33333333333333,86.0,89.33333333333333,91.33333333333333,91.33333333333333,90.66666666666667,88.66666666666667,85.33333333333333,72.0,65.0,52.0,47.333333333333336,43.333333333333336,42.0,39.0,38.666666666666664
744,38.333333333333336,44.666666666666664,55.333333333333336,58.333333333333336,74.66666666666667,79.0,84.33333333333333,89.66666666666667,90.33333333333333,92.0,92.0,96.33333333333333,95.0,92.33333333333333,94.66666666666667,91.66666666666667,90.0,89.66666666666667,88.0,80.66666666666667,74.33333333333333,70.33333333333333,65.33333333333333,60.333333333333336
745,91.66666666666667,92.0,91.66666666666667,94.0,95.66666666666667,94.66666666666667,93.0,91.33333333333333,88.0,87.33333333333333,88.66666666666667,94.33333333333333,98.0,98.66666666666667,97.33333333333333,96.22222222222223,96.44444444444444,96.8888888888889,95.33333333333333,94.33333333333333,80.33333333333333,79.66666666666667,79.66666666666667,85.0
746,74.0,77.0,78.66666666666667,83.33333333333333,88.33333333333333,88.66666666666667,90.0,91.0,91.66666666666667,92.66666666666667,92.0,91.0,87.0,80.33333333333333,70.0,62.0,55.333333333333336,46.666666666666664,46.666666666666664,72.0,65.66666666666667,77.0,58.0,54.666666666666664
747,89.33333333333333,92.33333333333333,91.0,95.33333333333333,97.33333333333333,97.66666666666667,96.66666666666667,97.66666666666667,97.0,95.33333333333333,90.0,86.33333333333333,85.66666666666667,89.33333333333333,90.33333333333333,88.66666666666667,91.33333333333333,93.66666666666667,93.0,90.66666666666667,87.33333333333333,86.33333333333333,87.0,87.33333333333333
748,78.33333333333333,79.0,82.0,84.33333333333333,85.33333333333333,85.0,87.0,88.0,87.66666666666667,94.33333333333333,96.0,95.66666666666667,95.66666666666667,95.33333333333333,95.66666666666667,90.0,83.66666666666667,75.33333333333333,71.33333333333333,66.66666666666667,65.66666666666667,65.66666666666667,75.66666666666667,83.0
749,16.666666666666668,29.222222222222225,51.333333333333336,68.33333333333333,74.0,78.0,83.66666666666667,84.66666666666667,88.0,88.66666666666667,91.66666666666667,91.33333333333333,91.33333333333333,94.0,86.0,66.0,52.0,44.0,37.0,33.666666666666664,30.666666666666668,28.0,27.333333333333332,25.333333333333332
750,68.0,73.33333333333333,77.66666666666667,84.33333333333333,87.0,88.33333333333333,90.33333333333333,93.0,94.33333333333333,92.0,95.0,95.33333333333333,96.66666666666667,89.66666666666667,73.0,62.0,58.333333333333336,56.333333333333336,54.333333333333336,53.0,49.666666666666664,48.333333333333336,48.666666666666664,57.666666666666664
751,79.66666666666667,80.33333333333333,82.66666666666667,86.0,87.0,89.33333333333333,90.33333333333333,90.33333333333333,87.66666666666667,87.66666666666667,86.66666666666667,84.0,79.66666666666667,76.0,70.0,65.0,60.666666666666664,64.33333333333333,62.666666666666664,71.66666666666667,75.0,72.66666666666667,65.33333333333333,61.666666666666664
752,79.0,79.33333333333333,78.0,79.0,84.33333333333333,92.33333333333333,93.0,97.0,98.0,98.66666666666667,98.33333333333333,98.33333333333333,95.66666666666667,88.66666666666667,86.0,79.33333333333333,76.0,73.0,68.66666666666667,66.66666666666667,67.0,66.66666666666667,86.0,75.0
753,86.0,87.66666666666667,90.0,90.33333333333333,92.0,95.0,96.33333333333333,97.0,96.0,95.33333333333333,95.0,93.33333333333333,87.33333333333333,79.66666666666667,71.0,62.333333333333336,56.0,54.666666666666664,58.666666666666664,69.0,65.66666666666667,85.66666666666667,63.666666666666664,63.333333333333336
754,76.0,74.33333333333333,77.33333333333333,79.66666666666667,83.0,88.66666666666667,94.0,95.66666666666667,96.66666666666667,96.33333333333333,94.33333333333333,93.33333333333333,91.33333333333333,88.66666666666667,85.0,84.33333333333333,82.33333333333333,76.66666666666667,74.0,70.0,68.66666666666667,67.66666666666667,66.33333333333333,67.33333333333333
755,71.33333333333333,80.0,83.0,81.0,81.66666666666667,78.66666666666667,77.0,79.66666666666667,86.0,90.33333333333333,93.66666666666667,93.0,95.0,92.33333333333333,84.33333333333333,76.66666666666667,67.0,64.66666666666667,61.666666666666664,53.333333333333336,50.333333333333336,47.0,48.0,53.666666666666664
756,95.0,96.0,96.0,87.66666666666667,96.0,96.0,88.0,96.0,96.33333333333333,94.33333333333333,100.0,99.0,99.0,99.0,95.0,83.0,81.0,77.0,78.0,89.0,81.0,66.0,64.0,71.0
757,95.33333333333333,95.33333333333333,98.33333333333333,95.33333333333333,95.0,96.66666666666667,97.33333333333333,97.0,95.0,95.33333333333333,92.33333333333333,90.33333333333333,89.33333333333333,89.0,85.0,84.33333333333333,76.0,72.66666666666667,76.33333333333333,65.66666666666667,72.0,76.33333333333333,79.33333333333333,80.66666666666667
758,97.66666666666667,97.66666666666667,96.66666666666667,95.66666666666667,95.66666666666667,91.0,85.0,86.0,84.33333333333333,82.66666666666667,81.66666666666667,80.0,87.33333333333333,88.33333333333333,85.0,75.0,74.0,66.33333333333333,65.33333333333333,64.66666666666667,59.666666666666664,53.666666666666664,51.0,53.0
759,89.33333333333333,89.33333333333333,88.66666666666667,88.66666666666667,90.33333333333333,86.0,86.0,88.33333333333333,88.0,86.33333333333333,85.0,81.66666666666667,87.0,90.0,91.66666666666667,94.33333333333333,93.66666666666667,89.0,83.66666666666667,82.66666666666667,84.0,83.33333333333333,84.66666666666667,85.33333333333333
760,48.333333333333336,55.333333333333336,62.666666666666664,70.0,69.66666666666667,76.33333333333333,81.0,84.33333333333333,82.0,90.33333333333333,93.66666666666667,93.66666666666667,95.66666666666667,94.33333333333333,89.33333333333333,72.0,55.666666666666664,43.333333333333336,34.666666666666664,25.666666666666668,22.0,20.666666666666668,20.666666666666668,20.0
761,66.33333333333333,71.66666666666667,79.33333333333333,88.66666666666667,91.33333333333333,94.33333333333333,94.0,95.0,96.33333333333333,92.66666666666667,95.33333333333333,95.0,97.66666666666667,83.33333333333333,86.0,82.33333333333333,75.66666666666667,60.666666666666664,47.333333333333336,39.333333333333336,32.333333333333336,29.0,29.666666666666668,28.333333333333332
762,29.333333333333332,29.666666666666668,35.666666666666664,44.666666666666664,50.666666666666664,60.666666666666664,64.33333333333333,67.66666666666667,67.66666666666667,73.33333333333333,73.0,79.33333333333333,83.33333333333333,83.0,81.0,73.33333333333333,56.0,44.0,37.333333333333336,28.0,24.0,21.333333333333332,19.666666666666668,20.0
763,81.66666666666667,82.66666666666667,85.66666666666667,86.66666666666667,89.0,91.66666666666667,91.33333333333333,88.0,87.0,79.33333333333333,78.66666666666667,79.33333333333333,78.0,78.66666666666667,74.66666666666667,65.33333333333333,59.666666666666664,55.666666666666664,53.333333333333336,52.333333333333336,54.0,56.0,59.0,64.0
764,64.33333333333333,67.33333333333333,69.66666666666667,68.0,69.0,69.33333333333333,71.0,76.33333333333333,80.33333333333333,81.66666666666667,84.0,91.66666666666667,93.33333333333333,94.33333333333333,94.0,95.66666666666667,95.0,89.66666666666667,85.33333333333333,80.66666666666667,76.33333333333333,77.0,79.0,77.66666666666667
765,89.0,89.0,88.66666666666667,88.66666666666667,89.66666666666667,87.33333333333333,86.66666666666667,87.0,87.66666666666667,87.33333333333333,86.66666666666667,84.66666666666667,90.0,90.0,90.66666666666667,92.66666666666667,94.33333333333333,91.66666666666667,87.33333333333333,85.66666666666667,82.66666666666667,81.33333333333333,83.33333333333333,83.33333333333333
766,85.66666666666667,86.66666666666667,89.0,90.66666666666667,92.0,94.66666666666667,96.0,96.33333333333333,95.66666666666667,95.66666666666667,92.66666666666667,89.66666666666667,83.66666666666667,77.33333333333333,68.66666666666667,61.333333333333336,55.0,53.666666666666664,55.666666666666664,65.66666666666667,62.333333333333336,75.33333333333333,63.0,60.666666666666664
767,66.33333333333333,70.0,75.33333333333333,78.33333333333333,81.66666666666667,82.33333333333333,82.66666666666667,89.66666666666667,91.33333333333333,89.33333333333333,92.66666666666667,93.33333333333333,94.66666666666667,87.66666666666667,75.66666666666667,66.0,55.666666666666664,53.333333333333336,50.333333333333336,48.0,44.0,42.333333333333336,43.333333333333336,52.0
768,96.0,98.0,97.44444444444444,98.0,99.33333333333333,96.33333333333333,95.66666666666667,96.0,95.33333333333333,93.66666666666667,92.66666666666667,91.66666666666667,89.33333333333333,94.66666666666667,96.33333333333333,96.66666666666667,97.0,96.66666666666667,96.66666666666667,95.33333333333333,92.66666666666667,90.33333333333333,90.0,90.33333333333333
769,43.0,47.666666666666664,57.666666666666664,67.66666666666667,65.66666666666667,68.33333333333333,68.66666666666667,70.66666666666667,73.0,75.33333333333333,70.0,69.0,78.33333333333333,77.33333333333333,71.0,59.666666666666664,47.666666666666664,39.0,37.333333333333336,35.0,32.0,29.333333333333332,28.666666666666668,28.666666666666668
770,90.0,88.66666666666667,89.33333333333333,93.0,94.0,91.0,90.66666666666667,88.66666666666667,89.33333333333333,89.33333333333333,88.66666666666667,92.0,96.33333333333333,97.66666666666667,95.66666666666667,95.66666666666667,96.33333333333333,95.0,93.66666666666667,90.66666666666667,81.66666666666667,81.0,81.33333333333333,84.33333333333333
771,58.666666666666664,65.0,71.0,75.66666666666667,73.66666666666667,77.66666666666667,83.33333333333333,76.33333333333333,78.33333333333333,80.0,84.33333333333333,89.33333333333333,92.66666666666667,85.33333333333333,72.66666666666667,68.33333333333333,52.333333333333336,48.333333333333336,43.666666666666664,38.0,38.333333333333336,36.333333333333336,36.0,43.333333333333336
772,30.0,38.0,51.666666666666664,46.666666666666664,46.0,49.666666666666664,56.666666666666664,58.333333333333336,58.333333333333336,55.666666666666664,60.333333333333336,62.666666666666664,61.666666666666664,61.666666666666664,60.666666666666664,62.333333333333336,47.333333333333336,50.666666666666664,45.333333333333336,45.0,51.666666666666664,55.666666666666664,57.0,57.666666666666664
773,80.33333333333333,81.66666666666667,86.66666666666667,89.33333333333333,89.0,89.0,87.33333333333333,85.33333333333333,85.0,78.0,78.66666666666667,79.33333333333333,79.33333333333333,80.0,76.33333333333333,70.0,65.0,61.666666666666664,60.333333333333336,59.333333333333336,59.0,61.666666666666664,63.333333333333336,72.0
774,81.66666666666667,89.0,91.0,90.0,94.0,91.0,95.0,96.66666666666667,96.66666666666667,97.0,97.66666666666667,96.66666666666667,96.0,93.33333333333333,87.33333333333333,73.0,68.66666666666667,63.0,58.666666666666664,55.333333333333336,60.333333333333336,64.66666666666667,69.0,77.66666666666667
775,62.0,68.33333333333333,75.66666666666667,81.66666666666667,82.66666666666667,82.33333333333333,89.33333333333333,87.66666666666667,89.66666666666667,91.0,91.33333333333333,94.0,94.33333333333333,93.0,80.66666666666667,76.0,73.0,63.0,62.333333333333336,70.66666666666667,77.66666666666667,72.66666666666667,81.0,83.0
776,46.0,64.0,73.66666666666667,78.33333333333333,78.0,82.33333333333333,84.0,89.66666666666667,87.0,93.0,95.33333333333333,97.33333333333333,98.66666666666667,97.33333333333333,92.66666666666667,73.33333333333333,57.333333333333336,45.333333333333336,37.666666666666664,33.0,30.0,27.333333333333332,26.333333333333332,26.666666666666668
777,72.66666666666667,81.66666666666667,82.0,78.33333333333333,79.33333333333333,82.0,82.33333333333333,83.66666666666667,80.66666666666667,86.0,87.0,84.0,88.66666666666667,94.66666666666667,94.0,94.66666666666667,92.66666666666667,83.33333333333333,73.0,69.0,66.33333333333333,63.0,66.33333333333333,67.66666666666667
778,69.33333333333333,72.0,81.33333333333333,83.0,85.0,88.33333333333333,91.66666666666667,90.66666666666667,90.0,87.33333333333333,87.66666666666667,83.33333333333333,80.33333333333333,76.66666666666667,72.33333333333333,65.0,57.666666666666664,57.333333333333336,56.0,59.0,58.0,57.666666666666664,60.333333333333336,69.0
779,36.0,45.333333333333336,71.0,88.0,91.33333333333333,92.0,92.66666666666667,91.66666666666667,91.66666666666667,90.66666666666667,93.0,94.0,93.0,93.33333333333333,95.0,91.0,86.0,88.33333333333333,87.66666666666667,82.33333333333333,71.66666666666667,60.0,52.0,46.0
780,82.0,87.0,90.0,81.0,90.0,93.0,93.0,93.0,98.0,96.0,98.0,98.0,98.0,100.0,76.0,71.0,67.0,63.0,63.0,68.0,77.0,76.0,66.0,69.0
781,63.0,68.0,88.0,91.66666666666667,94.66666666666667,95.0,95.0,97.33333333333333,95.66666666666667,96.0,96.33333333333333,94.33333333333333,95.66666666666667,95.66666666666667,90.0,81.0,69.33333333333333,63.333333333333336,59.333333333333336,59.0,54.0,49.333333333333336,51.666666666666664,57.0
782,19.666666666666668,25.0,26.666666666666668,29.666666666666668,31.333333333333332,33.666666666666664,35.333333333333336,39.333333333333336,38.333333333333336,38.0,41.666666666666664,42.333333333333336,45.666666666666664,51.0,47.333333333333336,36.666666666666664,42.333333333333336,46.333333333333336,37.666666666666664,31.666666666666668,25.333333333333332,22.666666666666668,20.333333333333332,22.0
783,38.333333333333336,34.0,37.666666666666664,50.0,43.0,46.333333333333336,46.0,52.666666666666664,53.666666666666664,63.666666666666664,58.666666666666664,62.666666666666664,71.33333333333333,69.33333333333333,72.33333333333333,72.66666666666667,59.333333333333336,47.666666666666664,49.333333333333336,38.0,33.0,31.333333333333332,25.0,24.333333333333332
784,49.0,53.333333333333336,58.0,64.33333333333333,67.0,67.33333333333333,66.66666666666667,65.0,68.0,68.0,70.66666666666667,69.33333333333333,71.33333333333333,67.66666666666667,62.333333333333336,60.333333333333336,58.333333333333336,56.333333333333336,52.666666666666664,59.666666666666664,62.666666666666664,61.0,71.33333333333333,74.33333333333333
785,85.0,85.0,82.0,87.0,90.0,82.0,83.0,86.0,86.0,86.0,86.0,82.0,91.0,92.0,86.0,91.0,94.0,92.0,85.0,82.0,78.33333333333333,77.66666666666667,79.66666666666667,80.33333333333333
786,77.66666666666667,76.0,78.66666666666667,77.33333333333333,78.33333333333333,79.66666666666667,81.33333333333333,84.66666666666667,86.66666666666667,86.66666666666667,87.0,91.33333333333333,92.33333333333333,93.33333333333333,92.66666666666667,95.66666666666667,93.33333333333333,85.66666666666667,81.33333333333333,80.0,76.33333333333333,76.33333333333333,79.0,78.33333333333333
787,81.0,83.66666666666667,86.0,85.0,87.33333333333333,89.33333333333333,91.0,91.0,90.66666666666667,89.33333333333333,88.0,88.0,84.33333333333333,77.33333333333333,71.66666666666667,61.666666666666664,55.333333333333336,52.0,51.0,55.666666666666664,57.333333333333336,67.66666666666667,68.0,59.0
788,91.33333333333333,90.33333333333333,91.33333333333333,94.0,95.33333333333333,92.33333333333333,91.0,89.66666666666667,85.66666666666667,86.0,87.0,91.66666666666667,97.0,97.33333333333333,95.66666666666667,94.8888888888889,96.1111111111111,94.8888888888889,93.66666666666667,90.66666666666667,81.66666666666667,81.0,81.33333333333333,84.33333333333333
789,84.0,84.66666666666667,86.66666666666667,86.0,84.33333333333333,85.0,86.33333333333333,87.33333333333333,89.33333333333333,90.66666666666667,97.66666666666667,98.66666666666667,97.0,97.33333333333333,95.0,96.33333333333333,86.33333333333333,73.33333333333333,68.0,65.0,63.0,63.0,65.66666666666667,72.66666666666667
790,84.0,85.0,87.0,85.0,82.0,82.0,82.0,83.0,87.0,91.0,98.0,99.0,97.0,98.0,92.0,94.0,82.0,72.0,69.0,66.0,65.0,66.0,69.0,85.0
791,87.0,93.0,95.0,91.0,93.0,96.0,97.0,98.0,98.0,96.0,96.0,95.0,90.0,81.0,74.0,62.0,57.0,55.0,58.0,66.0,65.0,88.0,65.0,61.0
792,83.0,84.66666666666667,85.66666666666667,86.66666666666667,85.33333333333333,85.33333333333333,85.66666666666667,87.0,88.0,93.66666666666667,96.66666666666667,96.33333333333333,95.66666666666667,96.0,93.33333333333333,91.66666666666667,82.66666666666667,76.0,70.66666666666667,66.66666666666667,64.66666666666667,66.33333333333333,69.0,86.0
793,97.0,98.0,96.0,97.0,91.0,98.0,96.0,97.0,96.0,100.0,99.0,100.0,100.0,100.0,100.0,99.0,84.0,84.0,78.0,85.0,76.0,70.0,57.0,69.0
794,78.0,78.33333333333333,81.66666666666667,83.0,84.0,83.66666666666667,83.66666666666667,85.33333333333333,86.0,93.33333333333333,97.0,98.0,96.0,98.0,97.66666666666667,95.0,87.33333333333333,80.0,72.66666666666667,68.66666666666667,65.33333333333333,67.66666666666667,91.66666666666667,90.0
795,72.33333333333333,75.0,74.0,74.0,73.66666666666667,73.33333333333333,74.33333333333333,78.33333333333333,81.66666666666667,83.66666666666667,84.66666666666667,90.33333333333333,93.33333333333333,93.66666666666667,93.33333333333333,95.0,94.66666666666667,90.33333333333333,84.33333333333333,80.66666666666667,76.66666666666667,76.33333333333333,79.66666666666667,79.0
796,80.0,83.0,87.66666666666667,91.0,90.0,87.0,88.66666666666667,88.33333333333333,88.33333333333333,88.66666666666667,86.33333333333333,83.0,84.33333333333333,82.33333333333333,78.0,69.66666666666667,65.33333333333333,66.0,64.0,61.666666666666664,57.666666666666664,45.666666666666664,43.666666666666664,49.666666666666664
797,96.44444444444444,96.22222222222223,97.66666666666667,97.8888888888889,97.55555555555556,96.55555555555556,95.33333333333333,94.44444444444444,92.77777777777777,94.0,93.22222222222223,94.1111111111111,93.66666666666667,95.0,96.66666666666667,97.44444444444444,98.33333333333333,99.22222222222223,99.33333333333333,98.8888888888889,99.22222222222223,99.33333333333333,99.8888888888889,99.0
798,83.77777777777777,87.55555555555556,91.0,94.0,94.66666666666667,95.22222222222223,95.44444444444444,96.33333333333333,97.0,97.1111111111111,93.22222222222223,88.44444444444444,85.22222222222223,86.33333333333333,93.66666666666667,94.55555555555556,94.77777777777777,97.66666666666667,98.22222222222223,98.55555555555556,99.0,96.1111111111111,95.33333333333333,92.1111111111111
799,87.0,91.0,85.0,92.0,95.0,96.0,97.0,97.0,95.0,94.0,88.0,86.0,89.0,91.0,89.0,91.0,96.0,94.0,93.0,91.0,90.0,90.0,91.0,91.0
800,85.0,80.66666666666667,82.66666666666667,82.0,80.66666666666667,81.66666666666667,83.66666666666667,86.66666666666667,89.0,89.0,91.0,94.66666666666667,95.0,95.33333333333333,94.33333333333333,95.33333333333333,90.0,81.0,78.66666666666667,70.33333333333333,67.33333333333333,67.0,70.33333333333333,69.33333333333333
801,80.0,80.66666666666667,79.0,81.66666666666667,81.66666666666667,78.66666666666667,79.66666666666667,81.33333333333333,82.66666666666667,85.33333333333333,85.66666666666667,89.33333333333333,94.33333333333333,94.33333333333333,93.33333333333333,94.66666666666667,95.66666666666667,91.0,86.0,81.66666666666667,77.0,77.0,80.0,81.0
802,97.33333333333333,97.0,98.33333333333333,98.66666666666667,98.33333333333333,97.66666666666667,96.66666666666667,96.0,94.66666666666667,95.33333333333333,94.0,94.0,93.66666666666667,94.0,96.0,97.66666666666667,97.33333333333333,98.0,97.66666666666667,97.0,97.66666666666667,97.33333333333333,97.33333333333333,96.0
803,88.0,88.0,82.0,88.0,94.0,88.0,94.0,88.0,88.0,88.0,94.0,94.0,100.0,100.0,100.0,94.0,100.0,100.0,94.0,94.0,74.0,74.0,74.0,83.0
804,88.0,90.33333333333333,93.33333333333333,95.66666666666667,95.33333333333333,93.66666666666667,92.66666666666667,95.33333333333333,95.0,94.33333333333333,96.33333333333333,96.0,97.0,94.33333333333333,89.0,77.33333333333333,70.66666666666667,65.0,62.333333333333336,59.333333333333336,58.666666666666664,58.333333333333336,63.333333333333336,73.66666666666667
805,80.0,87.0,88.33333333333333,90.33333333333333,90.33333333333333,91.33333333333333,90.66666666666667,89.0,89.0,86.33333333333333,88.66666666666667,87.66666666666667,85.66666666666667,83.66666666666667,79.0,65.33333333333333,60.666666666666664,61.333333333333336,59.666666666666664,59.0,57.0,56.666666666666664,61.333333333333336,71.33333333333333
806,92.66666666666667,93.33333333333333,93.44444444444444,94.66666666666667,96.66666666666667,94.0,94.66666666666667,97.0,96.0,92.33333333333333,90.66666666666667,90.0,88.33333333333333,94.66666666666667,95.33333333333333,95.0,96.33333333333333,96.0,95.33333333333333,93.0,89.66666666666667,86.66666666666667,85.33333333333333,87.33333333333333
807,75.33333333333333,94.66666666666667,95.0,87.66666666666667,96.0,96.33333333333333,89.0,95.66666666666667,97.0,94.0,99.0,98.66666666666667,96.66666666666667,98.66666666666667,96.33333333333333,87.0,81.66666666666667,84.0,74.0,74.0,64.66666666666667,69.0,67.66666666666667,64.33333333333333
808,92.66666666666667,93.33333333333333,93.44444444444444,94.66666666666667,96.66666666666667,94.0,94.66666666666667,97.0,96.0,92.33333333333333,90.66666666666667,90.0,88.33333333333333,94.66666666666667,95.33333333333333,95.0,96.33333333333333,96.0,95.33333333333333,93.0,89.66666666666667,86.66666666666667,85.33333333333333,87.33333333333333
809,88.66666666666667,88.0,87.66666666666667,89.0,89.0,94.0,94.0,96.0,96.66666666666667,96.33333333333333,97.0,97.33333333333333,96.66666666666667,94.66666666666667,90.0,83.0,70.66666666666667,65.33333333333333,67.66666666666667,66.66666666666667,73.66666666666667,82.66666666666667,82.66666666666667,76.33333333333333
810,62.0,76.66666666666667,78.33333333333333,82.33333333333333,86.66666666666667,83.33333333333333,85.33333333333333,89.0,86.66666666666667,88.33333333333333,90.66666666666667,94.66666666666667,94.0,91.0,80.66666666666667,72.0,62.333333333333336,58.0,52.666666666666664,50.0,48.0,48.0,55.0,65.33333333333333
811,76.0,74.33333333333333,77.33333333333333,79.66666666666667,83.0,88.66666666666667,94.0,95.66666666666667,96.66666666666667,94.0,94.33333333333333,93.33333333333333,91.33333333333333,88.66666666666667,85.0,84.33333333333333,82.33333333333333,76.66666666666667,74.0,70.0,68.66666666666667,67.66666666666667,66.33333333333333,67.33333333333333
812,74.0,83.0,77.66666666666667,84.66666666666667,87.66666666666667,92.0,92.66666666666667,93.0,92.33333333333333,94.33333333333333,92.0,93.0,94.33333333333333,88.0,78.0,71.66666666666667,68.0,63.0,65.33333333333333,72.33333333333333,69.33333333333333,69.33333333333333,70.33333333333333,76.0
813,84.0,82.0,92.0,97.0,100.0,100.0,100.0,91.0,84.0,80.0,78.0,78.0,76.0,79.0,80.0,69.0,60.0,54.0,52.0,51.0,52.0,55.0,53.0,71.0
814,94.77777777777777,96.22222222222223,96.66666666666667,97.55555555555556,97.55555555555556,97.8888888888889,97.66666666666667,97.77777777777777,97.77777777777777,98.0,97.8888888888889,98.1111111111111,98.0,95.77777777777777,96.0,98.1111111111111,96.0,96.22222222222223,95.66666666666667,95.8888888888889,95.22222222222223,95.33333333333333,95.55555555555556,94.33333333333333
815,85.0,88.66666666666667,92.33333333333333,92.0,95.0,94.0,94.66666666666667,95.33333333333333,90.0,89.66666666666667,85.66666666666667,83.66666666666667,80.33333333333333,76.33333333333333,68.66666666666667,63.666666666666664,59.333333333333336,55.666666666666664,58.0,59.666666666666664,59.333333333333336,58.666666666666664,57.333333333333336,55.333333333333336
816,93.0,97.0,97.0,96.0,98.0,91.0,89.0,89.0,87.0,87.0,85.0,82.0,80.0,76.0,71.0,61.0,59.0,63.0,65.0,65.0,62.0,45.0,43.0,48.0
817,83.0,87.0,91.0,93.66666666666667,93.33333333333333,94.66666666666667,95.33333333333333,92.33333333333333,91.66666666666667,93.66666666666667,92.0,91.0,90.66666666666667,86.66666666666667,77.33333333333333,66.33333333333333,58.0,53.666666666666664,52.666666666666664,53.333333333333336,54.0,63.666666666666664,67.66666666666667,73.0
818,88.0,89.33333333333333,87.0,92.0,94.0,91.66666666666667,92.33333333333333,93.0,92.33333333333333,92.0,87.33333333333333,84.33333333333333,87.33333333333333,90.66666666666667,87.66666666666667,90.0,93.33333333333333,93.0,90.33333333333333,86.66666666666667,83.66666666666667,82.66666666666667,84.0,84.0
819,79.33333333333333,95.66666666666667,95.66666666666667,87.66666666666667,96.0,96.0,88.0,96.0,96.33333333333333,94.33333333333333,99.66666666666667,98.66666666666667,97.0,99.0,94.66666666666667,82.66666666666667,81.33333333333333,77.33333333333333,77.66666666666667,90.0,81.33333333333333,60.666666666666664,63.333333333333336,70.33333333333333
820,85.33333333333333,89.66666666666667,92.0,95.0,95.0,95.66666666666667,96.33333333333333,97.0,97.0,97.33333333333333,93.66666666666667,88.33333333333333,85.66666666666667,87.0,94.0,94.66666666666667,95.33333333333333,98.0,98.66666666666667,98.66666666666667,99.0,96.33333333333333,96.0,92.33333333333333
821,53.333333333333336,58.333333333333336,65.66666666666667,66.33333333333333,73.33333333333333,74.66666666666667,85.66666666666667,94.33333333333333,95.66666666666667,99.0,98.66666666666667,98.66666666666667,95.33333333333333,88.0,76.33333333333333,67.0,63.0,62.333333333333336,61.666666666666664,59.0,59.0,61.333333333333336,61.0,62.333333333333336
822,73.33333333333333,74.33333333333333,76.33333333333333,80.33333333333333,84.0,86.0,89.0,88.66666666666667,91.0,91.33333333333333,89.0,89.66666666666667,88.33333333333333,79.0,73.33333333333333,65.66666666666667,56.333333333333336,50.666666666666664,49.333333333333336,49.333333333333336,52.333333333333336,55.0,71.33333333333333,58.0
823,85.66666666666667,87.33333333333333,84.66666666666667,88.33333333333333,90.33333333333333,87.66666666666667,91.33333333333333,89.0,90.33333333333333,90.0,93.66666666666667,96.0,98.66666666666667,99.0,98.0,95.66666666666667,93.66666666666667,89.66666666666667,86.0,83.66666666666667,69.0,69.33333333333333,70.66666666666667,75.66666666666667
824,83.0,86.0,87.66666666666667,90.33333333333333,90.33333333333333,90.33333333333333,91.66666666666667,91.33333333333333,92.66666666666667,89.66666666666667,93.0,92.0,92.33333333333333,94.33333333333333,94.0,95.0,95.0,94.33333333333333,92.33333333333333,91.0,89.33333333333333,83.33333333333333,82.0,85.66666666666667
825,94.0,96.33333333333333,96.33333333333333,97.66666666666667,96.66666666666667,97.66666666666667,97.66666666666667,99.0,99.0,97.66666666666667,99.0,97.66666666666667,99.0,98.66666666666667,96.66666666666667,92.33333333333333,87.33333333333333,88.33333333333333,85.66666666666667,88.66666666666667,82.0,79.33333333333333,89.33333333333333,89.33333333333333
826,80.0,80.66666666666667,79.0,81.66666666666667,81.66666666666667,78.66666666666667,79.66666666666667,81.33333333333333,82.66666666666667,85.33333333333333,85.66666666666667,89.33333333333333,94.33333333333333,94.33333333333333,93.33333333333333,94.66666666666667,95.66666666666667,91.0,86.0,81.66666666666667,77.0,77.0,80.0,81.0
827,89.0,94.0,95.0,97.0,96.0,97.0,97.0,96.0,97.0,98.0,99.0,99.0,99.0,99.0,97.0,90.0,82.0,88.0,73.0,68.0,57.0,79.0,69.0,62.0
828,51.0,63.666666666666664,62.0,63.666666666666664,61.666666666666664,61.333333333333336,62.333333333333336,63.333333333333336,63.0,67.33333333333333,69.33333333333333,84.33333333333333,85.0,92.33333333333333,84.33333333333333,74.0,76.0,71.0,73.66666666666667,70.66666666666667,73.0,62.0,59.0,66.33333333333333
829,76.66666666666667,80.33333333333333,83.33333333333333,83.66666666666667,82.66666666666667,84.66666666666667,83.0,89.33333333333333,87.66666666666667,87.66666666666667,85.66666666666667,85.66666666666667,84.0,80.33333333333333,75.66666666666667,69.33333333333333,65.33333333333333,62.666666666666664,59.0,57.0,58.0,60.333333333333336,59.333333333333336,64.66666666666667
830,68.0,78.0,80.0,81.0,82.66666666666667,79.33333333333333,83.33333333333333,82.66666666666667,87.0,88.33333333333333,90.33333333333333,92.0,95.0,85.66666666666667,75.33333333333333,67.66666666666667,62.0,51.333333333333336,45.666666666666664,44.333333333333336,43.0,45.0,43.333333333333336,54.0
831,90.0,89.0,89.0,87.0,85.0,89.0,88.0,87.0,95.0,97.0,97.0,97.0,98.0,98.0,98.0,88.0,78.0,75.0,66.0,71.0,89.0,75.0,65.0,68.0
832,81.0,79.0,78.0,79.0,85.0,96.0,96.0,99.0,100.0,100.0,100.0,100.0,96.0,92.0,85.0,77.0,73.0,69.0,63.0,62.0,61.0,62.0,88.0,73.0
833,15.0,19.0,23.333333333333332,29.666666666666668,28.333333333333332,35.333333333333336,37.333333333333336,41.666666666666664,45.333333333333336,51.0,53.0,48.666666666666664,53.333333333333336,51.0,50.333333333333336,36.666666666666664,42.333333333333336,43.333333333333336,38.0,31.666666666666668,29.666666666666668,28.333333333333332,27.333333333333332,28.666666666666668
834,91.33333333333333,91.33333333333333,93.0,93.66666666666667,94.0,92.0,92.66666666666667,95.33333333333333,94.0,92.0,90.66666666666667,88.0,90.33333333333333,94.33333333333333,95.0,93.66666666666667,96.0,95.66666666666667,93.33333333333333,92.0,88.66666666666667,82.0,81.0,86.33333333333333
835,42.0,47.333333333333336,60.0,64.66666666666667,74.66666666666667,80.66666666666667,84.33333333333333,83.0,83.33333333333333,85.0,88.66666666666667,86.66666666666667,92.33333333333333,89.0,89.0,81.33333333333333,68.66666666666667,55.0,46.666666666666664,38.333333333333336,31.333333333333332,26.333333333333332,23.666666666666668,24.0
836,90.66666666666667,92.0,94.0,93.33333333333333,93.0,90.66666666666667,89.66666666666667,89.66666666666667,87.33333333333333,87.66666666666667,84.66666666666667,84.66666666666667,82.0,77.66666666666667,70.33333333333333,66.33333333333333,62.666666666666664,61.0,66.0,61.0,60.666666666666664,59.666666666666664,52.666666666666664,50.333333333333336
837,92.33333333333333,96.66666666666667,98.33333333333333,99.33333333333333,98.66666666666667,99.0,98.66666666666667,97.66666666666667,99.0,97.0,97.0,92.0,90.33333333333333,93.33333333333333,97.0,97.66666666666667,98.0,99.33333333333333,99.66666666666667,99.66666666666667,99.0,97.33333333333333,97.33333333333333,96.0
838,58.888888888888886,63.666666666666664,67.0,69.44444444444444,71.33333333333333,70.22222222222223,71.66666666666667,71.44444444444444,72.44444444444444,73.33333333333333,72.33333333333333,58.0,72.8888888888889,53.0,45.333333333333336,63.0,40.0,38.666666666666664,41.333333333333336,63.88888888888889,41.666666666666664,54.0,51.888888888888886,52.666666666666664
839,18.666666666666668,20.333333333333332,27.0,32.666666666666664,39.666666666666664,38.333333333333336,40.333333333333336,44.22222222222222,43.0,43.0,51.333333333333336,51.666666666666664,54.0,43.0,43.333333333333336,39.666666666666664,31.0,28.0,24.0,21.0,18.333333333333332,19.0,16.0,14.333333333333334
840,89.33333333333333,89.33333333333333,88.66666666666667,88.66666666666667,90.33333333333333,86.0,86.0,88.33333333333333,88.0,86.33333333333333,85.0,81.66666666666667,87.0,90.0,91.66666666666667,94.33333333333333,93.66666666666667,89.0,83.66666666666667,82.66666666666667,78.0,77.66666666666667,80.0,81.0
841,62.333333333333336,50.333333333333336,64.33333333333333,72.0,77.66666666666667,82.0,90.33333333333333,81.66666666666667,89.0,85.33333333333333,86.0,92.0,91.33333333333333,79.66666666666667,83.66666666666667,75.33333333333333,67.66666666666667,56.333333333333336,51.333333333333336,38.333333333333336,33.666666666666664,28.0,24.666666666666668,24.333333333333332
842,85.0,80.66666666666667,82.66666666666667,82.0,80.66666666666667,81.66666666666667,83.66666666666667,86.66666666666667,89.0,89.0,91.0,94.66666666666667,95.0,95.33333333333333,94.33333333333333,95.33333333333333,90.0,81.0,78.66666666666667,70.33333333333333,67.33333333333333,67.0,70.33333333333333,69.33333333333333
843,87.66666666666667,89.66666666666667,91.33333333333333,93.0,94.0,92.33333333333333,93.0,96.33333333333333,95.0,93.0,92.0,90.33333333333333,92.0,95.0,95.66666666666667,94.33333333333333,96.0,96.0,94.66666666666667,93.0,91.66666666666667,85.66666666666667,82.33333333333333,86.66666666666667
844,70.66666666666667,80.66666666666667,83.66666666666667,87.0,89.33333333333333,91.0,90.66666666666667,92.66666666666667,93.33333333333333,95.66666666666667,96.33333333333333,98.0,96.66666666666667,92.0,82.33333333333333,78.33333333333333,65.66666666666667,59.0,56.666666666666664,70.66666666666667,67.66666666666667,87.0,88.33333333333333,89.33333333333333
845,88.0,89.33333333333333,89.0,87.0,85.66666666666667,88.66666666666667,87.66666666666667,88.66666666666667,94.0,95.66666666666667,96.66666666666667,97.0,97.0,97.0,96.33333333333333,89.33333333333333,78.33333333333333,73.66666666666667,70.33333333333333,73.66666666666667,80.33333333333333,70.0,65.66666666666667,63.666666666666664
846,70.33333333333333,75.66666666666667,79.66666666666667,84.0,89.0,90.66666666666667,91.33333333333333,91.33333333333333,89.0,90.33333333333333,93.66666666666667,92.66666666666667,94.33333333333333,89.33333333333333,80.66666666666667,73.0,66.0,60.666666666666664,54.0,54.0,49.333333333333336,58.666666666666664,59.666666666666664,59.666666666666664
847,62.333333333333336,50.333333333333336,64.33333333333333,72.0,77.66666666666667,82.0,90.33333333333333,81.66666666666667,89.0,85.33333333333333,86.0,83.33333333333333,91.33333333333333,86.33333333333333,83.66666666666667,75.33333333333333,67.66666666666667,56.333333333333336,51.333333333333336,38.333333333333336,33.666666666666664,28.0,24.666666666666668,24.333333333333332
848,36.0,61.333333333333336,71.0,77.66666666666667,84.0,82.66666666666667,81.33333333333333,85.66666666666667,87.33333333333333,90.0,91.66666666666667,93.66666666666667,95.0,93.66666666666667,90.33333333333333,69.33333333333333,53.0,42.333333333333336,36.0,32.666666666666664,30.0,27.333333333333332,26.333333333333332,26.0
849,21.333333333333332,25.0,27.666666666666668,39.0,38.333333333333336,37.666666666666664,37.333333333333336,51.0,57.666666666666664,58.0,58.0,57.333333333333336,57.333333333333336,61.333333333333336,56.666666666666664,49.666666666666664,30.333333333333332,24.333333333333332,20.0,15.666666666666666,14.333333333333334,13.0,14.0,13.333333333333334
850,88.0,82.33333333333333,80.33333333333333,83.66666666666667,86.0,84.33333333333333,86.66666666666667,85.33333333333333,87.33333333333333,88.0,91.33333333333333,95.33333333333333,97.0,98.33333333333333,97.0,95.66666666666667,97.33333333333333,95.33333333333333,92.0,84.33333333333333,70.33333333333333,70.66666666666667,70.66666666666667,77.0
851,88.66666666666667,88.0,87.66666666666667,89.0,89.0,94.0,94.0,96.0,96.66666666666667,96.33333333333333,97.0,97.33333333333333,96.66666666666667,94.66666666666667,90.0,83.0,70.66666666666667,65.33333333333333,67.66666666666667,66.66666666666667,73.66666666666667,82.66666666666667,82.66666666666667,76.33333333333333
852,83.33333333333333,82.0,81.33333333333333,87.0,90.33333333333333,90.66666666666667,90.33333333333333,89.33333333333333,91.0,90.66666666666667,88.66666666666667,83.33333333333333,77.0,72.0,68.66666666666667,68.33333333333333,78.66666666666667,74.66666666666667,72.0,76.66666666666667,70.66666666666667,67.66666666666667,66.0,60.666666666666664
853,83.66666666666667,82.33333333333333,86.33333333333333,89.66666666666667,92.33333333333333,94.66666666666667,95.33333333333333,92.66666666666667,90.66666666666667,78.66666666666667,76.66666666666667,79.66666666666667,76.66666666666667,78.66666666666667,79.33333333333333,69.33333333333333,60.666666666666664,53.333333333333336,52.0,51.333333333333336,53.0,55.0,52.666666666666664,72.0
854,44.0,43.333333333333336,51.666666666666664,58.333333333333336,66.66666666666667,74.0,74.66666666666667,79.0,78.66666666666667,78.0,80.33333333333333,81.0,84.0,85.33333333333333,82.0,74.66666666666667,65.66666666666667,57.666666666666664,52.0,43.666666666666664,36.333333333333336,33.333333333333336,31.0,29.333333333333332
855,80.66666666666667,85.33333333333333,87.66666666666667,87.66666666666667,90.66666666666667,93.0,94.33333333333333,95.0,94.66666666666667,94.33333333333333,93.66666666666667,92.66666666666667,88.0,80.33333333333333,70.0,60.666666666666664,57.0,50.0,53.666666666666664,65.0,63.0,80.33333333333333,63.333333333333336,58.333333333333336
856,82.66666666666667,83.66666666666667,83.66666666666667,87.0,86.66666666666667,87.66666666666667,91.66666666666667,94.33333333333333,94.33333333333333,93.0,97.66666666666667,94.0,94.0,92.33333333333333,83.0,80.33333333333333,80.0,79.0,79.0,80.0,77.66666666666667,81.66666666666667,82.0,84.33333333333333
857,51.666666666666664,58.666666666666664,67.66666666666667,77.0,84.33333333333333,90.66666666666667,89.0,93.66666666666667,95.0,91.0,96.33333333333333,96.33333333333333,97.66666666666667,82.0,84.66666666666667,78.66666666666667,65.66666666666667,46.333333333333336,37.0,28.666666666666668,23.333333333333332,22.666666666666668,24.0,22.666666666666668
858,75.33333333333333,82.33333333333333,89.0,92.0,92.33333333333333,94.33333333333333,93.33333333333333,93.66666666666667,94.0,94.0,93.33333333333333,92.66666666666667,91.33333333333333,84.0,73.0,64.66666666666667,59.666666666666664,59.0,59.666666666666664,62.333333333333336,61.0,62.333333333333336,72.66666666666667,77.66666666666667
859,84.66666666666667,90.66666666666667,94.33333333333333,95.66666666666667,96.33333333333333,94.66666666666667,99.0,98.66666666666667,97.66666666666667,99.0,100.0,99.0,97.66666666666667,96.33333333333333,95.0,76.33333333333333,70.33333333333333,63.666666666666664,62.333333333333336,63.666666666666664,68.33333333333333,73.33333333333333,80.33333333333333,83.66666666666667
860,46.0,64.0,73.66666666666667,78.33333333333333,78.0,82.33333333333333,84.0,89.66666666666667,87.0,93.0,95.33333333333333,97.33333333333333,98.66666666666667,97.33333333333333,92.66666666666667,73.33333333333333,57.333333333333336,45.333333333333336,37.666666666666664,33.0,30.0,27.333333333333332,26.333333333333332,26.666666666666668
861,77.0,83.0,86.33333333333333,87.66666666666667,87.33333333333333,87.33333333333333,85.66666666666667,87.0,86.66666666666667,85.66666666666667,87.0,90.0,90.0,92.0,91.33333333333333,82.33333333333333,84.33333333333333,79.0,76.33333333333333,77.33333333333333,75.0,76.33333333333333,81.0,83.0
862,83.33333333333333,88.0,87.0,87.66666666666667,88.0,89.0,87.33333333333333,90.66666666666667,92.0,90.0,85.33333333333333,84.33333333333333,86.33333333333333,82.66666666666667,81.66666666666667,74.66666666666667,64.0,57.333333333333336,54.666666666666664,54.666666666666664,56.0,54.666666666666664,60.0,68.33333333333333
863,91.0,91.0,90.33333333333333,90.33333333333333,89.33333333333333,93.33333333333333,97.33333333333333,96.0,94.66666666666667,94.66666666666667,97.0,97.33333333333333,94.66666666666667,91.66666666666667,81.66666666666667,72.0,68.0,71.0,70.66666666666667,68.66666666666667,81.66666666666667,72.0,66.66666666666667,64.66666666666667
864,67.33333333333333,78.66666666666667,83.33333333333333,84.66666666666667,83.0,83.33333333333333,83.33333333333333,85.33333333333333,83.0,81.33333333333333,80.0,78.33333333333333,77.0,69.33333333333333,68.0,74.0,68.66666666666667,61.0,60.0,57.666666666666664,58.666666666666664,68.33333333333333,81.0,94.0
865,78.0,80.33333333333333,86.0,87.33333333333333,92.0,95.66666666666667,96.0,97.66666666666667,98.0,98.0,98.33333333333333,98.33333333333333,99.0,92.0,82.0,75.0,62.333333333333336,57.333333333333336,52.666666666666664,51.0,51.666666666666664,53.333333333333336,59.666666666666664,67.33333333333333
866,92.33333333333333,93.33333333333333,92.0,96.33333333333333,97.33333333333333,97.66666666666667,98.0,95.33333333333333,94.33333333333333,94.0,89.0,87.33333333333333,87.0,90.0,90.0,92.66666666666667,95.0,94.66666666666667,95.0,91.66666666666667,89.33333333333333,88.33333333333333,89.0,89.0
867,80.0,80.0,88.33333333333333,92.33333333333333,89.33333333333333,91.33333333333333,93.0,95.0,95.66666666666667,93.66666666666667,95.0,96.33333333333333,94.0,96.0,91.66666666666667,88.33333333333333,89.33333333333333,85.33333333333333,81.0,82.33333333333333,80.66666666666667,83.0,80.66666666666667,82.33333333333333
868,88.66666666666667,86.33333333333333,87.0,85.0,86.66666666666667,85.66666666666667,85.66666666666667,88.0,87.66666666666667,86.66666666666667,85.33333333333333,84.0,87.0,90.0,93.33333333333333,95.33333333333333,93.33333333333333,86.66666666666667,81.33333333333333,81.66666666666667,78.0,77.66666666666667,80.0,81.0
869,78.0,79.33333333333333,81.66666666666667,83.0,84.0,83.66666666666667,83.66666666666667,85.33333333333333,86.0,93.33333333333333,97.0,98.66666666666667,96.66666666666667,98.66666666666667,99.0,97.33333333333333,90.66666666666667,82.33333333333333,72.66666666666667,68.66666666666667,66.33333333333333,68.0,96.66666666666667,90.0
870,86.0,76.33333333333333,72.0,75.0,64.66666666666667,61.333333333333336,63.666666666666664,64.66666666666667,65.66666666666667,80.0,85.0,81.0,77.0,79.0,85.0,68.33333333333333,67.0,61.666666666666664,58.0,54.333333333333336,54.333333333333336,56.0,54.333333333333336,59.333333333333336
871,90.66666666666667,93.66666666666667,94.66666666666667,96.0,96.66666666666667,97.33333333333333,97.33333333333333,98.33333333333333,97.66666666666667,97.33333333333333,96.33333333333333,92.33333333333333,95.0,96.66666666666667,96.33333333333333,95.66666666666667,93.66666666666667,95.66666666666667,95.66666666666667,95.0,94.33333333333333,89.66666666666667,87.66666666666667,90.33333333333333
872,62.666666666666664,73.0,78.0,80.0,81.66666666666667,83.66666666666667,85.33333333333333,84.33333333333333,85.0,86.33333333333333,88.33333333333333,91.0,94.0,84.66666666666667,78.0,67.66666666666667,60.333333333333336,55.333333333333336,49.0,46.333333333333336,44.0,47.0,44.666666666666664,50.0
873,71.66666666666667,78.0,79.66666666666667,78.33333333333333,80.33333333333333,86.66666666666667,92.33333333333333,92.0,96.66666666666667,95.33333333333333,96.33333333333333,94.66666666666667,96.33333333333333,92.0,82.66666666666667,74.0,66.33333333333333,56.666666666666664,51.333333333333336,48.333333333333336,45.0,47.0,49.0,56.666666666666664
874,91.0,91.0,93.0,94.0,94.0,92.0,91.33333333333333,92.33333333333333,91.66666666666667,90.33333333333333,88.66666666666667,87.33333333333333,89.66666666666667,93.33333333333333,93.0,92.33333333333333,95.33333333333333,94.33333333333333,92.0,91.0,83.66666666666667,80.0,80.0,83.0
875,89.33333333333333,93.0,93.0,94.66666666666667,97.66666666666667,98.0,94.0,95.66666666666667,98.0,96.66666666666667,96.0,92.66666666666667,90.66666666666667,88.33333333333333,91.0,88.0,88.66666666666667,91.66666666666667,93.0,92.66666666666667,90.33333333333333,89.33333333333333,91.66666666666667,89.66666666666667
876,85.33333333333333,84.0,81.0,85.0,89.0,93.66666666666667,91.0,90.0,94.66666666666667,95.33333333333333,94.33333333333333,89.33333333333333,80.33333333333333,74.33333333333333,69.66666666666667,68.33333333333333,77.33333333333333,75.0,72.66666666666667,73.33333333333333,71.0,69.33333333333333,66.66666666666667,60.666666666666664
877,92.33333333333333,93.33333333333333,92.0,96.33333333333333,97.33333333333333,97.66666666666667,98.0,95.33333333333333,94.33333333333333,94.0,89.0,87.33333333333333,87.0,90.0,90.0,92.66666666666667,95.0,94.66666666666667,95.0,91.66666666666667,89.33333333333333,88.33333333333333,89.0,89.0
878,78.0,78.0,85.0,89.0,89.0,91.0,92.0,96.0,98.0,93.0,91.0,93.0,90.0,92.0,89.0,85.0,86.0,82.0,79.0,79.0,78.0,81.0,78.0,79.0
879,48.0,58.666666666666664,66.0,74.66666666666667,76.66666666666667,79.66666666666667,81.66666666666667,85.66666666666667,87.0,82.66666666666667,89.33333333333333,90.0,92.66666666666667,94.33333333333333,87.66666666666667,85.33333333333333,78.0,67.66666666666667,51.0,40.666666666666664,35.333333333333336,28.666666666666668,28.333333333333332,26.0
880,78.0,81.66666666666667,82.33333333333333,80.33333333333333,79.66666666666667,79.33333333333333,80.66666666666667,80.8888888888889,82.66666666666667,83.66666666666667,84.33333333333333,87.66666666666667,85.66666666666667,83.66666666666667,77.66666666666667,76.0,75.66666666666667,77.66666666666667,76.0,76.66666666666667,79.33333333333333,79.66666666666667,76.0,80.33333333333333
881,26.666666666666668,36.0,38.666666666666664,41.333333333333336,46.0,53.666666666666664,57.666666666666664,58.0,65.33333333333333,62.666666666666664,66.66666666666667,70.66666666666667,68.33333333333333,73.66666666666667,72.66666666666667,70.33333333333333,54.333333333333336,45.0,36.333333333333336,30.0,31.666666666666668,29.0,28.0,28.666666666666668
882,89.33333333333333,92.33333333333333,91.0,95.33333333333333,97.33333333333333,97.66666666666667,96.66666666666667,97.66666666666667,97.0,95.33333333333333,90.0,86.33333333333333,85.66666666666667,89.33333333333333,90.33333333333333,88.66666666666667,91.33333333333333,93.66666666666667,93.0,90.66666666666667,87.33333333333333,86.33333333333333,87.0,87.33333333333333
883,87.66666666666667,84.33333333333333,86.66666666666667,92.66666666666667,89.66666666666667,89.33333333333333,89.33333333333333,86.66666666666667,87.66666666666667,92.66666666666667,92.66666666666667,91.33333333333333,96.0,93.66666666666667,92.66666666666667,86.0,79.0,74.33333333333333,68.33333333333333,64.33333333333333,59.0,53.333333333333336,52.0,51.333333333333336
884,79.33333333333333,79.66666666666667,89.33333333333333,92.0,90.0,87.66666666666667,79.33333333333333,78.33333333333333,78.0,76.66666666666667,77.66666666666667,79.33333333333333,76.66666666666667,74.33333333333333,77.33333333333333,71.33333333333333,64.33333333333333,60.666666666666664,58.0,58.0,55.666666666666664,61.333333333333336,76.33333333333333,76.0
885,75.33333333333333,84.66666666666667,93.0,92.33333333333333,93.0,94.33333333333333,91.0,87.0,86.0,90.33333333333333,90.33333333333333,87.33333333333333,87.66666666666667,82.0,81.66666666666667,82.33333333333333,77.66666666666667,79.0,75.66666666666667,72.33333333333333,65.66666666666667,62.666666666666664,61.0,63.0
886,18.333333333333332,19.333333333333332,24.666666666666668,32.666666666666664,31.666666666666668,38.0,38.0,42.666666666666664,42.333333333333336,42.0,49.666666666666664,49.333333333333336,53.333333333333336,58.333333333333336,57.0,43.0,33.0,24.666666666666668,23.333333333333332,18.333333333333332,17.666666666666668,20.777777777777775,21.222222222222225,13.666666666666666
887,91.0,97.0,97.0,99.0,99.0,100.0,99.0,100.0,100.0,100.0,100.0,96.0,92.0,89.0,97.0,95.0,90.0,94.0,99.0,96.0,95.0,93.0,93.0,93.0
888,75.33333333333333,62.333333333333336,72.33333333333333,82.0,86.66666666666667,89.33333333333333,98.66666666666667,90.0,94.0,91.66666666666667,89.33333333333333,94.66666666666667,97.33333333333333,83.33333333333333,85.0,75.66666666666667,65.33333333333333,50.333333333333336,47.333333333333336,37.0,30.0,27.333333333333332,27.333333333333332,26.0
889,78.0,78.33333333333333,81.66666666666667,83.0,84.0,83.66666666666667,83.66666666666667,85.33333333333333,86.0,93.33333333333333,97.0,98.0,96.0,98.0,97.66666666666667,95.0,87.33333333333333,80.0,72.66666666666667,68.66666666666667,65.33333333333333,67.66666666666667,91.66666666666667,90.0
890,74.0,77.0,78.66666666666667,83.33333333333333,88.33333333333333,88.66666666666667,90.0,91.0,91.66666666666667,92.66666666666667,92.0,91.0,87.0,80.33333333333333,70.0,62.0,55.333333333333336,46.666666666666664,46.666666666666664,72.0,65.66666666666667,77.0,58.0,54.666666666666664
891,80.0,80.66666666666667,79.0,81.66666666666667,81.66666666666667,78.66666666666667,79.66666666666667,81.33333333333333,82.66666666666667,85.33333333333333,85.66666666666667,89.33333333333333,94.33333333333333,94.33333333333333,93.33333333333333,94.66666666666667,95.66666666666667,91.0,86.0,81.66666666666667,77.0,77.0,80.0,81.0
892,76.66666666666667,78.66666666666667,79.33333333333333,79.33333333333333,80.66666666666667,80.33333333333333,82.0,86.0,86.66666666666667,85.33333333333333,87.66666666666667,87.33333333333333,84.66666666666667,79.0,74.0,67.0,67.66666666666667,64.33333333333333,61.666666666666664,64.66666666666667,68.33333333333333,69.0,71.33333333333333,73.0
893,96.33333333333333,96.33333333333333,96.66666666666667,96.66666666666667,98.66666666666667,96.66666666666667,97.0,94.66666666666667,94.0,91.33333333333333,93.33333333333333,92.66666666666667,89.66666666666667,86.66666666666667,87.0,88.0,78.66666666666667,72.0,74.33333333333333,60.0,55.0,51.333333333333336,50.0,53.666666666666664
894,17.0,24.0,31.0,44.0,41.0,41.0,43.0,57.0,53.0,53.0,49.0,53.0,56.0,61.0,53.0,43.0,35.0,36.0,34.0,32.0,30.0,28.0,25.0,28.0
895,86.0,87.33333333333333,88.0,89.0,88.33333333333333,87.0,86.0,86.66666666666667,85.33333333333333,88.33333333333333,94.0,98.0,98.66666666666667,98.66666666666667,96.33333333333333,96.55555555555556,91.44444444444444,84.8888888888889,72.33333333333333,68.66666666666667,67.0,67.33333333333333,87.0,91.0
896,91.0,91.0,91.0,93.0,96.0,90.0,90.0,91.0,91.0,93.0,94.0,94.0,95.0,95.0,92.0,90.0,92.0,94.0,95.0,93.0,96.0,97.0,97.0,98.0
897,67.0,79.0,79.0,91.0,91.0,91.0,91.0,90.0,88.0,91.0,88.0,91.0,91.0,84.0,79.0,74.0,70.0,65.0,58.0,54.0,49.0,59.0,65.0,70.0
898,80.0,85.66666666666667,89.33333333333333,89.66666666666667,94.0,95.66666666666667,99.66666666666667,99.66666666666667,99.66666666666667,98.0,99.66666666666667,94.33333333333333,87.0,80.66666666666667,75.33333333333333,62.333333333333336,58.0,58.666666666666664,55.0,55.0,54.666666666666664,56.333333333333336,57.666666666666664,69.66666666666667
899,94.0,96.0,95.0,96.0,96.0,97.0,98.0,98.0,98.0,99.0,99.0,99.0,99.0,99.0,99.0,92.0,70.0,61.0,57.0,59.0,54.0,71.0,86.0,88.0
900,87.0,78.0,80.0,80.0,80.0,87.0,87.0,90.0,90.0,90.0,90.0,90.0,87.0,84.0,84.0,81.0,78.0,78.0,81.0,78.0,81.0,81.0,82.0,82.0
901,62.0,72.0,70.0,74.0,71.0,80.0,80.0,88.0,92.0,94.0,98.0,97.0,94.0,84.0,78.0,73.0,70.0,60.0,58.0,54.0,49.0,48.0,47.0,52.0
902,65.0,69.0,75.66666666666667,78.0,81.0,82.33333333333333,81.66666666666667,87.0,84.66666666666667,84.0,88.0,88.33333333333333,91.33333333333333,85.0,73.33333333333333,63.0,56.0,56.666666666666664,54.333333333333336,52.0,48.333333333333336,47.333333333333336,48.333333333333336,54.333333333333336
903,81.0,89.0,94.0,97.0,100.0,100.0,100.0,100.0,100.0,100.0,100.0,100.0,83.0,68.0,66.0,65.0,60.0,57.0,53.0,52.0,52.0,56.0,57.0,70.0
904,57.333333333333336,68.66666666666667,73.66666666666667,65.0,61.0,79.33333333333333,82.33333333333333,84.0,87.0,89.66666666666667,88.0,88.0,94.0,94.0,94.0,94.0,89.0,84.0,94.0,94.0,94.0,94.0,94.0,94.0
905,58.0,71.0,82.0,82.0,79.0,76.0,82.0,82.0,84.0,88.0,88.0,91.0,91.0,82.0,82.0,74.0,70.0,61.0,61.0,54.0,56.0,57.0,59.0,61.0
906,89.0,90.0,87.0,90.0,87.0,84.0,86.0,87.0,87.0,87.0,84.0,84.0,85.0,83.0,86.0,82.0,78.0,76.0,80.0,80.0,81.0,84.0,84.0,86.0
907,71.0,78.0,85.33333333333333,83.33333333333333,81.66666666666667,85.0,86.66666666666667,92.0,94.0,95.33333333333333,95.66666666666667,94.66666666666667,97.0,92.66666666666667,84.33333333333333,74.33333333333333,65.33333333333333,61.0,57.0,55.333333333333336,48.333333333333336,47.666666666666664,51.0,62.666666666666664
908,100.0,100.0,100.0,100.0,100.0,100.0,100.0,100.0,100.0,100.0,100.0,100.0,100.0,91.66666666666667,100.0,100.0,93.0,93.0,71.0,71.0,62.0,54.0,54.0,51.0
909,19.0,19.666666666666668,25.0,32.0,31.0,45.0,52.0,64.0,31.666666666666668,43.0,69.0,48.0,48.666666666666664,57.666666666666664,52.666666666666664,44.0,36.666666666666664,25.0,23.0,14.0,10.666666666666666,8.666666666666666,8.666666666666666,9.0
910,65.0,72.0,76.0,80.0,84.0,82.0,77.0,90.0,91.0,92.0,93.0,94.0,94.0,90.0,79.0,72.0,55.0,47.0,44.0,41.0,37.0,35.0,38.0,49.0
911,53.333333333333336,61.333333333333336,63.333333333333336,63.333333333333336,67.0,71.33333333333333,71.33333333333333,71.66666666666667,72.0,61.333333333333336,74.0,74.0,71.66666666666667,63.0,52.666666666666664,47.0,39.0,43.666666666666664,49.333333333333336,38.333333333333336,39.0,36.333333333333336,41.0,47.333333333333336
912,83.0,85.0,88.0,89.0,89.0,90.0,90.0,90.0,90.0,86.0,85.0,84.0,84.0,82.0,76.0,62.0,54.0,44.0,42.0,38.0,32.0,31.0,28.0,28.0
913,12.0,10.0,19.0,34.0,25.0,36.0,31.0,51.0,51.0,51.0,64.0,64.0,69.0,69.0,69.0,56.0,34.0,20.0,16.0,12.0,12.0,19.333333333333332,19.666666666666668,7.0
914,40.0,45.0,46.0,50.0,55.0,56.0,60.0,62.0,64.0,64.0,69.0,77.0,82.0,70.0,67.0,59.0,58.0,52.0,58.0,53.0,49.0,51.0,47.0,46.0
915,79.33333333333333,87.33333333333333,93.66666666666667,96.66666666666667,96.0,96.66666666666667,95.0,94.33333333333333,93.0,94.66666666666667,94.66666666666667,94.33333333333333,93.33333333333333,87.0,75.33333333333333,65.0,57.333333333333336,53.666666666666664,54.666666666666664,58.333333333333336,58.333333333333336,59.0,60.666666666666664,67.33333333333333
916,58.0,61.0,61.0,61.0,65.0,74.0,78.0,83.0,88.0,88.0,94.0,100.0,100.0,88.0,84.0,79.0,62.0,55.0,55.0,43.0,38.0,38.0,46.0,52.0
917,55.0,68.0,72.0,78.0,82.0,83.0,87.0,82.0,81.0,81.0,81.0,90.0,95.0,96.0,90.0,77.0,70.0,65.0,60.0,54.0,50.0,45.0,53.0,55.0
918,100.0,100.0,100.0,100.0,100.0,100.0,100.0,100.0,100.0,100.0,100.0,100.0,100.0,100.0,100.0,87.0,77.0,65.0,66.0,62.0,60.0,64.0,65.0,66.0
919,86.0,86.0,82.0,80.0,80.0,83.0,86.0,89.0,92.0,92.0,92.0,94.0,93.0,86.0,79.0,72.0,66.0,60.0,55.0,51.0,50.0,55.0,57.0,58.0
920,74.0,89.0,94.0,94.0,94.0,100.0,100.0,100.0,100.0,68.0,100.0,100.0,100.0,89.0,74.0,74.0,55.0,46.0,46.0,46.0,59.0,49.0,52.0,62.0
921,83.0,83.0,86.0,84.0,87.0,87.0,86.0,86.0,87.0,85.0,88.0,88.0,85.0,84.0,83.0,81.0,77.66666666666667,73.66666666666667,73.0,74.66666666666667,77.0,80.0,82.0,82.33333333333333
922,93.0,93.0,93.0,93.0,93.0,93.0,93.0,93.0,93.0,93.0,100.0,100.0,93.0,93.0,93.0,87.0,93.0,93.0,82.0,71.0,67.0,58.0,51.0,51.0
923,50.0,54.0,57.333333333333336,59.333333333333336,62.333333333333336,65.33333333333333,67.33333333333333,71.66666666666667,77.0,78.0,82.33333333333333,84.66666666666667,84.66666666666667,83.0,72.33333333333333,69.0,56.0,50.333333333333336,45.0,39.333333333333336,36.0,35.333333333333336,36.0,42.333333333333336
924,83.33333333333333,88.66666666666667,92.33333333333333,94.33333333333333,93.33333333333333,87.66666666666667,90.33333333333333,89.66666666666667,93.66666666666667,90.33333333333333,91.33333333333333,91.33333333333333,85.33333333333333,84.66666666666667,72.66666666666667,67.66666666666667,60.333333333333336,58.333333333333336,57.0,53.333333333333336,58.0,56.666666666666664,60.333333333333336,66.33333333333333
925,52.0,70.0,78.0,89.0,89.0,94.0,94.0,100.0,100.0,100.0,88.0,69.0,74.0,83.0,89.0,84.0,66.0,59.0,49.0,59.0,56.0,74.0,100.0,100.0
926,45.0,69.0,88.0,88.0,88.0,54.0,51.0,54.0,69.0,65.0,65.0,69.0,78.0,74.0,65.0,65.0,62.0,52.0,52.0,46.0,46.0,40.0,43.0,74.0
927,94.0,94.0,94.0,94.0,100.0,94.0,94.0,94.0,100.0,100.0,94.0,100.0,100.0,89.0,74.0,70.0,62.0,62.0,52.0,59.0,62.0,59.0,94.0,94.0
928,67.66666666666667,74.66666666666667,75.33333333333333,76.66666666666667,76.66666666666667,77.66666666666667,71.33333333333333,72.0,73.0,73.66666666666667,76.33333333333333,75.66666666666667,75.33333333333333,72.0,69.33333333333333,70.33333333333333,69.33333333333333,72.0,71.0,69.33333333333333,66.66666666666667,61.333333333333336,61.0,55.0
929,43.0,55.0,58.0,58.0,62.0,70.0,74.0,74.0,78.0,83.0,83.0,83.0,83.0,88.0,78.0,70.0,66.0,59.0,59.0,62.0,55.0,88.0,94.0,94.0
930,97.0,97.0,99.0,98.0,98.0,100.0,99.0,97.0,93.0,87.0,84.0,83.0,85.0,86.0,82.0,83.0,82.0,73.0,75.0,74.0,67.0,61.0,58.0,60.0
931,45.333333333333336,46.666666666666664,49.333333333333336,57.333333333333336,46.666666666666664,49.0,48.333333333333336,52.0,57.666666666666664,59.666666666666664,54.0,54.0,62.666666666666664,68.66666666666667,54.666666666666664,48.0,42.0,37.666666666666664,32.0,30.666666666666668,30.0,30.333333333333332,29.666666666666668,31.333333333333332
932,75.66666666666667,78.66666666666667,88.33333333333333,88.66666666666667,88.66666666666667,90.66666666666667,89.66666666666667,93.66666666666667,94.66666666666667,94.66666666666667,94.66666666666667,94.66666666666667,93.66666666666667,93.66666666666667,91.66666666666667,80.0,73.33333333333333,62.666666666666664,52.0,41.333333333333336,37.333333333333336,34.0,33.0,33.0
933,83.66666666666667,86.66666666666667,86.0,88.33333333333333,88.0,91.0,93.0,96.66666666666667,96.0,95.33333333333333,96.33333333333333,95.66666666666667,96.0,91.0,83.0,77.0,76.66666666666667,73.0,67.66666666666667,67.0,65.0,63.0,69.33333333333333,77.33333333333333
934,65.0,58.0,57.0,69.0,78.0,74.0,83.0,88.0,94.0,94.0,94.0,94.0,94.0,100.0,89.0,74.0,66.0,52.0,46.0,46.0,46.0,46.0,46.0,52.0
935,85.0,88.66666666666667,92.33333333333333,92.0,95.0,94.0,94.66666666666667,95.33333333333333,90.0,89.66666666666667,85.66666666666667,83.66666666666667,80.33333333333333,76.33333333333333,68.66666666666667,63.666666666666664,59.333333333333336,55.666666666666664,58.0,59.666666666666664,59.333333333333336,58.666666666666664,57.333333333333336,55.333333333333336
936,73.0,77.66666666666667,82.66666666666667,89.33333333333333,90.66666666666667,91.0,92.33333333333333,92.66666666666667,94.0,96.33333333333333,96.66666666666667,93.0,95.0,97.33333333333333,92.66666666666667,91.66666666666667,89.0,85.66666666666667,79.66666666666667,69.33333333333333,67.0,62.0,72.66666666666667,73.0
937,70.0,79.0,82.0,74.0,76.0,79.0,82.0,84.0,88.0,84.0,84.0,88.0,88.0,82.0,72.0,65.0,63.0,63.0,56.0,51.0,48.0,54.0,56.0,70.0
938,83.66666666666667,79.66666666666667,80.0,87.33333333333333,90.33333333333333,91.33333333333333,91.33333333333333,90.66666666666667,92.33333333333333,90.33333333333333,89.66666666666667,83.0,77.66666666666667,72.66666666666667,65.33333333333333,61.666666666666664,64.33333333333333,62.333333333333336,61.666666666666664,65.33333333333333,76.33333333333333,63.0,60.666666666666664,59.666666666666664
939,90.66666666666667,91.0,90.66666666666667,91.66666666666667,92.66666666666667,92.66666666666667,93.0,92.0,91.66666666666667,90.33333333333333,90.33333333333333,89.33333333333333,88.0,88.0,85.0,79.33333333333333,81.0,75.66666666666667,67.0,62.333333333333336,58.666666666666664,53.333333333333336,51.0,53.0
940,62.0,70.0,66.0,70.0,70.0,74.0,70.0,74.0,78.0,78.0,83.0,88.0,94.0,94.0,84.0,79.0,79.0,79.0,70.0,62.0,74.0,70.0,79.0,70.0
941,88.0,88.0,88.0,88.0,94.0,94.0,87.0,87.0,94.0,94.0,94.0,94.0,94.0,88.0,82.0,82.0,88.0,87.0,87.0,88.0,88.0,88.0,94.0,88.0
942,100.0,100.0,100.0,100.0,100.0,100.0,97.0,100.0,96.0,100.0,96.0,97.0,93.0,93.0,89.0,82.0,76.0,68.0,57.0,49.0,46.0,44.0,40.0,42.0
943,13.333333333333334,22.666666666666668,24.666666666666668,33.0,33.0,34.333333333333336,38.333333333333336,42.333333333333336,35.0,35.0,37.0,39.0,40.0,38.0,43.0,38.0,36.0,32.0,25.0,20.0,14.0,12.0,10.0,10.0
944,80.0,80.0,88.33333333333333,92.33333333333333,89.33333333333333,91.33333333333333,93.0,95.0,95.66666666666667,93.66666666666667,95.0,96.33333333333333,94.0,96.0,91.66666666666667,88.33333333333333,89.33333333333333,85.33333333333333,81.0,82.33333333333333,80.66666666666667,83.0,80.66666666666667,82.33333333333333
945,66.66666666666667,76.66666666666667,78.0,84.33333333333333,82.33333333333333,84.33333333333333,87.66666666666667,87.0,86.0,89.0,86.8888888888889,93.0,88.1111111111111,84.44444444444444,85.0,80.66666666666667,74.33333333333333,68.33333333333333,62.0,58.0,56.333333333333336,54.333333333333336,54.666666666666664,60.333333333333336
946,32.0,36.333333333333336,43.0,52.0,57.666666666666664,62.666666666666664,64.33333333333333,71.33333333333333,71.33333333333333,75.66666666666667,73.66666666666667,77.33333333333333,78.0,78.0,77.33333333333333,70.33333333333333,62.333333333333336,57.0,52.666666666666664,46.0,36.0,33.0,30.666666666666668,27.0
947,55.0,61.0,63.0,65.0,65.0,93.0,100.0,100.0,100.0,100.0,100.0,100.0,100.0,96.0,90.0,78.0,68.0,68.0,65.0,70.0,67.0,67.0,70.0,72.0
948,62.0,74.0,78.0,78.0,78.0,74.0,74.0,74.0,78.0,78.0,78.0,78.0,74.0,65.0,65.0,74.0,62.0,55.0,59.0,59.0,55.0,52.0,83.0,100.0
949,14.333333333333334,9.0,12.0,16.0,26.0,22.0,30.0,38.0,42.0,52.0,51.0,54.0,61.0,69.0,66.0,59.0,41.0,29.0,18.0,12.0,12.0,10.0,8.0,9.0
950,29.666666666666668,36.666666666666664,45.333333333333336,53.666666666666664,57.0,53.666666666666664,53.0,58.0,70.0,74.66666666666667,73.66666666666667,76.66666666666667,73.0,71.0,66.0,49.666666666666664,42.666666666666664,38.0,34.0,33.0,35.666666666666664,37.0,38.333333333333336,39.333333333333336
951,93.0,91.0,91.0,90.0,88.0,84.0,85.0,79.0,70.0,91.0,92.0,90.0,88.0,81.0,80.0,84.0,71.0,62.0,60.0,62.0,62.333333333333336,66.33333333333333,69.0,69.33333333333333
952,38.0,45.0,51.0,48.0,61.0,70.0,74.0,74.0,78.0,88.0,83.0,83.0,88.0,78.0,66.0,52.0,43.0,36.0,34.0,27.0,25.0,28.0,36.0,38.0
953,83.0,93.0,91.0,93.0,94.0,95.0,94.0,95.0,95.0,95.0,96.0,96.0,95.0,96.0,88.0,76.0,72.0,64.0,62.0,71.0,79.0,78.0,80.0,79.0
954,94.0,94.0,94.0,88.0,83.0,94.0,88.0,82.0,82.0,88.0,82.0,88.0,82.0,82.0,76.0,82.0,82.0,76.0,76.0,71.0,71.0,67.0,67.0,62.0
955,100.0,100.0,100.0,100.0,100.0,100.0,100.0,100.0,100.0,100.0,100.0,93.0,93.0,87.0,87.0,87.0,81.0,66.0,58.0,51.0,48.0,47.0,48.0,48.0
956,70.0,88.0,94.0,94.0,94.0,96.0,97.0,96.0,97.0,97.0,97.0,100.0,100.0,96.0,91.0,88.0,77.0,68.0,68.0,62.0,68.0,72.0,77.0,88.0
957,90.0,94.0,94.0,94.0,94.0,91.0,85.0,85.0,91.0,84.0,81.0,84.0,84.0,79.0,69.0,62.0,67.0,71.0,76.0,60.0,64.0,48.0,48.0,46.0
958,55.0,62.0,65.0,74.0,74.0,69.0,78.0,78.0,88.0,88.0,94.0,94.0,100.0,100.0,100.0,100.0,100.0,100.0,100.0,100.0,100.0,100.0,100.0,100.0
959,59.0,70.0,66.0,70.0,68.0,75.0,81.0,84.0,88.0,89.0,95.0,96.0,94.0,100.0,100.0,100.0,100.0,100.0,94.0,100.0,100.0,100.0,100.0,100.0
960,52.0,78.0,82.0,81.66666666666667,79.0,84.0,85.0,87.0,86.0,90.0,89.0,84.0,89.0,88.66666666666667,86.33333333333333,84.0,83.0,83.0,84.66666666666667,79.66666666666667,69.66666666666667,69.33333333333333,73.33333333333333,84.0
961,65.0,75.0,87.66666666666667,95.0,95.33333333333333,94.66666666666667,88.33333333333333,89.66666666666667,92.0,93.0,96.0,97.66666666666667,99.0,98.0,96.0,70.33333333333333,56.0,43.0,35.333333333333336,30.0,26.666666666666668,26.333333333333332,25.666666666666668,26.666666666666668
962,55.0,74.0,88.0,88.0,88.0,88.0,94.0,88.0,82.0,94.0,88.0,88.0,88.0,88.0,82.0,77.0,72.0,72.0,63.0,59.0,59.0,55.0,52.0,59.0
963,45.333333333333336,46.666666666666664,49.333333333333336,57.333333333333336,37.0,43.0,35.0,47.0,54.0,52.0,45.0,53.0,62.666666666666664,68.66666666666667,54.666666666666664,48.0,42.0,37.666666666666664,32.0,30.666666666666668,30.0,30.333333333333332,29.666666666666668,31.333333333333332
964,10.0,14.0,18.0,25.0,25.0,26.0,28.0,33.0,35.0,35.0,35.0,38.0,40.0,44.0,38.0,33.0,37.0,47.0,38.0,32.0,28.0,24.0,18.0,16.0
965,79.33333333333333,89.66666666666667,100.0,100.0,100.0,100.0,94.0,100.0,88.0,94.0,94.0,94.0,94.0,94.0,88.0,82.0,82.0,82.0,82.0,76.0,71.0,70.0,62.0,67.0
966,72.66666666666667,80.0,82.0,83.0,82.33333333333333,85.0,85.33333333333333,88.0,91.0,89.0,88.33333333333333,87.33333333333333,83.33333333333333,80.33333333333333,74.66666666666667,68.33333333333333,64.33333333333333,59.666666666666664,57.0,55.666666666666664,55.666666666666664,58.333333333333336,60.333333333333336,64.33333333333333
967,39.0,43.0,79.0,94.0,99.0,100.0,97.0,96.0,89.0,89.0,86.0,87.0,84.0,76.0,72.0,65.0,60.0,58.0,52.0,41.0,38.0,38.0,41.0,43.0
968,93.0,97.0,96.0,96.0,96.0,93.0,93.0,93.0,90.0,90.0,90.0,87.0,83.0,81.0,87.0,83.0,83.0,80.0,84.0,80.0,80.0,84.0,84.0,87.0
969,20.0,28.0,27.0,48.0,51.0,48.0,44.0,59.0,64.0,64.0,54.0,54.0,50.0,58.0,58.0,47.0,36.0,28.0,18.0,13.0,14.0,12.0,15.0,13.0
970,74.66666666666667,75.0,79.33333333333333,83.33333333333333,87.0,87.0,92.66666666666667,94.0,97.0,96.0,96.66666666666667,97.66666666666667,96.0,93.0,79.33333333333333,72.33333333333333,67.66666666666667,62.666666666666664,57.666666666666664,59.333333333333336,54.0,58.333333333333336,59.666666666666664,65.66666666666667
971,91.0,90.0,84.0,76.0,82.0,82.0,82.0,84.0,82.0,85.0,91.0,91.0,94.0,90.0,85.0,88.0,87.0,85.0,82.0,85.0,82.0,89.0,94.0,94.0
972,93.0,85.0,99.0,100.0,97.0,98.0,95.0,93.0,94.0,94.0,94.0,86.0,82.0,82.0,80.0,70.0,61.0,58.0,50.0,49.0,48.0,46.0,46.0,49.0
973,70.0,75.0,72.0,80.0,97.0,100.0,100.0,93.0,92.0,93.0,100.0,97.0,100.0,100.0,86.0,71.0,59.0,51.0,42.0,37.0,33.0,32.0,34.0,32.0
974,11.0,9.0,11.0,13.0,15.0,26.0,33.0,40.0,43.0,43.0,46.0,49.0,56.666666666666664,52.0,36.0,35.0,27.0,21.0,20.0,12.0,11.0,9.0,8.0,10.0
975,100.0,100.0,100.0,100.0,100.0,100.0,100.0,99.0,100.0,99.0,94.0,90.0,95.0,95.0,93.0,86.0,85.0,74.0,76.0,75.0,68.0,77.0,74.0,72.0
976,58.0,65.0,69.0,78.0,83.0,94.0,94.0,94.0,100.0,100.0,100.0,100.0,100.0,100.0,84.0,79.0,66.0,58.0,55.0,52.0,52.0,49.0,52.0,62.0
977,52.0,55.0,100.0,100.0,100.0,100.0,100.0,94.0,88.0,88.0,88.0,94.0,88.0,88.0,77.0,77.0,72.0,63.0,59.0,59.0,52.0,52.0,55.0,55.0
978,94.0,94.0,94.0,94.0,94.0,94.0,94.0,94.0,94.0,94.0,94.0,93.0,93.0,93.0,81.0,81.0,87.0,76.0,66.0,54.0,54.0,50.0,47.0,50.0
979,70.0,74.0,71.0,76.0,69.0,79.0,79.0,79.0,79.0,74.0,79.0,74.0,74.0,71.0,74.0,76.0,74.0,74.0,66.0,56.0,47.0,55.0,59.0,61.0
980,53.0,60.0,67.0,74.0,75.0,72.0,68.0,74.0,73.0,75.0,75.0,77.0,81.0,75.0,70.0,89.0,93.0,89.0,82.0,75.0,66.0,62.0,56.0,58.0
981,56.0,62.0,68.0,76.0,79.0,81.0,81.0,84.0,87.0,90.0,96.0,96.0,93.0,100.0,93.0,93.0,79.0,66.0,54.0,51.0,49.0,48.0,48.0,48.0
982,67.66666666666667,71.33333333333333,75.0,77.33333333333333,78.0,82.33333333333333,81.66666666666667,87.33333333333333,89.66666666666667,91.0,94.33333333333333,95.33333333333333,93.33333333333333,86.33333333333333,78.0,71.33333333333333,64.33333333333333,59.333333333333336,55.666666666666664,51.0,47.0,47.666666666666664,47.333333333333336,52.666666666666664
983,8.0,11.0,12.0,12.0,21.0,25.0,28.0,34.0,36.0,28.0,37.0,33.0,40.0,40.0,33.0,26.0,26.0,26.0,20.0,16.0,11.0,9.0,9.0,7.0
984,85.0,77.0,76.0,82.0,87.0,87.0,85.0,90.0,94.0,97.0,93.0,94.0,94.0,88.0,77.0,69.0,63.0,61.0,55.0,53.0,53.0,55.0,57.0,71.0
985,24.0,36.0,48.0,83.0,80.0,89.0,93.0,90.0,83.0,89.0,89.0,93.0,96.0,93.0,89.0,61.0,47.0,39.0,37.0,32.0,30.0,28.0,27.0,30.0
986,82.0,87.0,90.0,93.0,93.0,87.0,87.0,93.0,93.0,93.0,96.0,97.0,93.0,82.0,71.0,64.0,64.0,62.0,62.0,60.0,60.0,58.0,65.0,74.0
987,67.0,69.0,74.0,71.0,71.0,76.0,76.0,79.0,79.0,79.0,79.0,79.0,79.0,74.0,67.0,61.0,57.0,55.0,50.0,50.0,52.0,63.0,82.0,85.0
988,87.0,94.0,90.0,90.0,90.0,90.0,90.0,90.0,93.0,93.0,94.0,96.0,96.0,96.0,91.0,82.0,70.0,68.0,61.0,58.0,56.0,58.0,68.0,75.0
989,59.0,59.0,60.333333333333336,70.0,73.0,80.0,79.0,84.0,83.0,77.0,84.0,84.0,94.0,100.0,94.0,74.66666666666667,78.0,70.0,70.0,58.0,54.0,54.0,52.666666666666664,52.666666666666664
990,86.0,92.0,96.0,91.0,87.0,78.0,79.0,74.0,84.0,90.0,98.0,96.0,100.0,96.0,95.0,90.0,83.0,80.0,83.0,73.0,68.0,63.0,64.0,69.0
991,92.0,95.0,96.0,96.0,95.0,86.0,84.0,88.0,88.0,86.0,82.0,79.0,95.0,92.0,92.0,91.0,75.0,69.0,67.0,60.0,54.0,58.0,61.0,66.0
992,50.0,55.0,64.0,87.0,93.0,97.0,93.0,93.0,90.0,87.0,87.0,83.0,84.0,81.0,78.0,72.0,64.0,60.0,60.0,54.0,52.0,52.0,60.0,60.0
993,51.0,60.0,66.0,76.0,69.0,64.0,62.0,67.0,64.0,71.0,76.0,79.0,79.0,76.0,71.0,67.0,63.0,61.0,55.0,59.0,53.0,71.0,88.0,85.0
994,14.0,19.0,20.0,21.0,27.0,36.0,39.0,43.0,45.0,41.0,46.0,48.0,49.0,49.0,44.0,38.0,45.0,49.0,41.0,33.0,29.0,26.0,26.0,28.0
995,89.33333333333333,92.33333333333333,91.66666666666667,90.33333333333333,81.33333333333333,77.66666666666667,75.0,74.33333333333333,73.0,76.0,76.33333333333333,70.0,70.0,66.66666666666667,75.33333333333333,77.66666666666667,77.33333333333333,74.66666666666667,63.0,59.333333333333336,51.333333333333336,49.666666666666664,45.333333333333336,50.666666666666664
996,86.0,81.0,86.0,96.0,99.0,98.0,98.0,93.0,89.0,86.0,87.0,90.0,86.0,87.0,79.0,75.0,70.0,72.0,70.0,64.0,62.0,57.0,56.0,60.0
997,82.0,67.0,72.0,72.0,77.0,77.0,79.0,76.0,76.0,71.0,76.0,76.0,76.0,71.0,60.333333333333336,58.0,53.0,53.0,55.0,53.0,60.0,82.0,64.0,58.0
998,76.0,79.0,79.0,84.0,84.0,84.0,84.0,84.0,84.0,87.0,87.0,87.0,84.0,84.0,84.0,79.0,74.0,69.0,70.0,69.0,70.0,67.0,71.0,76.0
999,18.0,18.0,26.0,27.0,23.0,64.0,83.0,80.0,69.0,72.0,80.0,86.0,83.0,80.0,68.0,51.0,39.0,37.0,32.0,30.0,25.0,25.0,28.0,33.0
1000,21.0,33.0,50.0,31.0,42.0,48.0,54.0,60.0,69.0,71.0,68.0,80.0,77.0,74.0,68.0,74.0,50.0,47.0,40.0,45.0,46.0,52.0,53.0,53.0
1001,77.0,82.0,82.0,84.0,84.0,84.0,90.0,87.0,87.0,90.0,90.0,90.0,90.0,79.0,74.0,68.0,59.0,52.0,54.0,59.0,60.0,82.0,97.0,91.0
1002,22.0,22.0,27.333333333333332,35.0,36.0,35.666666666666664,40.0,48.333333333333336,52.0,59.111111111111114,56.666666666666664,60.333333333333336,62.666666666666664,59.333333333333336,57.0,44.666666666666664,31.666666666666668,25.333333333333332,21.0,19.0,16.666666666666668,17.666666666666668,17.666666666666668,15.666666666666666
1003,50.0,59.0,60.0,62.0,65.0,70.0,75.0,78.0,80.0,81.0,85.0,89.0,90.0,91.0,77.0,65.0,57.0,54.0,51.0,46.0,44.0,43.0,42.0,43.0
1004,88.0,88.0,88.0,88.0,94.0,94.0,88.0,88.0,88.0,87.0,87.0,87.0,87.0,81.0,81.0,81.0,71.0,66.0,54.0,51.0,48.0,39.0,36.0,36.0
1005,52.666666666666664,62.666666666666664,68.0,71.0,73.0,73.66666666666667,81.0,81.66666666666667,86.0,86.0,88.66666666666667,92.66666666666667,96.0,99.0,97.0,97.0,99.0,96.33333333333333,95.33333333333333,94.33333333333333,98.0,97.0,98.0,98.0
1006,75.0,78.0,78.0,78.0,84.0,80.0,84.0,90.0,90.0,93.0,87.0,87.0,90.0,90.0,93.0,87.0,87.0,87.0,81.0,81.0,79.0,76.0,76.0,78.0
1007,78.66666666666667,87.0,94.33333333333333,93.0,93.33333333333333,94.77777777777777,95.66666666666667,97.0,97.44444444444444,97.8888888888889,98.77777777777777,99.33333333333333,99.33333333333333,96.55555555555556,92.77777777777777,81.77777777777777,72.33333333333333,65.0,59.666666666666664,67.66666666666667,62.0,70.0,72.33333333333333,87.66666666666667
1008,91.0,94.0,94.0,93.0,97.0,96.0,93.0,97.0,94.0,97.0,90.0,90.0,87.0,79.0,69.0,65.0,67.0,74.0,72.0,65.0,54.0,47.0,48.0,50.0
1009,59.0,67.0,71.0,76.0,77.0,77.0,82.0,84.0,93.66666666666667,94.0,94.0,90.0,94.0,90.0,82.0,72.0,70.0,65.0,69.33333333333333,79.0,90.0,82.0,77.0,79.0
1010,76.0,82.0,84.0,82.0,86.0,88.0,89.0,89.0,90.0,91.0,91.0,91.0,90.0,91.0,88.0,79.0,68.0,77.0,79.0,72.0,73.0,70.0,75.0,70.0
1011,52.0,51.0,55.0,58.0,58.0,60.0,58.0,60.0,62.0,62.0,79.0,73.0,71.0,71.0,73.0,71.0,52.0,53.0,53.0,50.0,48.0,46.0,49.0,50.0
1012,90.0,86.0,86.0,93.0,96.0,96.0,90.0,81.0,90.0,96.0,90.0,90.0,84.0,84.0,79.0,76.0,71.0,71.0,69.0,65.0,65.0,67.0,67.0,76.0
1013,93.0,92.0,93.0,93.0,91.0,92.0,92.0,93.0,93.0,92.0,91.0,92.0,92.0,92.0,91.0,88.0,90.0,81.0,87.0,90.0,89.0,82.0,77.0,74.0
1014,74.0,79.0,79.0,79.0,84.0,78.0,89.0,89.0,94.0,94.0,94.0,94.0,94.0,84.0,89.0,84.0,74.0,62.0,62.0,58.0,55.0,62.0,70.0,74.0
1015,93.66666666666667,91.66666666666667,78.66666666666667,84.0,97.66666666666667,94.33333333333333,95.33333333333333,96.33333333333333,94.33333333333333,92.33333333333333,88.66666666666667,91.33333333333333,86.66666666666667,84.66666666666667,79.66666666666667,79.0,72.33333333333333,73.33333333333333,71.66666666666667,70.0,66.66666666666667,63.666666666666664,63.0,62.333333333333336
1016,67.0,79.0,77.0,79.0,85.0,88.0,90.0,91.0,90.0,82.0,94.0,94.0,94.0,90.0,85.0,72.0,66.0,58.0,59.0,51.0,54.0,56.0,57.0,59.0
1017,17.0,20.0,15.0,36.0,39.0,45.0,40.0,41.0,39.0,48.0,44.0,50.0,56.0,61.0,57.0,36.0,26.0,24.0,19.0,14.0,12.0,11.0,8.0,6.0
1018,57.0,63.0,64.66666666666667,72.0,74.66666666666667,77.0,75.66666666666667,81.0,81.0,80.33333333333333,81.0,84.66666666666667,94.66666666666667,87.33333333333333,82.33333333333333,78.0,80.0,79.0,84.66666666666667,93.0,93.33333333333333,93.33333333333333,96.66666666666667,94.0
1019,89.0,93.0,95.0,99.0,100.0,100.0,100.0,100.0,100.0,100.0,100.0,100.0,100.0,99.0,81.0,71.0,65.0,63.0,60.0,59.0,58.0,60.0,63.0,81.0
1020,69.0,82.0,82.0,81.0,86.0,88.0,89.0,90.0,90.0,91.0,91.0,92.0,92.0,92.0,90.0,88.0,81.0,74.0,91.0,92.0,92.0,84.0,86.0,88.0
1021,50.0,64.0,70.0,76.0,80.0,87.0,76.0,77.0,76.0,74.0,80.0,84.0,86.0,82.0,75.0,70.0,65.0,63.0,60.0,70.0,68.0,61.0,71.0,76.0
1022,74.0,83.0,83.0,70.0,74.0,74.0,74.0,74.0,74.0,69.0,65.0,69.0,69.0,65.0,74.0,88.0,88.0,74.0,61.0,58.0,54.0,51.0,54.0,53.0
1023,100.0,100.0,100.0,100.0,100.0,100.0,96.0,96.0,93.0,90.0,90.0,83.0,86.0,93.0,89.0,80.0,86.0,74.0,74.0,83.0,69.0,59.0,57.0,61.0
1024,100.0,100.0,100.0,100.0,100.0,100.0,100.0,100.0,100.0,100.0,100.0,100.0,100.0,100.0,100.0,100.0,94.0,83.0,69.0,78.0,83.0,74.0,78.0,65.0
1025,96.33333333333333,96.33333333333333,96.33333333333333,95.66666666666667,94.0,65.0,100.0,100.0,100.0,100.0,100.0,86.33333333333333,84.66666666666667,77.0,71.66666666666667,67.66666666666667,69.0,64.66666666666667,59.0,60.333333333333336,58.333333333333336,55.666666666666664,54.0,58.666666666666664
1026,100.0,100.0,100.0,100.0,100.0,96.0,96.0,100.0,100.0,93.0,97.0,100.0,97.0,97.0,93.0,89.0,79.0,71.0,63.0,56.0,55.0,51.0,51.0,47.0
1027,86.0,93.0,93.0,93.0,93.0,93.0,97.0,97.0,97.0,97.0,93.0,89.0,89.0,81.0,78.0,67.0,62.0,78.0,72.0,78.0,78.0,78.0,78.0,80.0
1028,92.0,97.0,99.0,97.0,96.0,89.0,94.0,91.0,92.0,94.0,95.0,83.0,85.0,87.0,82.0,69.0,63.0,57.0,51.0,48.0,46.0,44.0,43.0,46.0
1029,62.0,88.0,88.0,94.0,88.0,88.0,88.0,88.0,82.0,82.0,82.0,82.0,88.0,88.0,76.0,82.0,82.0,82.0,82.0,71.0,67.0,67.0,62.0,62.0
1030,98.0,95.0,99.0,100.0,99.0,100.0,100.0,100.0,100.0,100.0,100.0,100.0,100.0,100.0,97.0,91.0,79.0,76.0,77.0,77.0,81.0,80.0,84.0,92.0
1031,41.0,52.0,55.0,58.0,62.0,65.0,65.0,74.0,78.0,78.0,83.0,94.0,100.0,100.0,100.0,100.0,100.0,82.0,88.0,94.0,88.0,82.0,82.0,77.0
1032,44.0,43.333333333333336,51.666666666666664,58.333333333333336,66.66666666666667,74.0,74.66666666666667,79.0,78.66666666666667,78.0,80.33333333333333,81.0,84.0,85.33333333333333,82.0,74.66666666666667,65.66666666666667,57.666666666666664,52.0,43.666666666666664,36.333333333333336,33.333333333333336,31.0,29.333333333333332
1033,62.0,74.0,74.0,74.0,74.0,74.0,69.0,100.0,100.0,100.0,100.0,100.0,100.0,88.0,88.0,82.0,77.0,64.0,60.0,56.0,52.0,52.0,52.0,56.0
1034,72.0,76.0,82.0,84.0,84.0,84.0,88.0,91.0,91.0,97.0,91.0,90.0,96.0,90.0,77.0,72.0,64.0,54.0,51.0,49.0,46.0,77.0,70.0,72.0
1035,88.0,94.0,100.0,95.33333333333333,93.33333333333333,92.33333333333333,88.0,86.66666666666667,86.66666666666667,87.33333333333333,87.0,83.0,83.0,79.0,78.0,73.0,74.33333333333333,68.0,65.0,68.33333333333333,66.33333333333333,65.66666666666667,62.666666666666664,63.333333333333336
1036,80.0,87.0,90.0,92.0,94.0,94.0,96.0,95.0,94.0,96.0,97.0,98.0,97.0,96.0,95.0,83.0,79.0,71.0,73.0,67.0,74.0,85.0,88.0,92.0
1037,86.0,86.0,83.0,83.0,84.0,87.0,86.0,86.0,86.0,86.0,83.0,80.0,80.0,80.0,80.0,80.0,73.0,68.0,57.0,49.0,46.0,42.0,40.0,39.0
1038,38.0,66.0,74.0,79.0,79.0,86.0,87.0,87.0,88.0,86.0,90.0,92.0,92.0,92.0,92.0,93.0,92.0,91.0,88.0,88.0,85.0,83.0,81.0,79.0
1039,69.0,69.33333333333333,73.33333333333333,76.0,79.33333333333333,82.66666666666667,83.33333333333333,82.33333333333333,80.66666666666667,79.0,80.66666666666667,84.33333333333333,80.66666666666667,72.66666666666667,69.33333333333333,58.0,53.333333333333336,52.333333333333336,56.333333333333336,52.333333333333336,60.0,70.0,62.333333333333336,61.333333333333336
1040,58.0,63.0,80.0,90.0,87.0,93.0,96.0,94.0,96.0,95.0,96.0,95.0,96.0,95.0,93.0,80.0,62.0,51.0,45.0,50.0,37.0,42.0,47.0,42.0
1041,79.66666666666667,84.33333333333333,86.33333333333333,91.33333333333333,90.0,89.0,92.0,93.33333333333333,91.0,92.33333333333333,91.0,90.0,85.66666666666667,76.33333333333333,71.33333333333333,65.0,63.666666666666664,63.666666666666664,66.33333333333333,68.33333333333333,70.0,73.33333333333333,75.0,77.66666666666667
1042,53.0,64.66666666666667,68.66666666666667,74.33333333333333,75.66666666666667,77.33333333333333,77.33333333333333,76.66666666666667,75.33333333333333,76.66666666666667,75.66666666666667,68.0,71.0,80.66666666666667,90.33333333333333,85.0,78.66666666666667,75.66666666666667,71.0,69.66666666666667,65.33333333333333,65.0,82.0,83.0
1043,11.0,13.0,18.0,27.0,33.0,50.0,50.0,43.0,57.0,53.0,46.0,52.0,52.0,61.0,61.0,35.0,23.0,18.0,13.0,13.0,10.0,9.0,9.0,10.0
1044,57.0,60.0,63.0,70.0,75.0,78.0,81.0,83.0,87.0,87.0,87.0,88.0,86.0,84.0,74.0,61.0,56.0,51.0,42.0,35.0,32.0,46.0,50.0,54.0
1045,79.0,76.0,76.0,79.0,82.0,79.0,79.0,79.0,79.0,79.0,71.0,69.0,84.0,84.0,85.0,74.0,74.0,62.0,64.0,60.0,60.0,50.0,57.0,63.0
1046,100.0,100.0,100.0,100.0,100.0,100.0,100.0,100.0,100.0,100.0,100.0,100.0,100.0,100.0,100.0,100.0,82.0,67.0,62.0,58.0,44.0,36.0,38.0,38.0
1047,78.0,78.0,81.0,84.0,84.0,87.0,87.0,87.0,87.0,93.0,93.0,90.0,90.0,90.0,90.0,87.0,87.0,84.0,76.0,76.0,79.0,79.0,81.0,84.0
1048,12.0,12.0,16.0,22.0,24.0,24.0,25.0,34.0,31.0,33.0,30.0,32.0,37.0,37.0,37.0,28.0,24.0,18.0,14.0,12.0,11.0,11.0,9.0,7.666666666666667
1049,14.0,15.0,21.0,24.0,28.0,34.0,38.0,44.0,48.0,50.0,54.0,54.0,54.0,56.0,60.0,54.0,44.0,26.0,14.0,6.0,6.0,6.0,6.0,7.0
1050,89.0,89.0,91.0,93.0,93.0,93.0,92.0,90.0,86.0,83.0,79.0,72.0,72.0,67.0,75.0,78.0,70.0,69.0,56.0,54.0,49.0,44.0,51.0,54.0
1051,87.0,90.0,94.0,93.0,93.0,94.0,93.0,93.0,93.0,93.0,93.0,93.0,93.0,93.0,90.0,85.0,79.0,74.0,67.0,67.0,65.0,59.0,57.0,59.0
1052,94.0,88.0,94.0,94.0,94.0,94.0,94.0,94.0,88.0,94.0,93.0,93.0,87.0,93.0,87.0,81.0,81.0,76.0,62.0,58.0,51.0,42.0,39.0,41.0
1053,74.0,88.0,88.0,94.0,88.0,88.0,94.0,94.0,94.0,94.0,89.0,89.0,89.0,83.0,83.0,83.0,94.0,94.0,94.0,100.0,94.0,94.0,89.0,84.0
1054,60.333333333333336,66.66666666666667,71.33333333333333,74.0,74.0,74.0,74.0,74.0,74.0,78.0,74.0,91.0,78.0,91.0,91.0,76.0,78.0,70.33333333333333,74.0,80.66666666666667,86.33333333333333,83.33333333333333,94.0,94.66666666666667
1055,78.66666666666667,74.0,84.0,89.0,94.0,88.0,94.0,94.0,100.0,94.0,100.0,100.0,100.0,94.0,78.0,74.0,66.0,66.0,59.0,66.0,59.0,66.0,66.0,70.0
1056,84.0,81.0,78.0,84.0,84.0,83.0,84.0,86.0,83.0,86.0,83.0,80.0,80.0,74.0,71.0,69.0,62.0,60.0,51.0,48.0,46.0,48.0,52.0,52.0
1057,88.0,90.0,92.0,91.0,100.0,100.0,99.0,94.0,97.0,96.0,97.0,100.0,100.0,91.0,84.0,79.0,75.0,75.0,67.0,62.0,57.0,61.0,66.0,71.0
1058,10.0,12.0,14.0,16.0,21.0,27.0,36.0,35.0,40.0,40.0,44.0,49.0,45.0,47.0,43.0,30.0,18.0,15.0,14.0,13.0,13.0,10.0,11.0,10.0
1059,100.0,100.0,100.0,100.0,100.0,100.0,95.33333333333333,100.0,100.0,100.0,94.0,84.0,90.0,74.0,82.0,71.0,65.0,64.0,62.0,56.0,54.0,56.0,54.0,57.0
1060,74.33333333333333,73.66666666666667,75.33333333333333,75.33333333333333,77.0,75.0,79.33333333333333,78.66666666666667,81.66666666666667,87.0,85.66666666666667,90.0,83.33333333333333,72.66666666666667,76.33333333333333,70.0,63.333333333333336,64.0,61.666666666666664,61.333333333333336,64.33333333333333,67.66666666666667,70.0,70.0
1061,9.0,9.0,12.0,14.0,15.0,15.0,17.0,19.0,20.0,20.0,22.0,24.0,25.0,26.0,25.0,17.0,14.0,13.0,12.0,11.0,10.0,10.0,9.0,8.0
1062,94.0,100.0,100.0,94.0,100.0,100.0,100.0,100.0,100.0,100.0,100.0,100.0,93.0,93.0,93.0,81.0,82.0,82.0,71.0,62.0,58.0,51.0,51.0,48.0
1063,19.0,16.0,23.0,29.0,38.0,47.0,46.0,50.0,53.0,53.0,53.0,61.0,61.0,65.0,65.0,56.0,43.0,30.0,26.0,18.0,14.0,15.0,15.0,14.0
1064,14.0,12.0,13.0,14.0,28.0,55.0,63.0,77.0,77.0,82.0,76.0,82.0,82.0,72.0,72.0,67.0,59.0,52.0,42.0,37.0,29.0,29.0,27.0,27.0
1065,83.0,90.0,91.0,94.0,95.0,94.0,95.0,97.0,97.0,97.0,98.0,98.0,99.0,99.0,94.0,85.0,74.0,66.0,66.0,64.0,61.0,63.0,66.0,68.0
1066,52.666666666666664,58.666666666666664,64.33333333333333,66.33333333333333,72.0,92.66666666666667,98.0,98.0,99.0,99.0,96.33333333333333,95.33333333333333,98.66666666666667,95.0,88.0,74.33333333333333,68.66666666666667,66.66666666666667,63.666666666666664,66.0,64.33333333333333,64.0,66.0,69.0
1067,72.0,72.0,71.0,74.0,69.0,67.0,64.0,62.0,60.0,58.0,60.0,79.0,85.0,82.0,82.0,79.0,71.0,74.0,74.0,68.0,57.0,61.0,61.0,68.0
1068,78.0,81.0,87.0,87.0,93.0,93.0,96.0,97.0,97.0,97.0,97.0,97.0,93.0,90.0,84.0,79.0,71.0,69.0,65.0,63.0,60.0,60.0,65.0,66.0
1069,48.0,52.0,52.0,56.0,60.0,65.0,65.0,67.0,72.0,72.0,75.0,69.0,72.0,72.0,72.0,69.0,65.0,60.0,56.0,52.0,53.0,47.0,49.0,47.0
1070,77.0,82.0,88.0,85.0,94.0,85.0,97.0,96.0,94.0,97.0,96.0,96.0,94.0,90.0,82.0,77.0,68.0,65.0,61.0,56.0,52.0,64.0,68.0,74.0
1071,93.0,93.0,91.66666666666667,100.0,91.33333333333333,92.0,100.0,89.0,91.66666666666667,87.66666666666667,86.66666666666667,86.33333333333333,100.0,87.0,80.0,78.33333333333333,78.0,77.0,70.66666666666667,66.0,60.0,58.0,54.0,57.666666666666664
1072,35.0,39.0,87.0,90.0,90.0,90.0,90.0,87.0,87.0,90.0,90.0,87.0,90.0,90.0,90.0,90.0,81.0,82.0,84.0,84.0,90.0,78.0,70.0,54.0
1073,55.0,66.0,70.0,70.0,70.0,74.0,78.0,78.0,83.0,83.0,83.0,88.0,94.0,79.0,70.0,59.0,52.0,44.0,37.0,33.0,34.0,38.0,34.0,41.0
1074,55.0,62.0,58.0,65.0,69.0,69.0,69.0,61.0,61.0,61.0,61.0,61.0,65.0,65.0,88.0,83.0,70.0,74.0,70.0,66.0,66.0,59.0,84.0,79.0
1075,86.0,86.0,97.0,97.0,96.0,97.0,96.0,92.0,96.0,100.0,100.0,100.0,93.0,74.0,67.0,60.0,72.0,65.0,69.0,80.0,72.0,78.0,80.0,83.0
1076,69.66666666666667,74.66666666666667,78.66666666666667,83.0,84.66666666666667,87.33333333333333,86.33333333333333,89.33333333333333,90.66666666666667,90.33333333333333,90.66666666666667,89.33333333333333,86.33333333333333,84.33333333333333,79.33333333333333,69.0,64.33333333333333,61.333333333333336,50.666666666666664,47.0,42.333333333333336,60.0,63.666666666666664,67.66666666666667
1077,93.0,93.0,96.0,100.0,100.0,96.0,100.0,100.0,100.0,96.0,96.0,89.0,92.0,89.0,89.0,83.0,82.0,76.0,68.0,63.0,55.0,47.0,46.0,46.0
1078,90.0,97.0,90.0,90.0,86.0,87.0,84.0,86.0,84.0,86.0,87.0,83.0,78.0,72.0,73.0,70.0,68.0,68.0,70.0,73.0,76.0,76.0,76.0,81.0
1079,47.0,70.0,98.0,98.0,99.0,99.0,99.0,98.0,88.0,93.0,93.0,92.0,91.0,84.0,76.0,71.0,67.0,60.0,52.0,54.0,47.0,45.0,46.0,49.0
1080,75.66666666666667,78.66666666666667,88.33333333333333,88.66666666666667,88.66666666666667,90.66666666666667,89.66666666666667,93.66666666666667,94.66666666666667,94.66666666666667,94.66666666666667,94.66666666666667,93.66666666666667,93.66666666666667,91.66666666666667,80.0,73.33333333333333,62.666666666666664,52.0,41.333333333333336,37.333333333333336,34.0,33.0,33.0
1081,79.0,89.0,88.0,88.0,88.0,74.0,78.0,83.0,94.0,94.0,94.0,94.0,94.0,88.0,74.0,70.0,66.0,49.0,46.0,46.0,46.0,46.0,46.0,66.0
1082,72.0,76.0,74.0,74.0,74.0,74.0,71.0,62.0,58.0,56.0,66.0,62.0,66.0,76.0,79.0,71.0,71.0,71.0,64.0,64.0,63.0,66.0,59.0,61.0
1083,72.0,74.0,73.0,73.0,73.0,74.0,74.0,74.0,74.0,74.0,73.0,90.0,91.0,88.0,75.0,66.0,64.0,58.333333333333336,60.0,61.333333333333336,56.0,61.0,63.0,61.0
1084,14.0,12.666666666666666,14.333333333333334,21.666666666666668,34.0,63.0,67.0,72.0,77.0,77.0,82.0,82.0,82.0,72.0,66.33333333333333,59.0,50.333333333333336,44.333333333333336,37.0,32.0,29.0,26.666666666666668,25.0,24.666666666666668
1085,85.0,85.0,85.0,88.0,84.0,88.0,88.0,90.0,90.0,91.0,87.0,91.0,91.0,82.0,77.0,69.0,65.0,59.0,55.0,55.0,53.0,58.0,93.0,94.0
1086,80.0,82.0,90.0,94.0,97.0,97.0,100.0,100.0,100.0,100.0,100.0,97.0,95.0,91.0,88.0,82.0,72.0,65.0,62.0,59.0,100.0,100.0,100.0,97.0
1087,78.0,74.0,76.0,96.0,95.0,92.0,91.0,91.0,92.0,90.0,92.0,91.0,97.0,98.0,96.0,93.0,92.0,91.0,83.0,72.0,73.0,73.0,76.0,83.0
1088,24.0,31.0,46.0,52.0,56.0,58.0,63.0,76.0,82.0,76.0,85.0,85.0,88.0,85.0,85.0,67.0,50.0,37.0,35.0,26.0,16.0,13.0,15.0,14.0
1089,17.0,31.0,33.0,36.0,42.0,76.0,90.0,90.0,87.0,92.0,98.0,99.0,99.0,94.0,71.0,48.0,39.0,35.0,31.0,29.0,27.0,24.0,25.0,28.0
1090,67.0,72.0,72.0,72.0,72.0,72.0,74.0,77.0,77.0,74.0,64.0,60.0,64.0,62.0,58.0,51.0,46.0,47.0,44.0,42.0,44.0,71.0,69.0,74.0
1091,52.0,55.0,62.0,66.0,70.0,61.0,69.0,78.0,83.0,83.0,88.0,88.0,94.0,94.0,94.0,83.0,88.0,100.0,83.0,88.0,100.0,94.0,94.0,94.0
1092,80.0,81.0,83.0,84.0,83.0,85.0,87.0,88.0,89.0,90.0,92.0,92.0,92.0,90.0,85.0,75.0,69.0,66.0,57.0,56.0,53.0,51.0,53.0,56.0
1093,90.33333333333333,91.33333333333333,90.66666666666667,93.66666666666667,94.0,96.66666666666667,94.66666666666667,94.33333333333333,97.0,97.0,99.0,97.0,97.0,91.66666666666667,90.0,83.0,72.66666666666667,69.66666666666667,65.66666666666667,68.0,70.33333333333333,73.33333333333333,77.0,85.0
1094,72.0,82.0,87.0,88.0,88.0,90.0,90.0,97.0,96.0,96.0,96.0,94.0,96.0,87.0,79.0,67.0,63.0,57.0,56.0,58.0,56.0,59.0,50.0,57.0
1095,93.0,96.0,93.0,93.0,93.0,89.0,89.0,92.0,89.0,92.0,90.0,90.0,93.0,90.0,86.0,86.0,82.0,74.0,66.0,63.0,59.0,55.0,55.0,55.0
1096,79.0,81.0,84.0,87.0,90.0,87.0,84.0,84.0,84.0,84.0,87.0,84.0,81.0,78.0,78.0,71.0,62.0,58.0,58.0,56.0,56.0,58.0,62.0,71.0
1097,30.0,32.0,33.0,35.0,36.0,40.0,41.0,42.0,45.0,50.0,59.0,59.0,55.0,57.0,64.0,61.0,54.0,44.0,40.0,32.0,29.0,25.0,24.0,22.0
1098,79.33333333333333,81.33333333333333,83.33333333333333,83.33333333333333,84.1111111111111,85.33333333333333,85.8888888888889,87.1111111111111,88.44444444444444,88.33333333333333,88.33333333333333,88.44444444444444,83.33333333333333,84.0,76.0,75.66666666666667,74.33333333333333,72.0,71.0,71.33333333333333,68.66666666666667,72.0,77.33333333333333,79.66666666666667
1099,26.0,29.0,33.0,37.0,38.0,37.0,36.0,32.0,34.0,26.0,29.0,29.0,30.0,30.0,31.0,26.0,20.0,24.0,18.0,21.0,20.0,18.0,17.0,17.0
1100,9.0,12.0,22.0,20.0,20.0,35.0,34.0,41.0,50.0,57.0,39.0,32.0,44.0,54.0,58.0,39.0,30.0,21.0,16.0,11.0,8.0,7.0,6.0,6.0
1101,77.0,88.0,82.0,82.0,82.0,82.0,69.0,71.0,74.0,76.0,79.0,79.0,76.0,74.0,69.0,68.0,67.0,72.0,70.0,72.0,74.0,68.0,69.0,64.0
1102,55.0,58.0,63.0,62.0,67.0,64.0,64.0,64.0,69.0,69.0,69.0,79.0,87.0,82.0,76.0,74.0,67.0,50.0,48.0,48.0,48.0,51.0,53.0,53.0
1103,91.0,97.0,94.0,96.0,94.0,96.0,96.0,94.0,94.0,94.0,94.0,94.0,94.0,94.0,90.0,87.0,82.0,79.0,72.0,67.0,65.0,65.0,63.0,65.0
1104,72.0,79.0,84.0,86.0,88.0,88.0,88.0,88.0,88.0,89.0,88.0,87.0,88.0,86.0,83.0,84.0,71.0,67.0,64.0,83.0,81.0,88.0,91.0,90.0
1105,70.0,78.0,84.0,84.0,89.0,89.0,94.0,94.0,100.0,94.0,94.0,100.0,100.0,94.0,84.0,74.0,70.0,59.0,59.0,59.0,59.0,52.0,49.0,58.0
1106,49.0,54.0,78.0,94.0,94.0,100.0,94.0,94.0,94.0,94.0,88.0,88.0,88.0,88.0,82.0,72.0,67.0,72.0,63.0,59.0,55.0,59.0,59.0,63.0
1107,94.0,94.0,82.66666666666667,94.0,94.0,100.0,94.66666666666667,95.33333333333333,93.66666666666667,94.66666666666667,95.66666666666667,95.66666666666667,95.0,92.66666666666667,79.33333333333333,71.0,66.0,58.333333333333336,68.66666666666667,84.0,79.0,63.0,74.0,89.0
1108,33.0,37.0,42.0,83.0,94.0,94.0,94.0,94.0,94.0,88.0,94.0,100.0,94.0,94.0,100.0,88.0,83.0,88.0,94.0,88.0,72.0,56.0,46.0,46.0
1109,60.0,67.0,70.0,74.0,77.0,78.0,81.0,86.0,94.0,93.0,95.0,97.0,94.0,93.0,93.0,87.0,78.0,77.0,72.0,92.0,83.0,79.0,94.0,94.0
1110,55.0,65.0,69.0,74.0,74.0,82.0,79.0,90.0,90.0,84.0,88.0,84.0,88.0,82.0,96.0,77.0,67.0,63.0,65.0,65.0,64.0,79.0,88.0,87.0
1111,94.33333333333333,94.0,95.0,97.66666666666667,96.33333333333333,96.0,94.66666666666667,93.66666666666667,96.0,92.33333333333333,93.66666666666667,92.33333333333333,94.66666666666667,92.33333333333333,90.0,83.66666666666667,82.33333333333333,77.0,69.0,62.333333333333336,56.0,49.666666666666664,49.333333333333336,49.666666666666664
1112,70.0,79.0,78.0,74.0,78.0,83.0,88.0,88.0,84.0,89.0,94.0,94.0,94.0,84.0,74.0,59.0,55.0,59.0,62.0,55.0,59.0,59.0,62.0,66.0
1113,46.0,59.0,64.0,72.0,68.0,74.0,79.0,95.0,98.0,98.0,98.0,98.0,98.0,98.0,88.0,72.0,63.0,54.0,46.0,41.0,41.0,40.0,45.0,43.0
1114,90.0,90.0,90.0,90.0,93.0,90.0,89.0,89.0,90.0,86.0,86.0,86.0,83.0,80.0,80.0,86.0,80.0,74.0,59.0,55.0,45.0,45.0,42.0,44.0
1115,36.666666666666664,40.333333333333336,61.0,66.33333333333333,66.0,69.33333333333333,74.0,77.33333333333333,79.66666666666667,88.0,91.0,90.0,92.0,93.33333333333333,86.0,70.0,59.333333333333336,46.666666666666664,37.333333333333336,30.333333333333332,26.666666666666668,24.333333333333332,23.666666666666668,23.333333333333332
1116,66.0,74.0,78.0,88.0,88.0,88.0,88.0,94.0,83.0,78.0,74.0,74.0,74.0,69.0,74.0,74.0,66.0,59.0,59.0,55.0,59.0,94.0,94.0,94.0
1117,77.0,90.0,94.0,95.0,96.0,90.0,86.0,90.0,89.0,91.0,91.0,88.0,85.0,86.0,84.0,82.0,73.0,65.0,59.0,59.0,57.0,55.0,54.0,58.0
1118,74.0,82.0,79.0,79.0,79.0,79.0,79.0,77.0,77.0,76.0,74.0,74.0,69.0,82.0,84.0,79.0,79.0,69.0,67.0,60.0,56.0,55.0,55.0,68.0
1119,76.0,79.0,82.0,84.0,84.0,87.0,88.0,90.0,90.0,90.0,90.0,90.0,90.0,85.0,79.0,71.0,67.0,65.0,61.0,57.0,57.0,63.0,61.0,65.0
1120,77.0,81.0,86.33333333333333,89.66666666666667,89.66666666666667,93.0,93.0,94.66666666666667,98.66666666666667,98.66666666666667,96.0,98.0,98.0,96.66666666666667,85.33333333333333,79.33333333333333,72.0,66.66666666666667,71.66666666666667,67.33333333333333,66.0,65.66666666666667,70.0,75.33333333333333
1121,84.66666666666667,84.0,82.66666666666667,83.0,83.33333333333333,85.0,90.0,92.33333333333333,86.0,86.66666666666667,82.66666666666667,81.66666666666667,83.0,79.0,74.33333333333333,71.33333333333333,64.66666666666667,61.666666666666664,58.666666666666664,55.666666666666664,54.0,53.0,54.333333333333336,55.333333333333336
1122,85.0,64.0,68.0,68.0,68.0,69.0,68.0,63.666666666666664,70.0,68.0,78.0,81.0,79.0,80.0,89.0,70.0,65.0,62.0,60.0,53.0,54.0,59.0,57.0,62.0
1123,74.0,82.0,82.0,88.0,84.0,85.0,85.0,90.0,88.0,88.0,90.0,90.0,90.0,88.0,82.0,76.0,74.0,67.0,59.0,57.0,61.0,63.0,70.0,77.0
1124,75.33333333333333,81.0,83.0,82.33333333333333,83.0,86.0,86.33333333333333,88.0,90.0,90.0,90.0,90.0,89.0,84.0,76.33333333333333,69.66666666666667,65.66666666666667,63.0,58.333333333333336,55.666666666666664,55.666666666666664,61.0,60.333333333333336,63.666666666666664
1125,85.0,82.0,83.0,78.0,77.0,80.0,84.0,91.0,94.0,90.0,82.0,80.0,80.0,79.0,71.0,63.0,61.0,57.0,55.0,53.0,51.0,52.0,52.0,53.0
1126,44.0,51.0,56.0,62.0,65.0,62.0,69.0,74.0,82.0,84.0,81.0,87.0,87.0,90.0,90.0,90.0,91.0,84.0,84.0,78.0,87.0,90.0,84.0,78.0
1127,9.0,10.0,10.0,15.0,20.0,24.0,22.0,18.0,25.0,20.0,22.0,20.0,14.0,23.0,30.0,27.0,16.0,12.0,13.0,14.0,14.0,16.0,18.0,17.0
1128,52.0,59.0,61.0,63.0,67.0,69.0,74.0,77.0,77.0,85.0,87.0,88.0,88.0,79.0,74.0,65.0,67.0,79.0,90.0,90.0,94.0,91.0,84.0,79.0
1129,86.0,90.0,83.0,83.0,83.0,90.0,93.0,90.0,87.0,81.0,90.0,70.0,70.0,67.0,65.0,65.0,63.0,65.0,68.0,73.0,63.0,63.0,70.0,70.0
1130,83.0,83.0,88.0,88.0,94.0,94.0,94.0,100.0,100.0,100.0,94.0,94.0,94.0,94.0,94.0,89.0,84.0,94.0,94.0,100.0,89.0,84.0,79.0,79.0
1131,61.0,63.0,63.0,67.0,67.0,69.0,69.0,71.0,71.0,69.0,74.0,76.0,76.0,74.0,67.0,63.0,61.0,57.0,54.0,57.0,52.0,56.0,94.0,88.0
1132,94.0,94.0,94.0,94.0,94.0,94.0,93.0,93.0,93.0,93.0,93.0,87.0,87.0,81.0,81.0,81.0,66.0,54.0,51.0,41.0,39.0,41.0,39.0,36.0
1133,66.0,77.0,81.0,82.0,82.0,86.0,88.0,89.0,90.0,90.0,90.0,90.0,91.0,90.0,80.0,76.0,63.0,65.0,54.0,50.0,64.0,67.0,64.0,78.0
1134,27.0,27.0,32.0,40.0,48.0,51.0,43.0,42.0,48.0,50.0,50.0,50.0,53.0,54.0,57.0,54.0,55.0,46.0,32.0,28.0,24.0,22.0,20.0,12.0
1135,66.0,66.0,74.0,80.0,86.0,86.0,82.0,86.0,89.0,85.0,89.0,93.0,92.0,92.0,93.0,83.0,74.0,66.0,50.0,40.0,34.0,28.0,23.0,21.0
1136,15.0,22.0,36.0,50.0,46.0,39.0,49.0,51.0,55.0,47.0,49.0,47.0,65.0,65.0,65.0,55.0,43.0,30.0,19.0,16.0,14.0,14.0,14.0,13.0
1137,80.0,87.0,89.0,93.0,92.0,89.0,90.0,91.0,93.0,89.0,88.0,91.0,92.0,95.0,95.0,87.0,79.0,72.0,72.0,70.0,67.0,64.0,73.0,76.0
1138,27.0,36.0,43.0,71.0,79.0,68.0,68.0,82.0,76.0,76.0,79.0,88.0,85.0,88.0,88.0,73.0,61.0,54.0,40.0,34.0,25.0,21.0,24.0,25.0
1139,9.0,12.666666666666666,12.666666666666666,13.333333333333334,16.333333333333332,19.333333333333332,21.666666666666668,24.666666666666668,27.666666666666668,26.333333333333332,29.666666666666668,27.333333333333332,30.333333333333332,32.333333333333336,28.333333333333332,22.666666666666668,19.0,18.333333333333332,15.0,13.0,11.0,9.0,9.333333333333334,8.0
1140,71.0,72.0,64.0,65.0,68.0,69.33333333333333,77.33333333333333,83.66666666666667,91.66666666666667,92.0,91.33333333333333,89.66666666666667,90.66666666666667,82.33333333333333,77.66666666666667,71.66666666666667,68.66666666666667,62.0,61.666666666666664,58.333333333333336,57.666666666666664,58.333333333333336,59.0,58.666666666666664
1141,85.0,85.0,75.66666666666667,73.33333333333333,79.66666666666667,84.0,94.0,93.33333333333333,94.66666666666667,94.33333333333333,93.0,90.33333333333333,91.33333333333333,89.33333333333333,80.0,72.66666666666667,72.0,66.66666666666667,68.0,64.66666666666667,64.66666666666667,63.0,60.666666666666664,62.333333333333336
1142,89.33333333333333,92.33333333333333,91.66666666666667,90.33333333333333,81.33333333333333,77.66666666666667,75.0,74.33333333333333,73.0,76.0,76.33333333333333,70.0,70.0,66.66666666666667,75.33333333333333,77.66666666666667,77.33333333333333,74.66666666666667,63.0,59.333333333333336,51.333333333333336,49.666666666666664,45.333333333333336,50.666666666666664
1143,65.0,65.66666666666667,67.33333333333333,69.33333333333333,68.66666666666667,71.33333333333333,71.33333333333333,68.66666666666667,68.66666666666667,66.33333333333333,66.66666666666667,66.0,76.33333333333333,81.66666666666667,87.33333333333333,86.0,75.66666666666667,66.66666666666667,60.333333333333336,55.666666666666664,49.333333333333336,46.0,44.666666666666664,51.0
1144,17.333333333333332,23.333333333333332,30.0,30.333333333333332,33.666666666666664,41.0,42.0,44.0,44.333333333333336,46.333333333333336,49.333333333333336,51.0,51.0,54.666666666666664,55.0,52.0,42.0,39.666666666666664,30.666666666666668,27.333333333333332,26.333333333333332,26.333333333333332,26.333333333333332,26.666666666666668
1145,96.0,96.0,96.0,96.0,96.0,95.0,95.0,89.0,80.0,76.0,75.0,82.0,81.0,83.0,83.0,83.0,80.0,64.0,60.0,68.0,70.0,64.0,62.0,96.0
1146,55.0,88.0,94.0,94.0,94.0,88.0,94.0,94.0,94.0,88.0,82.0,82.0,77.0,77.0,72.0,72.0,67.0,63.0,59.0,59.0,58.0,62.0,58.0,62.0
1147,90.33333333333333,94.33333333333333,94.33333333333333,95.33333333333333,95.33333333333333,95.66666666666667,92.0,92.66666666666667,93.66666666666667,93.66666666666667,93.66666666666667,93.66666666666667,94.66666666666667,91.66666666666667,89.0,83.0,71.66666666666667,65.66666666666667,61.0,61.333333333333336,62.333333333333336,62.666666666666664,66.33333333333333,76.0
1148,49.0,94.0,100.0,100.0,100.0,100.0,94.0,100.0,100.0,94.0,94.0,94.0,94.0,88.0,88.0,82.0,82.0,63.0,63.0,55.0,55.0,52.0,55.0,55.0
1149,77.0,73.0,73.0,78.0,73.0,73.0,72.0,68.0,68.0,67.0,67.0,72.0,72.0,67.0,67.0,62.0,66.0,62.0,62.0,62.0,55.0,55.0,48.0,48.0
1150,64.0,83.0,94.0,100.0,100.0,94.0,82.0,82.0,88.0,88.0,100.0,100.0,100.0,100.0,94.0,72.0,63.0,45.0,37.0,29.0,25.0,25.0,25.0,27.0
1151,73.0,78.0,79.0,87.0,90.0,90.0,89.0,90.0,91.0,91.0,92.0,94.0,96.0,90.0,80.0,71.0,68.0,67.33333333333333,64.0,63.333333333333336,62.666666666666664,53.0,64.66666666666667,69.66666666666667
1152,84.0,89.0,94.0,94.0,94.0,100.0,100.0,94.0,94.0,94.0,94.0,100.0,100.0,100.0,89.0,89.0,84.0,62.0,62.0,59.0,74.0,79.0,74.0,74.0
1153,43.0,51.0,61.0,69.0,73.0,78.0,83.0,83.0,88.0,88.0,88.0,88.0,88.0,82.0,83.0,73.0,64.0,65.0,51.0,48.0,43.0,43.0,35.0,35.0
1154,65.0,70.0,62.0,71.0,71.0,79.0,76.0,78.0,85.0,88.0,88.0,90.0,90.0,86.0,80.0,72.0,65.0,52.0,51.0,43.0,40.0,38.0,40.0,48.0
1155,26.0,22.0,18.0,19.0,22.0,22.0,26.0,24.0,19.0,22.0,26.0,22.0,24.0,34.0,31.0,32.0,28.0,22.0,18.0,17.0,10.0,7.0,8.0,10.0
1156,55.0,62.0,94.0,88.0,88.0,94.0,94.0,94.0,94.0,88.0,88.0,82.0,88.0,82.0,77.0,77.0,77.0,72.0,72.0,67.0,67.0,62.0,62.0,62.0
1157,83.0,89.0,92.0,95.0,96.0,97.0,96.0,93.0,94.0,94.0,93.0,88.0,88.0,85.0,94.0,94.0,95.0,94.0,91.0,89.0,91.0,91.0,93.0,92.0
1158,9.0,10.0,18.0,20.0,25.0,26.0,24.0,25.0,28.0,33.0,34.0,34.0,34.0,39.0,41.0,28.0,26.0,14.0,13.0,12.0,11.0,10.0,9.0,8.0
1159,55.0,74.0,79.0,84.0,89.0,89.0,83.0,88.0,88.0,88.0,88.0,88.0,83.0,89.0,84.0,66.0,62.0,52.0,47.0,42.0,49.0,44.0,44.0,62.0
1160,72.66666666666667,76.0,78.66666666666667,80.0,80.33333333333333,82.33333333333333,82.33333333333333,81.66666666666667,82.66666666666667,83.66666666666667,86.33333333333333,85.66666666666667,83.33333333333333,77.33333333333333,68.33333333333333,64.33333333333333,59.0,55.666666666666664,54.333333333333336,53.333333333333336,53.0,53.0,57.666666666666664,79.66666666666667
1161,52.0,59.0,61.0,65.0,69.0,77.0,74.0,82.0,90.0,93.0,93.0,96.0,90.0,81.0,75.0,68.0,65.0,59.0,56.0,59.0,55.0,57.0,59.0,56.0
1162,66.0,70.0,74.0,84.0,89.0,94.0,94.0,94.0,100.0,100.0,94.0,94.0,100.0,94.0,79.0,66.0,58.0,58.0,55.0,52.0,49.0,52.0,49.0,58.0
1163,61.0,83.0,89.0,100.0,100.0,80.0,77.0,80.0,80.0,80.0,80.0,76.0,82.0,93.0,80.0,74.0,66.0,60.0,53.0,46.0,40.0,31.0,30.0,32.0
1164,73.0,78.0,81.0,81.0,87.0,87.0,87.0,87.0,87.0,90.0,90.0,87.0,87.0,84.0,81.0,81.0,76.0,76.0,76.0,78.0,78.0,79.0,82.0,82.0
1165,60.0,65.0,66.0,66.0,69.0,74.0,82.0,87.0,90.0,84.0,90.0,90.0,94.0,85.0,74.0,62.0,58.0,57.0,55.0,55.0,51.0,48.0,46.0,54.0
1166,79.0,88.0,74.0,79.0,82.0,91.0,91.0,94.0,94.0,94.0,90.0,94.0,94.0,88.0,77.0,70.0,68.0,62.0,58.0,79.0,82.0,77.0,74.0,79.0
1167,52.0,62.0,69.0,74.0,74.0,65.0,69.0,78.0,78.0,78.0,83.0,88.0,94.0,84.0,70.0,66.0,52.0,46.0,59.0,70.0,49.0,46.0,52.0,55.0
1168,93.0,93.0,93.0,93.0,93.0,90.0,90.0,88.0,83.0,80.0,81.0,86.0,86.0,87.0,76.0,75.0,72.0,68.0,66.0,60.0,53.0,48.0,49.0,47.0
1169,61.0,66.33333333333333,72.0,74.0,74.0,76.0,75.66666666666667,73.66666666666667,73.0,73.66666666666667,74.66666666666667,74.66666666666667,73.66666666666667,72.0,78.33333333333333,79.0,76.33333333333333,74.33333333333333,70.66666666666667,65.33333333333333,60.0,56.0,56.0,50.666666666666664
1170,88.0,89.0,91.0,91.0,88.0,87.0,83.0,78.0,80.0,72.0,74.0,74.0,72.0,73.0,87.0,82.0,72.0,74.0,57.0,52.0,50.0,48.0,53.0,54.0
1171,48.0,58.0,60.0,62.0,67.0,71.0,74.0,79.0,76.0,76.0,87.0,90.0,90.0,90.0,84.0,81.0,76.0,76.0,71.0,55.0,61.0,64.0,66.0,70.0
1172,94.0,94.0,89.0,89.0,89.0,100.0,100.0,100.0,100.0,94.0,94.0,94.0,100.0,89.0,84.0,66.0,59.0,56.0,56.0,74.0,66.0,74.0,79.0,74.0
1173,77.66666666666667,76.66666666666667,78.33333333333333,79.33333333333333,79.66666666666667,81.33333333333333,84.33333333333333,88.66666666666667,87.66666666666667,87.66666666666667,89.66666666666667,88.66666666666667,90.0,86.33333333333333,80.66666666666667,79.66666666666667,80.0,79.66666666666667,80.33333333333333,77.66666666666667,78.66666666666667,80.33333333333333,77.66666666666667,81.0
1174,70.0,73.66666666666667,72.0,69.0,70.33333333333333,71.33333333333333,73.33333333333333,74.33333333333333,73.33333333333333,72.0,68.66666666666667,68.33333333333333,70.33333333333333,65.0,59.666666666666664,54.0,48.0,45.0,44.333333333333336,42.0,43.0,71.0,69.0,72.0
1175,60.333333333333336,75.66666666666667,81.0,82.0,85.33333333333333,77.0,81.0,83.66666666666667,86.0,87.66666666666667,89.66666666666667,88.66666666666667,87.0,89.33333333333333,81.33333333333333,76.33333333333333,77.33333333333333,82.0,71.33333333333333,57.666666666666664,55.333333333333336,57.666666666666664,70.0,72.66666666666667
1176,80.33333333333333,80.33333333333333,80.66666666666667,80.66666666666667,83.0,83.0,84.66666666666667,85.33333333333333,85.0,85.33333333333333,87.33333333333333,88.33333333333333,86.66666666666667,83.33333333333333,87.66666666666667,88.33333333333333,84.33333333333333,83.66666666666667,81.0,80.0,78.0,77.66666666666667,78.0,83.0
1177,46.666666666666664,49.333333333333336,51.0,52.666666666666664,52.666666666666664,55.333333333333336,57.666666666666664,56.333333333333336,55.333333333333336,56.0,62.0,72.0,73.0,74.0,67.33333333333333,66.66666666666667,64.0,58.0,50.0,47.333333333333336,45.333333333333336,46.0,47.333333333333336,49.0
1178,42.0,42.0,51.0,61.0,72.0,82.0,77.0,82.0,85.0,84.0,73.66666666666667,85.0,87.0,87.0,87.0,79.0,72.0,65.0,59.0,52.0,36.0,36.0,34.0,34.0
1179,32.0,30.666666666666668,43.0,44.333333333333336,47.666666666666664,53.0,56.0,62.0,71.33333333333333,75.66666666666667,68.33333333333333,77.33333333333333,72.0,72.33333333333333,70.66666666666667,66.66666666666667,60.333333333333336,52.666666666666664,50.666666666666664,46.0,33.666666666666664,33.0,27.333333333333332,27.0
1180,53.0,57.0,69.0,71.0,67.0,74.0,81.0,84.0,86.0,88.0,88.0,87.0,90.0,93.0,96.0,97.0,95.0,97.0,96.0,95.0,96.0,95.0,96.0,94.0
1181,76.0,76.0,79.0,84.0,85.0,84.0,81.0,84.0,87.0,90.0,90.0,90.0,90.0,87.0,90.0,91.0,87.0,85.0,74.0,70.0,67.0,68.0,70.0,76.0
1182,66.0,90.0,95.0,97.0,98.0,78.0,79.0,84.0,87.0,90.0,90.0,91.0,92.0,91.0,85.0,77.0,72.0,81.0,73.0,60.0,56.0,63.0,74.0,79.0
1183,96.0,96.0,100.0,96.0,96.0,100.0,97.0,97.0,96.0,97.0,93.0,93.0,90.0,90.0,87.0,84.0,76.0,71.0,66.0,58.0,70.0,68.0,93.0,86.0
1184,90.0,90.0,87.0,85.0,84.0,83.0,83.0,85.0,90.0,87.0,87.0,94.0,94.0,95.0,91.0,88.0,86.0,85.0,85.0,82.0,78.0,75.0,79.0,84.0
1185,74.0,82.0,84.0,90.0,87.0,82.0,90.0,84.0,84.0,84.0,84.0,84.0,76.0,76.0,69.0,63.0,58.0,55.0,55.0,55.0,59.0,53.0,57.0,65.0
1186,52.0,58.333333333333336,62.333333333333336,63.666666666666664,72.0,78.66666666666667,84.0,86.0,87.0,91.66666666666667,90.66666666666667,90.33333333333333,93.0,84.0,74.0,64.0,54.0,50.666666666666664,47.666666666666664,41.333333333333336,40.333333333333336,44.0,46.666666666666664,52.333333333333336
1187,89.0,94.0,88.66666666666667,100.0,94.0,94.0,94.0,94.0,100.0,94.0,94.0,94.0,94.0,94.0,84.0,70.0,55.0,52.0,55.0,55.0,52.0,52.0,62.0,70.0
1188,59.0,70.0,84.0,84.0,84.0,89.0,100.0,100.0,100.0,100.0,100.0,100.0,100.0,100.0,94.0,75.0,66.0,59.0,56.0,53.0,56.0,56.0,100.0,100.0
1189,97.0,98.0,97.0,94.0,99.0,98.0,96.0,95.0,93.0,91.0,89.0,91.0,87.0,88.0,79.0,77.0,69.0,74.0,68.0,67.0,69.0,68.0,61.0,59.0
1190,82.33333333333333,85.0,87.66666666666667,83.33333333333333,86.0,90.66666666666667,90.66666666666667,91.66666666666667,90.66666666666667,92.66666666666667,90.66666666666667,94.66666666666667,93.66666666666667,90.66666666666667,88.0,84.0,80.66666666666667,76.33333333333333,74.33333333333333,75.0,78.0,80.0,79.0,82.66666666666667
1191,96.0,96.0,96.0,96.0,96.0,95.0,93.0,92.0,90.0,89.0,89.0,79.0,80.0,77.0,67.0,65.0,63.0,59.0,54.0,52.0,55.0,50.0,52.0,59.0
1192,43.0,51.0,74.0,69.0,80.0,78.0,89.0,83.0,83.0,83.0,83.0,83.0,83.0,88.0,94.0,88.0,94.0,94.0,95.66666666666667,94.0,94.0,95.33333333333333,88.0,82.0
1193,96.0,100.0,96.0,100.0,97.0,97.0,100.0,100.0,100.0,100.0,100.0,100.0,100.0,100.0,100.0,88.0,82.0,75.0,68.0,60.0,75.0,63.0,65.0,94.0
1194,83.0,89.33333333333333,87.33333333333333,86.66666666666667,88.0,88.33333333333333,87.66666666666667,86.66666666666667,88.0,87.0,88.0,88.33333333333333,90.33333333333333,87.66666666666667,85.33333333333333,78.0,68.33333333333333,65.33333333333333,58.666666666666664,59.333333333333336,76.66666666666667,68.33333333333333,69.0,69.33333333333333
1195,60.0,66.0,73.0,75.0,73.0,76.0,75.0,73.0,73.0,73.0,73.0,73.0,76.0,73.0,73.0,76.0,73.0,70.0,64.0,64.0,62.0,60.0,60.0,60.0
1196,46.333333333333336,53.0,55.333333333333336,57.333333333333336,57.0,59.666666666666664,63.0,66.66666666666667,70.0,71.33333333333333,69.0,79.0,83.0,77.33333333333333,67.0,61.0,60.666666666666664,55.0,59.0,63.666666666666664,71.33333333333333,61.0,52.666666666666664,55.333333333333336
1197,53.0,61.0,63.0,67.0,71.0,74.0,69.0,74.0,74.0,76.0,76.0,71.0,76.0,94.0,96.0,79.0,64.0,65.0,54.0,51.0,41.0,38.0,45.0,53.0
1198,14.0,19.0,23.0,29.0,35.0,38.0,43.0,40.0,46.0,49.0,49.0,53.0,56.0,61.0,53.0,39.0,20.0,20.0,19.0,17.0,16.0,17.0,17.0,17.0
1199,93.0,97.0,78.0,84.0,99.0,96.0,96.0,96.0,99.0,96.0,88.0,96.0,89.0,82.0,79.0,77.0,73.0,73.0,70.0,69.0,65.0,63.0,63.0,66.0
1200,96.0,96.0,95.0,94.0,93.0,89.0,86.0,86.0,84.0,84.0,89.0,89.0,90.0,92.0,82.0,78.0,77.0,70.0,65.0,57.0,53.0,51.0,50.0,47.0
1201,55.0,58.0,62.0,66.0,62.0,94.0,94.0,94.0,94.0,94.0,100.0,94.0,88.0,94.0,82.0,77.0,68.0,64.0,60.0,60.0,56.0,56.0,56.0,59.0
1202,45.0,48.0,58.0,65.0,69.0,74.0,69.0,69.0,73.0,73.0,78.0,78.0,78.0,83.0,65.0,61.0,51.0,45.0,40.0,31.0,28.0,28.0,28.0,38.0
1203,87.0,90.0,87.0,90.0,90.0,90.0,90.0,93.0,97.0,97.0,96.0,96.0,93.0,100.0,93.0,90.0,82.0,73.0,64.0,64.0,71.0,64.0,64.0,58.0
1204,46.0,54.0,64.0,70.0,73.0,78.0,79.0,84.0,87.0,80.0,84.0,90.0,93.0,90.0,90.0,90.0,73.0,64.0,51.0,43.0,38.0,35.0,34.0,33.0
1205,61.0,69.0,69.0,69.0,72.0,74.0,76.0,74.0,97.0,100.0,97.0,100.0,100.0,100.0,93.0,90.0,68.0,63.0,66.0,70.0,66.0,68.0,73.0,73.0
1206,8.0,9.0,10.0,12.0,13.0,14.0,16.0,18.0,19.0,20.0,22.0,21.0,22.0,24.0,23.0,18.0,13.0,12.0,10.0,9.0,8.0,8.0,8.0,7.0
1207,90.0,87.0,89.0,90.0,92.0,91.0,91.0,92.0,91.0,91.0,91.0,91.0,90.0,93.0,92.0,91.0,92.0,94.0,92.0,94.0,89.0,84.0,80.0,77.0
1208,88.0,88.0,94.0,94.0,94.0,94.0,94.0,94.0,94.0,94.0,88.0,88.0,87.0,87.0,87.0,81.0,76.0,71.0,71.0,58.0,54.0,50.0,44.0,47.0
1209,74.0,79.0,85.0,87.0,90.0,94.0,94.0,96.0,93.0,93.0,96.0,96.0,100.0,96.0,96.0,82.0,72.0,70.0,66.0,61.0,59.0,56.0,56.0,63.0
1210,79.66666666666667,85.66666666666667,87.33333333333333,87.33333333333333,84.0,89.0,93.0,94.0,96.0,97.0,97.0,97.0,94.0,79.0,71.0,68.66666666666667,56.0,55.0,55.0,58.0,56.0,55.0,58.0,76.0
1211,76.66666666666667,80.33333333333333,85.0,85.66666666666667,88.66666666666667,91.33333333333333,96.33333333333333,94.66666666666667,94.66666666666667,88.33333333333333,92.66666666666667,87.66666666666667,85.66666666666667,83.66666666666667,78.66666666666667,63.666666666666664,58.0,58.666666666666664,55.666666666666664,56.333333333333336,55.666666666666664,56.333333333333336,61.0,68.33333333333333
1212,89.0,92.0,94.0,94.0,96.0,95.0,96.0,96.0,96.0,97.0,96.0,96.0,96.0,87.0,72.0,66.0,61.0,57.0,55.0,54.0,52.0,61.0,68.0,82.0
1213,57.0,65.0,63.0,62.0,62.0,67.0,66.0,69.0,69.0,65.0,65.0,66.0,88.0,88.0,82.0,77.0,66.0,65.0,60.0,58.0,56.0,51.0,56.0,52.0
1214,78.0,78.33333333333333,86.66666666666667,88.0,100.0,100.0,100.0,100.0,100.0,100.0,100.0,100.0,100.0,100.0,100.0,100.0,89.0,89.0,74.0,79.0,74.0,70.0,66.0,79.0
1215,20.0,20.0,23.0,25.0,33.0,36.0,37.0,40.0,44.0,50.0,47.0,48.0,51.0,50.0,54.0,47.0,34.0,23.0,21.0,18.0,15.0,14.0,14.0,14.0
1216,20.666666666666668,27.333333333333332,37.666666666666664,43.333333333333336,48.333333333333336,50.666666666666664,57.333333333333336,53.666666666666664,61.666666666666664,64.33333333333333,66.66666666666667,67.33333333333333,72.66666666666667,48.0,62.333333333333336,51.333333333333336,40.0,36.333333333333336,33.0,28.0,35.0,22.333333333333332,21.333333333333332,21.666666666666668
1217,54.0,61.0,64.0,66.0,74.0,81.0,77.0,80.0,86.0,85.0,89.0,91.0,88.0,95.0,98.0,98.0,98.0,98.0,98.0,97.0,98.0,97.0,95.0,92.0
1218,60.0,58.0,69.0,64.0,51.0,77.0,77.0,90.0,80.0,69.0,64.0,59.0,45.0,51.0,59.0,69.0,69.0,62.0,56.0,49.0,47.0,44.0,45.0,44.0
1219,94.0,100.0,100.0,100.0,100.0,100.0,100.0,100.0,100.0,100.0,100.0,100.0,100.0,100.0,100.0,74.0,75.0,66.0,59.0,56.0,70.0,70.0,89.0,94.0
1220,65.0,71.0,77.33333333333333,82.0,82.0,75.0,82.0,80.66666666666667,81.66666666666667,81.66666666666667,84.0,85.0,86.0,86.0,86.0,85.0,77.0,71.66666666666667,68.66666666666667,63.333333333333336,61.333333333333336,62.333333333333336,59.666666666666664,59.333333333333336
1221,81.0,80.33333333333333,84.0,87.33333333333333,91.0,91.0,95.0,97.0,99.0,98.0,99.0,100.0,98.66666666666667,90.66666666666667,79.33333333333333,73.33333333333333,67.33333333333333,63.666666666666664,58.333333333333336,60.0,58.0,63.0,63.666666666666664,71.0
1222,71.0,74.0,74.0,74.0,74.0,72.0,72.0,74.0,85.0,91.0,94.0,94.0,94.0,82.0,69.0,62.0,58.0,58.0,69.0,65.0,60.0,62.0,67.0,69.0
1223,73.0,76.0,81.0,84.0,84.0,87.0,87.0,87.0,87.0,90.0,90.0,93.0,93.0,93.0,93.0,96.0,96.0,90.0,81.0,84.0,76.0,71.0,73.0,73.0
1224,84.0,88.0,84.0,91.0,88.0,94.0,94.0,91.0,91.0,94.0,94.0,94.0,94.0,96.0,93.0,90.0,88.0,85.0,65.0,65.0,59.0,56.0,63.0,70.0
1225,38.0,52.0,69.0,78.0,83.0,88.0,83.0,88.0,83.0,88.0,88.0,94.0,94.0,89.0,74.0,66.0,59.0,49.0,39.0,39.0,37.0,37.0,46.0,49.0
1226,48.0,50.0,55.0,54.0,60.0,60.0,69.0,77.0,79.0,82.0,85.0,85.0,87.0,84.0,77.0,70.0,57.0,55.0,44.0,39.0,39.0,38.0,38.0,40.0
1227,46.0,53.0,71.0,76.0,79.0,81.0,87.0,87.0,90.0,90.0,90.0,90.0,96.0,97.0,95.33333333333333,97.0,97.0,93.0,93.0,93.0,93.0,93.0,90.0,87.0
1228,55.0,58.0,58.0,62.0,94.0,94.0,94.0,100.0,94.0,94.0,94.0,88.0,88.0,88.0,82.0,77.0,68.0,68.0,59.0,55.0,55.0,52.0,49.0,55.0
1229,76.0,85.0,85.0,89.0,91.0,87.0,89.0,87.0,92.0,93.0,94.0,95.0,97.0,90.0,84.0,77.0,71.0,65.0,58.0,51.0,49.0,46.0,49.0,58.0
1230,80.33333333333333,82.33333333333333,82.0,85.33333333333333,90.66666666666667,89.66666666666667,94.33333333333333,92.33333333333333,94.33333333333333,93.66666666666667,95.0,96.0,94.66666666666667,83.0,70.0,62.333333333333336,59.666666666666664,60.333333333333336,58.0,60.666666666666664,57.0,60.666666666666664,63.0,75.66666666666667
1231,63.0,69.0,72.0,76.0,82.0,84.0,88.0,90.0,90.0,90.0,94.0,94.0,90.0,82.0,71.0,67.0,59.0,55.0,51.0,48.0,48.0,50.0,50.0,55.0
1232,51.0,60.0,64.0,67.0,73.0,75.0,75.0,79.0,83.0,85.0,89.0,87.0,87.0,86.0,91.0,97.0,97.0,98.0,97.0,98.0,98.0,96.0,92.0,88.0
1233,62.0,74.0,83.0,88.0,88.0,88.0,88.0,94.0,88.0,88.0,88.0,88.0,94.0,83.0,70.0,66.0,59.0,66.0,66.0,66.0,58.0,66.0,70.0,66.0
1234,48.0,56.0,59.0,46.0,46.0,56.0,58.0,51.0,49.0,53.0,43.0,52.0,64.0,64.0,57.0,49.0,43.0,36.0,40.0,36.0,38.0,37.0,39.0,42.0
1235,74.0,78.33333333333333,84.33333333333333,86.0,85.66666666666667,85.0,87.0,86.66666666666667,86.66666666666667,86.66666666666667,86.66666666666667,86.66666666666667,86.66666666666667,85.66666666666667,83.33333333333333,80.0,74.66666666666667,69.66666666666667,68.33333333333333,64.0,60.666666666666664,57.666666666666664,58.0,60.0
1236,59.0,57.0,60.0,62.666666666666664,66.0,68.0,74.66666666666667,81.0,86.0,90.0,92.0,92.66666666666667,90.66666666666667,85.33333333333333,80.33333333333333,74.0,63.666666666666664,58.333333333333336,51.333333333333336,47.0,45.333333333333336,46.0,46.333333333333336,54.666666666666664
1237,19.0,23.0,28.0,31.0,43.0,49.0,63.0,67.0,72.0,54.0,51.0,58.0,62.0,62.0,66.0,62.0,59.0,49.0,46.0,36.0,30.0,32.0,41.0,53.0
1238,93.0,97.0,96.0,96.0,97.0,96.0,97.0,96.0,96.0,100.0,100.0,96.0,96.0,96.0,97.0,90.0,87.0,73.0,76.0,73.0,79.0,84.0,90.0,86.0
1239,65.66666666666667,83.33333333333333,85.33333333333333,95.0,97.66666666666667,97.0,97.0,96.66666666666667,96.33333333333333,97.66666666666667,97.66666666666667,96.33333333333333,96.33333333333333,97.0,97.33333333333333,92.66666666666667,88.66666666666667,76.33333333333333,74.66666666666667,83.33333333333333,83.0,86.33333333333333,89.33333333333333,91.66666666666667
1240,100.0,100.0,100.0,100.0,100.0,100.0,88.0,80.0,100.0,100.0,92.0,95.0,97.0,83.0,79.0,79.0,68.0,70.0,70.0,62.0,62.0,74.0,72.0,64.0
1241,100.0,100.0,100.0,96.66666666666667,98.66666666666667,98.66666666666667,100.0,100.0,100.0,100.0,100.0,92.0,95.0,90.66666666666667,86.66666666666667,86.0,72.33333333333333,72.33333333333333,72.0,70.66666666666667,63.333333333333336,64.33333333333333,71.0,66.0
1242,85.0,86.0,87.0,87.0,87.0,89.0,89.0,89.0,90.0,92.0,91.0,96.0,96.0,96.0,95.0,96.0,96.0,96.0,96.0,97.0,98.0,98.0,98.0,96.0
1243,57.333333333333336,63.333333333333336,65.33333333333333,68.0,66.0,66.66666666666667,67.33333333333333,68.66666666666667,83.0,87.33333333333333,87.33333333333333,84.66666666666667,87.33333333333333,79.0,75.66666666666667,71.66666666666667,71.0,62.0,56.333333333333336,54.0,51.0,53.0,56.0,60.0
1244,65.0,83.0,91.0,92.0,97.0,98.0,97.0,98.0,98.0,98.0,97.0,98.0,98.0,90.0,78.0,69.0,59.0,57.0,58.0,52.0,59.0,59.0,60.0,57.0
1245,92.33333333333333,92.33333333333333,90.66666666666667,93.66666666666667,93.33333333333333,93.0,93.0,94.0,94.0,94.66666666666667,95.33333333333333,96.66666666666667,96.33333333333333,95.0,89.66666666666667,84.66666666666667,78.33333333333333,75.33333333333333,75.33333333333333,73.33333333333333,74.33333333333333,73.66666666666667,77.33333333333333,84.66666666666667
1246,85.0,96.0,100.0,100.0,100.0,100.0,100.0,100.0,100.0,100.0,100.0,100.0,100.0,100.0,100.0,100.0,88.0,82.0,75.0,97.0,88.0,85.0,93.0,100.0
1247,12.0,12.0,13.0,16.0,22.0,27.0,28.0,28.0,32.0,34.0,36.0,46.0,56.0,61.0,56.0,49.0,37.0,27.0,19.0,15.0,12.0,9.0,9.0,9.0
1248,56.0,64.66666666666667,67.33333333333333,69.66666666666667,73.0,76.0,81.0,83.66666666666667,85.0,88.33333333333333,89.0,90.0,93.0,82.0,73.66666666666667,64.0,55.0,51.0,45.0,40.333333333333336,39.666666666666664,44.666666666666664,48.0,56.0
1249,80.0,81.66666666666667,78.33333333333333,80.0,81.66666666666667,83.0,85.66666666666667,88.66666666666667,90.0,90.33333333333333,89.33333333333333,88.33333333333333,87.66666666666667,85.0,78.33333333333333,68.66666666666667,60.333333333333336,55.0,46.666666666666664,44.0,40.333333333333336,38.666666666666664,40.0,42.0
1250,35.666666666666664,40.666666666666664,48.0,56.0,60.666666666666664,61.333333333333336,65.0,67.33333333333333,70.33333333333333,75.33333333333333,79.0,84.33333333333333,85.66666666666667,88.66666666666667,87.0,82.66666666666667,66.66666666666667,59.333333333333336,53.333333333333336,48.333333333333336,44.0,41.666666666666664,39.666666666666664,40.666666666666664
1251,64.66666666666667,71.33333333333333,76.33333333333333,80.33333333333333,77.0,80.33333333333333,88.33333333333333,82.33333333333333,83.0,84.66666666666667,87.33333333333333,92.33333333333333,95.66666666666667,84.0,75.66666666666667,70.33333333333333,55.666666666666664,50.666666666666664,46.0,42.666666666666664,43.0,40.0,41.333333333333336,46.666666666666664
1252,77.33333333333333,76.33333333333333,80.66666666666667,89.0,82.66666666666667,86.0,87.33333333333333,89.0,90.0,91.66666666666667,92.66666666666667,93.33333333333333,93.66666666666667,95.0,90.66666666666667,85.66666666666667,78.0,73.0,69.66666666666667,63.333333333333336,63.666666666666664,62.0,58.666666666666664,62.666666666666664
1253,33.0,43.0,49.0,59.0,60.0,60.0,62.0,67.0,72.0,69.0,66.0,57.0,55.0,51.0,59.0,45.0,33.0,20.0,21.0,21.0,19.0,18.0,20.0,24.0
1254,89.0,97.0,93.0,96.0,89.0,83.0,93.0,93.0,97.0,92.0,89.0,86.0,89.0,86.0,86.0,86.0,76.0,71.0,71.0,66.0,61.0,55.0,57.0,55.0
1255,100.0,100.0,100.0,100.0,100.0,100.0,100.0,100.0,100.0,100.0,100.0,100.0,100.0,100.0,98.0,100.0,98.0,100.0,100.0,100.0,100.0,96.0,78.0,73.0
1256,95.33333333333333,95.22222222222223,94.22222222222223,93.44444444444444,94.66666666666667,95.66666666666667,95.33333333333333,95.0,92.33333333333333,94.33333333333333,91.0,92.66666666666667,90.66666666666667,89.0,87.66666666666667,87.33333333333333,84.66666666666667,77.66666666666667,67.0,59.666666666666664,53.666666666666664,50.0,47.666666666666664,45.333333333333336
1257,100.0,93.0,93.0,93.0,93.0,93.0,93.0,87.0,93.0,93.0,93.0,87.0,87.0,93.0,87.0,87.0,87.0,70.0,66.0,62.0,47.0,41.0,41.0,44.0
1258,70.0,58.0,60.0,67.0,69.0,73.0,78.0,87.0,95.0,97.0,98.0,97.0,98.0,90.0,85.0,80.0,69.0,62.0,56.0,50.0,49.0,46.0,51.0,66.0
1259,94.0,96.0,97.0,98.0,99.0,97.0,91.0,84.0,82.0,78.0,74.0,74.0,76.0,69.0,61.0,66.0,64.0,64.0,78.0,56.0,49.0,48.0,43.0,57.0
1260,16.0,15.0,18.0,18.0,17.0,18.0,23.0,36.0,37.0,38.0,40.0,43.0,44.0,47.0,49.0,41.0,36.0,27.0,25.0,23.0,15.0,14.0,14.0,12.0
1261,79.0,79.0,88.0,88.0,90.0,94.0,91.0,91.0,91.0,91.0,91.0,94.0,94.0,94.0,90.0,84.0,77.0,72.0,67.0,63.0,63.0,65.0,74.0,82.0
1262,93.0,97.0,93.0,96.0,100.0,96.0,100.0,100.0,100.0,100.0,100.0,96.0,96.0,90.0,75.0,75.0,68.0,70.0,68.0,73.0,76.0,80.0,87.0,87.0
1263,69.0,61.0,70.0,74.0,78.0,88.0,88.0,94.0,94.0,94.0,100.0,94.0,100.0,94.0,79.0,74.0,66.0,55.0,46.0,52.0,43.0,38.0,41.0,49.0
1264,65.0,74.0,69.0,74.0,74.0,83.0,94.0,100.0,100.0,100.0,100.0,100.0,100.0,100.0,94.0,74.0,62.0,55.0,55.0,46.0,49.0,46.0,43.0,58.0
1265,53.0,58.0,58.0,55.0,56.0,65.0,69.0,76.0,81.0,79.0,71.0,76.0,82.0,74.0,67.0,63.0,63.0,56.0,52.0,70.0,88.0,67.0,54.0,55.0
1266,55.0,64.0,66.0,68.0,70.0,73.0,70.0,70.0,72.0,65.0,65.0,66.0,70.0,64.0,57.0,52.0,61.0,52.0,62.0,61.0,59.0,56.0,49.0,48.0
1267,50.0,53.0,60.0,64.0,67.0,65.0,66.0,64.0,66.0,66.0,66.0,66.0,74.0,87.0,79.0,62.0,69.0,62.0,52.0,48.0,48.0,43.0,50.0,53.0
1268,84.0,89.0,89.0,94.0,89.0,94.0,94.0,94.0,94.0,94.0,94.0,94.0,94.0,89.0,70.0,66.0,52.0,56.0,59.0,66.0,62.0,62.0,70.0,70.0
1269,62.0,70.0,74.0,100.0,100.0,100.0,100.0,94.0,100.0,94.0,100.0,100.0,94.0,88.0,82.0,82.0,82.0,77.0,77.0,72.0,76.0,67.0,67.0,67.0
1270,84.0,87.0,90.0,93.0,93.0,90.0,88.0,79.0,82.0,82.0,76.0,74.0,74.0,69.0,62.0,56.0,56.0,58.0,62.0,60.0,58.0,46.0,44.0,43.0
1271,65.0,79.0,85.0,91.0,79.0,79.0,82.0,82.0,77.0,76.0,79.0,76.0,76.0,74.0,65.0,58.0,57.0,57.0,65.0,60.0,74.0,49.0,45.0,52.0
1272,67.0,67.0,76.0,79.0,84.0,88.0,84.0,91.0,88.0,88.0,91.0,88.0,90.0,88.0,79.0,72.0,63.0,63.0,54.0,54.0,47.0,51.0,50.0,50.0
1273,23.0,23.0,30.0,40.0,36.0,38.0,32.0,33.0,40.0,42.0,46.0,47.0,56.0,51.0,44.0,52.333333333333336,21.0,16.0,16.0,15.0,15.0,14.0,14.0,14.0
1274,56.0,62.0,64.0,67.0,68.0,68.0,69.0,70.0,70.0,68.0,69.0,78.0,78.0,82.0,80.0,73.0,68.0,62.0,60.0,61.0,54.0,55.0,53.0,56.0
1275,74.0,84.0,84.0,84.0,89.0,89.0,94.0,94.0,94.0,94.0,94.0,94.0,94.0,94.0,94.0,79.0,84.0,79.0,66.0,63.0,84.0,89.0,89.0,94.0
1276,84.0,94.0,100.0,94.0,94.0,100.0,100.0,100.0,100.0,100.0,100.0,100.0,100.0,100.0,79.0,66.0,58.0,52.0,52.0,46.0,49.0,43.0,52.0,70.0
1277,88.0,87.0,64.0,64.0,69.0,73.0,93.0,90.0,92.0,92.0,92.0,90.0,90.0,87.0,74.0,69.0,69.0,63.0,62.0,60.0,60.0,60.0,60.0,56.0
1278,25.333333333333332,24.333333333333332,30.0,36.333333333333336,43.0,45.0,46.333333333333336,49.0,48.333333333333336,47.666666666666664,65.0,57.333333333333336,57.0,60.666666666666664,61.333333333333336,55.333333333333336,43.333333333333336,36.333333333333336,30.333333333333332,26.333333333333332,24.0,22.333333333333332,20.0,20.333333333333332
1279,32.0,36.0,42.0,43.0,45.0,50.0,50.0,54.0,56.0,62.0,69.0,77.0,77.0,80.0,76.0,74.0,66.0,60.0,56.0,47.0,40.0,36.0,36.0,34.0
1280,70.0,66.0,74.0,74.0,78.0,78.0,74.0,74.0,78.0,83.0,83.0,88.0,88.0,78.0,70.0,55.0,49.0,46.0,46.0,49.0,52.0,88.0,84.0,84.0
1281,76.0,76.0,79.0,79.0,76.0,81.0,81.0,81.0,81.0,81.0,84.0,84.0,82.0,73.0,66.0,71.0,79.0,82.0,71.0,71.0,76.0,79.0,79.0,82.0
1282,71.0,71.0,81.0,90.0,90.0,93.0,93.0,90.0,93.0,93.0,93.0,93.0,93.0,90.0,93.0,78.0,63.0,43.0,28.0,33.0,34.0,30.0,28.0,31.0
1283,63.0,69.0,74.0,74.0,74.0,74.0,82.0,79.0,77.0,100.0,97.0,90.0,90.0,93.0,96.0,84.0,64.0,58.0,46.0,47.0,55.0,63.0,66.0,68.0
1284,84.66666666666667,84.0,85.0,86.66666666666667,86.66666666666667,88.33333333333333,89.33333333333333,86.8888888888889,89.33333333333333,89.66666666666667,90.66666666666667,92.66666666666667,84.66666666666667,85.66666666666667,83.0,84.66666666666667,88.33333333333333,89.33333333333333,83.0,84.0,85.0,87.0,85.66666666666667,88.33333333333333
1285,76.0,80.33333333333333,85.0,89.33333333333333,91.0,91.66666666666667,92.66666666666667,93.33333333333333,93.66666666666667,96.0,96.33333333333333,96.66666666666667,95.0,90.66666666666667,83.0,82.66666666666667,66.33333333333333,59.666666666666664,58.0,75.0,80.66666666666667,93.0,91.33333333333333,90.0
1286,53.0,56.0,63.0,72.0,79.0,85.0,88.0,88.0,90.0,90.0,94.0,94.0,94.0,84.0,79.0,70.0,59.0,55.0,49.0,45.0,47.0,45.0,47.0,54.0
1287,62.0,78.0,78.0,83.0,78.0,83.0,88.0,78.0,83.0,83.0,88.0,94.0,100.0,88.0,74.0,74.0,55.0,49.0,46.0,41.0,43.0,41.0,38.0,43.0
1288,94.0,94.0,100.0,100.0,100.0,94.0,94.0,94.0,94.0,88.0,94.0,88.0,88.0,94.0,82.0,77.0,67.0,63.0,59.0,55.0,52.0,55.0,55.0,59.0
1289,57.0,63.0,66.0,69.0,66.0,69.0,72.0,72.0,73.0,75.0,77.0,77.0,76.0,99.0,100.0,98.0,84.0,70.0,65.0,58.0,53.0,47.0,52.0,54.0
1290,50.0,51.0,55.0,57.0,57.0,58.0,58.0,62.0,60.0,58.0,66.0,62.0,68.0,68.0,71.0,71.0,55.0,50.0,51.0,50.0,48.0,46.0,46.0,47.0
1291,66.0,70.0,74.0,74.0,89.0,89.0,94.0,94.0,100.0,94.0,100.0,94.0,100.0,94.0,79.0,74.0,66.0,59.0,55.0,66.0,59.0,59.0,79.0,79.0
1292,68.0,81.0,84.0,95.0,96.0,95.0,95.0,95.0,95.0,95.0,95.0,95.0,95.0,95.0,95.0,91.0,71.0,64.0,57.0,95.0,95.0,95.0,95.0,95.0
1293,96.0,98.0,96.0,96.0,95.0,97.0,98.0,98.0,98.0,93.0,93.0,90.0,91.0,89.0,91.0,83.0,77.0,81.0,65.33333333333333,60.666666666666664,66.0,68.66666666666667,75.33333333333333,74.66666666666667
1294,94.0,94.0,94.0,94.0,100.0,94.0,100.0,93.0,100.0,93.0,93.0,93.0,93.0,93.0,87.0,93.0,76.0,66.0,58.0,58.0,47.0,51.0,39.0,41.0
1295,54.0,59.0,63.0,67.0,72.0,74.0,77.0,82.0,82.0,82.0,85.0,90.0,90.0,90.0,87.0,80.0,77.0,66.0,58.0,57.0,72.0,85.0,88.0,90.0
1296,79.0,77.0,71.0,76.0,79.0,82.0,79.0,79.0,82.0,84.0,85.0,88.0,88.0,88.0,88.0,79.0,88.0,79.0,72.0,85.0,74.0,88.0,96.0,94.0
1297,65.0,65.0,77.0,79.0,82.0,87.0,85.0,90.0,90.0,88.0,85.0,88.0,85.0,79.0,77.0,72.0,70.0,70.0,68.0,84.0,77.0,72.0,72.0,79.0
1298,15.0,22.0,22.0,31.0,31.0,35.0,38.0,38.0,38.0,35.0,37.0,40.0,37.0,37.0,37.0,33.0,25.0,15.0,15.0,13.0,13.0,11.0,11.0,11.0
1299,56.0,88.0,88.0,83.0,86.0,91.0,94.0,93.0,91.0,91.0,94.0,96.0,96.0,98.0,98.0,98.0,99.0,99.0,98.0,97.0,97.0,97.0,94.0,93.0
1300,42.0,47.0,66.0,76.0,84.0,87.0,84.0,81.0,84.0,87.0,93.0,90.0,97.0,93.0,96.0,84.0,66.0,50.0,44.0,30.0,30.0,21.0,18.0,20.0
1301,84.0,84.0,89.0,90.0,88.0,80.0,74.0,74.0,74.0,74.0,71.0,68.0,64.0,62.0,58.0,54.0,52.0,50.0,58.0,58.0,49.0,45.0,43.0,43.0
1302,76.0,81.0,84.0,84.0,87.0,87.0,93.0,93.0,93.0,93.0,93.0,90.0,90.0,87.0,79.0,74.0,67.0,64.0,58.0,59.0,60.0,58.0,64.0,69.0
1303,72.0,79.0,79.0,86.0,89.0,89.0,92.0,89.0,90.0,95.0,97.0,96.0,97.0,97.0,89.0,94.0,96.0,96.0,96.0,96.0,92.0,77.0,67.0,61.0
1304,74.0,88.0,94.0,88.0,83.0,88.0,88.0,88.0,88.0,88.0,88.0,83.0,83.0,74.0,65.0,74.0,78.0,69.0,62.0,59.0,62.0,59.0,66.0,88.0
1305,83.0,83.0,82.0,82.0,88.0,82.0,82.0,88.0,82.0,82.0,82.0,76.0,82.0,81.0,76.0,81.0,71.0,72.0,66.0,62.0,58.0,54.0,51.0,50.0
1306,28.0,32.0,33.0,33.0,36.0,40.0,51.0,51.0,51.0,54.0,58.0,58.0,58.0,58.0,58.0,54.0,49.0,48.0,45.0,41.0,34.0,29.0,21.0,19.0
1307,15.666666666666666,16.333333333333332,25.666666666666668,30.333333333333332,39.666666666666664,44.666666666666664,46.666666666666664,57.0,61.0,62.0,65.33333333333333,68.0,65.66666666666667,74.33333333333333,75.0,65.0,47.666666666666664,37.333333333333336,30.333333333333332,26.333333333333332,21.666666666666668,17.666666666666668,14.666666666666666,14.0
1308,96.0,96.0,100.0,94.0,90.0,90.0,87.0,94.0,90.0,94.0,97.0,97.0,100.0,96.0,90.0,85.0,77.0,70.0,68.0,65.0,72.0,94.0,96.0,96.0
1309,9.0,9.0,12.0,16.0,20.0,20.0,23.0,41.0,39.333333333333336,43.0,44.0,44.0,36.0,35.0,34.0,23.0,18.0,13.0,11.0,10.0,10.0,9.0,8.0,8.0
1310,81.0,81.0,84.0,90.0,90.0,90.0,90.0,90.0,93.0,90.0,90.0,90.0,87.0,87.0,84.0,81.0,79.0,76.0,76.0,75.0,78.0,84.0,84.0,87.0
1311,100.0,100.0,100.0,100.0,100.0,100.0,100.0,100.0,100.0,100.0,100.0,100.0,100.0,100.0,100.0,100.0,100.0,100.0,72.0,58.0,48.0,45.0,42.0,42.0
1312,10.666666666666666,11.333333333333334,16.333333333333332,20.333333333333332,23.666666666666668,30.666666666666668,28.333333333333332,28.333333333333332,35.0,35.666666666666664,34.0,36.0,36.666666666666664,41.333333333333336,42.666666666666664,29.0,23.0,16.333333333333332,13.666666666666666,12.666666666666666,11.0,9.666666666666666,9.333333333333334,9.333333333333334
1313,80.0,88.0,91.0,89.0,84.0,86.0,90.0,94.0,95.0,100.0,88.66666666666667,100.0,91.33333333333333,87.33333333333333,99.0,81.0,73.0,65.0,58.0,54.0,50.0,48.0,49.0,57.0
1314,70.0,79.0,84.0,89.0,94.0,94.0,94.0,100.0,100.0,100.0,94.0,100.0,94.0,88.0,74.0,70.0,62.0,49.0,49.0,49.0,49.0,55.0,62.0,70.0
1315,81.0,84.0,87.0,84.0,87.0,90.0,90.0,93.0,90.0,90.0,90.0,90.0,93.0,90.0,87.0,81.0,81.0,73.0,76.0,73.0,73.0,79.0,76.0,82.0
1316,61.0,72.0,76.0,74.0,71.0,74.0,74.0,76.0,82.0,82.0,84.0,84.0,88.0,84.0,72.0,70.0,66.0,62.0,53.666666666666664,72.0,72.0,74.0,63.0,72.0
1317,94.0,94.0,88.0,88.0,94.0,94.0,94.0,88.0,94.0,94.0,94.0,94.0,88.0,88.0,76.0,76.0,76.0,82.0,71.0,62.0,55.0,55.0,55.0,55.0
1318,92.0,92.0,91.0,92.0,93.0,92.0,90.0,90.0,91.0,91.0,89.0,89.0,89.0,89.0,84.0,81.0,78.0,73.0,71.0,63.0,63.0,61.0,59.0,64.0
1319,62.0,63.333333333333336,71.0,74.33333333333333,77.33333333333333,80.33333333333333,78.0,81.0,83.33333333333333,84.0,87.66666666666667,89.0,88.0,86.0,73.66666666666667,67.33333333333333,58.0,54.333333333333336,49.666666666666664,43.333333333333336,40.0,41.0,41.0,48.0
1320,57.0,60.666666666666664,66.0,84.33333333333333,92.0,96.0,96.33333333333333,96.0,96.66666666666667,96.66666666666667,96.66666666666667,96.33333333333333,96.33333333333333,95.33333333333333,93.0,84.66666666666667,74.66666666666667,72.33333333333333,72.0,68.66666666666667,76.33333333333333,84.66666666666667,87.66666666666667,93.0
1321,30.333333333333332,42.666666666666664,65.66666666666667,67.66666666666667,74.66666666666667,49.0,81.33333333333333,81.33333333333333,85.0,73.0,60.0,63.666666666666664,69.33333333333333,72.66666666666667,62.0,78.0,76.33333333333333,45.0,41.0,55.0,30.0,60.0,62.333333333333336,60.666666666666664
1322,75.0,78.0,79.0,89.0,97.0,98.0,97.0,97.0,94.0,93.0,94.0,93.0,93.0,96.0,86.0,70.0,60.0,60.0,55.0,57.0,51.0,48.0,49.0,60.0
1323,64.66666666666667,71.33333333333333,76.66666666666667,78.0,79.0,79.33333333333333,82.66666666666667,85.33333333333333,88.0,90.33333333333333,92.33333333333333,95.0,94.0,93.66666666666667,94.66666666666667,92.66666666666667,88.66666666666667,88.33333333333333,79.33333333333333,76.0,70.0,71.0,75.33333333333333,81.0
1324,47.0,49.0,50.0,58.0,63.0,66.0,72.0,76.0,68.0,83.0,85.0,85.0,87.0,87.0,80.0,65.0,46.0,39.0,25.0,14.0,13.0,14.0,15.0,16.0
1325,84.0,87.0,90.0,81.0,78.0,75.0,81.0,83.0,86.0,86.0,86.0,83.0,86.0,83.0,74.0,64.0,53.0,46.0,45.0,38.0,40.0,40.0,40.0,43.0
1326,93.0,93.0,93.0,93.0,93.0,93.0,90.0,87.0,81.0,84.0,93.0,90.0,83.0,80.0,80.0,80.0,80.0,74.0,66.0,66.0,59.0,61.0,55.0,55.0
1327,56.0,63.0,73.0,77.0,82.0,84.0,85.0,85.0,86.0,88.0,90.0,90.0,90.0,92.0,90.0,76.0,63.0,57.0,51.0,51.0,44.0,42.0,47.0,48.0
1328,49.0,94.0,94.0,94.0,94.0,94.0,94.0,88.0,88.0,88.0,88.0,88.0,82.0,82.0,67.0,67.0,67.0,59.0,59.0,55.0,55.0,63.0,62.0,62.0
1329,76.0,82.0,82.0,88.0,88.0,88.0,91.0,88.0,91.0,91.0,94.0,91.0,91.0,85.0,79.0,70.0,63.0,58.0,54.0,54.0,52.0,74.0,79.0,74.0
1330,66.66666666666667,65.66666666666667,69.0,68.33333333333333,67.33333333333333,71.66666666666667,72.0,67.0,64.33333333333333,76.0,70.66666666666667,74.66666666666667,83.33333333333333,85.33333333333333,79.66666666666667,72.66666666666667,64.0,60.333333333333336,58.0,55.666666666666664,52.666666666666664,49.666666666666664,49.333333333333336,49.666666666666664
1331,83.0,88.0,88.0,88.0,88.0,88.0,94.0,94.0,94.0,94.0,94.0,94.0,94.0,100.0,100.0,100.0,100.0,94.0,89.0,79.0,79.0,79.0,89.0,94.0
1332,100.0,100.0,100.0,100.0,100.0,100.0,100.0,100.0,100.0,100.0,100.0,100.0,100.0,100.0,100.0,100.0,94.0,79.0,79.0,84.0,79.0,70.0,66.0,66.0
1333,86.66666666666667,89.66666666666667,90.0,95.66666666666667,94.33333333333333,98.0,99.66666666666667,99.66666666666667,98.0,100.0,100.0,100.0,95.66666666666667,89.33333333333333,75.66666666666667,65.66666666666667,61.666666666666664,59.666666666666664,57.666666666666664,57.666666666666664,58.666666666666664,58.666666666666664,67.66666666666667,80.66666666666667
1334,69.33333333333333,68.33333333333333,74.0,78.0,78.0,83.0,83.0,83.0,88.0,88.0,83.0,83.0,78.0,69.0,65.0,58.0,55.0,55.0,62.0,55.0,62.0,62.0,65.0,65.0
1335,72.66666666666667,81.66666666666667,82.66666666666667,85.66666666666667,90.0,93.33333333333333,96.0,96.33333333333333,95.33333333333333,95.33333333333333,96.0,95.66666666666667,96.33333333333333,90.66666666666667,82.66666666666667,76.33333333333333,67.33333333333333,62.0,56.0,53.0,48.0,54.666666666666664,57.0,63.333333333333336
1336,10.0,11.0,28.0,34.0,33.0,46.0,45.0,55.0,63.0,58.0,67.0,63.0,62.0,72.0,71.0,63.0,52.0,41.0,32.0,26.0,21.0,16.0,13.0,15.0
1337,88.33333333333333,90.0,93.33333333333333,90.0,90.0,89.0,88.66666666666667,88.66666666666667,87.66666666666667,86.66666666666667,86.0,85.66666666666667,85.33333333333333,86.0,88.33333333333333,86.0,86.0,84.0,86.33333333333333,83.33333333333333,83.33333333333333,85.33333333333333,83.33333333333333,86.0
1338,8.0,11.0,18.0,29.0,30.0,26.0,28.0,30.0,33.0,36.0,37.0,37.0,41.0,40.0,39.0,26.0,22.0,18.0,14.0,9.0,8.0,7.0,6.0,7.0
1339,63.0,74.0,71.0,79.0,79.0,79.0,85.0,85.0,79.0,79.0,88.0,88.0,82.0,82.0,77.0,79.0,76.0,72.0,70.0,68.0,65.0,63.0,63.0,68.0
1340,66.66666666666667,65.66666666666667,69.0,68.33333333333333,67.33333333333333,71.66666666666667,72.0,67.0,64.33333333333333,76.0,70.66666666666667,74.66666666666667,83.33333333333333,85.33333333333333,79.66666666666667,72.66666666666667,64.0,60.333333333333336,58.0,55.666666666666664,52.666666666666664,49.666666666666664,49.333333333333336,49.666666666666664
1341,98.0,97.0,97.0,100.0,100.0,100.0,100.0,93.0,92.0,92.0,91.0,91.0,90.0,90.0,93.0,99.0,99.0,97.0,99.0,97.0,94.0,93.0,94.0,93.0
1342,57.0,60.0,61.0,66.0,68.0,68.0,70.0,74.0,93.0,94.0,95.0,92.0,92.0,84.0,78.0,68.0,65.0,60.0,59.0,53.0,55.0,53.0,57.0,58.0
1343,9.0,10.0,10.0,15.0,23.0,28.0,30.0,32.0,36.0,41.0,40.0,43.0,49.0,49.0,46.0,36.0,28.0,22.0,16.0,13.0,12.0,10.0,9.0,11.0
1344,76.0,82.0,80.0,84.0,90.0,94.0,96.0,95.0,95.0,98.0,98.0,94.0,98.0,92.0,78.0,71.0,66.0,64.66666666666667,80.0,74.33333333333333,72.33333333333333,69.0,69.66666666666667,74.0
1345,100.0,100.0,100.0,100.0,100.0,100.0,100.0,99.0,98.0,99.0,95.0,99.0,95.0,89.0,97.0,80.0,71.0,88.0,94.0,81.0,79.0,86.0,75.0,71.0
1346,82.33333333333333,85.66666666666667,87.66666666666667,89.33333333333333,93.33333333333333,92.33333333333333,91.66666666666667,92.33333333333333,93.66666666666667,95.66666666666667,95.0,95.66666666666667,97.0,89.33333333333333,78.0,67.33333333333333,59.666666666666664,56.666666666666664,50.666666666666664,51.666666666666664,51.0,52.666666666666664,54.666666666666664,63.666666666666664
1347,57.0,66.0,62.0,62.0,62.0,62.0,74.0,71.0,76.0,79.0,81.0,82.0,82.0,74.0,65.0,59.0,57.0,50.0,52.0,45.0,55.0,50.0,55.0,65.0
1348,9.0,10.0,10.0,15.0,44.0,67.0,74.0,73.0,69.0,74.0,81.0,82.0,71.0,67.0,66.0,52.0,43.0,38.0,32.0,28.0,26.0,25.0,24.0,23.0
1349,88.0,94.0,82.33333333333333,73.33333333333333,74.0,74.0,73.0,73.0,74.0,69.66666666666667,68.33333333333333,74.0,65.0,88.0,88.0,83.0,78.0,74.0,61.0,61.0,57.0,54.0,53.0,60.0
1350,70.0,77.0,85.0,79.0,79.0,84.0,79.0,74.0,69.0,66.0,66.0,69.0,69.0,69.0,69.0,74.0,72.0,63.0,71.0,74.0,65.0,63.0,63.0,69.0
1351,33.0,35.0,42.0,58.666666666666664,58.333333333333336,55.666666666666664,60.0,61.333333333333336,67.0,69.66666666666667,70.66666666666667,75.66666666666667,76.33333333333333,79.33333333333333,73.0,58.0,51.333333333333336,37.666666666666664,27.666666666666668,25.333333333333332,23.666666666666668,21.0,24.0,26.0
1352,57.0,63.0,69.0,72.0,72.0,79.0,76.0,79.0,82.0,85.0,88.0,85.0,91.0,88.0,88.0,84.0,82.0,77.0,65.0,61.0,65.0,63.0,72.0,74.0
1353,86.33333333333333,89.0,91.0,89.0,90.33333333333333,91.33333333333333,92.0,92.0,94.0,94.66666666666667,94.66666666666667,96.66666666666667,96.33333333333333,96.66666666666667,93.66666666666667,86.66666666666667,71.0,69.66666666666667,66.33333333333333,64.66666666666667,75.66666666666667,75.0,85.0,84.0
1354,52.0,65.0,82.0,82.0,91.0,91.0,94.0,100.0,97.0,100.0,100.0,100.0,100.0,100.0,90.0,80.0,66.0,59.0,62.0,58.0,54.0,48.0,47.0,52.0
1355,46.0,52.0,74.0,79.0,78.0,86.0,86.0,92.0,92.0,91.0,91.0,97.0,95.0,93.0,96.0,96.0,92.0,95.0,94.0,93.0,93.0,93.0,89.0,83.0
1356,84.0,90.0,90.0,90.0,87.0,81.0,87.0,78.0,81.0,81.0,81.0,78.0,82.0,82.0,78.0,79.0,79.0,76.0,76.0,74.0,74.0,74.0,76.0,79.0
1357,39.0,45.0,50.0,54.0,55.0,60.0,62.0,66.0,69.0,71.0,80.0,83.0,80.0,82.0,85.0,77.0,72.0,62.0,58.0,51.0,47.0,46.0,38.0,33.0
1358,78.0,81.0,84.0,87.0,87.0,90.0,87.0,90.0,90.0,90.0,87.0,90.0,87.0,84.0,84.0,82.0,77.0,76.0,69.0,71.0,65.0,60.0,62.0,67.0
1359,11.0,14.0,17.0,23.0,26.0,26.0,31.0,48.0,47.0,44.0,43.0,43.0,40.0,40.0,40.0,33.0,16.0,14.0,11.0,9.0,8.0,8.0,9.0,9.0
1360,55.0,60.0,62.0,65.0,66.0,69.0,90.0,90.0,93.0,90.0,90.0,90.0,90.0,84.0,70.0,58.0,59.0,61.0,63.0,61.0,58.0,61.0,65.0,65.0
1361,65.33333333333333,70.0,75.0,77.33333333333333,79.66666666666667,77.33333333333333,77.66666666666667,78.66666666666667,77.66666666666667,78.33333333333333,80.0,80.0,80.66666666666667,83.66666666666667,86.33333333333333,81.0,74.33333333333333,70.33333333333333,65.33333333333333,63.0,62.333333333333336,58.666666666666664,54.333333333333336,55.0
1362,85.33333333333333,88.0,87.0,88.0,94.0,94.0,90.66666666666667,92.33333333333333,94.0,95.0,100.0,97.0,100.0,88.0,83.66666666666667,75.66666666666667,66.66666666666667,66.0,62.0,62.0,62.0,62.0,66.0,83.0
1363,70.0,73.0,72.0,74.0,75.0,85.0,82.0,85.0,81.0,81.0,81.0,83.0,78.0,97.0,99.0,98.0,94.0,86.0,73.0,68.0,66.0,67.0,65.0,58.0
1364,82.0,74.0,70.0,65.0,63.0,61.0,63.0,63.0,65.0,67.0,79.0,84.0,79.0,81.0,87.0,71.0,68.0,64.0,59.0,59.0,56.0,55.0,54.0,60.0
1365,74.0,83.0,78.0,83.0,83.0,88.0,88.0,94.0,100.0,100.0,100.0,100.0,100.0,100.0,94.0,79.0,70.0,66.0,55.0,55.0,49.0,52.0,52.0,70.0
1366,59.0,62.0,62.0,66.0,70.0,74.0,79.0,74.0,88.0,83.0,88.0,83.0,88.0,88.0,78.0,73.0,68.0,68.0,60.0,60.0,60.0,56.0,56.0,56.0
1367,52.666666666666664,58.666666666666664,64.33333333333333,66.33333333333333,72.0,92.66666666666667,98.0,98.0,99.0,99.0,96.33333333333333,95.33333333333333,98.66666666666667,95.0,88.0,74.33333333333333,68.66666666666667,66.66666666666667,63.666666666666664,66.0,64.33333333333333,64.0,66.0,69.0
1368,69.0,76.0,79.0,79.0,79.0,82.0,87.0,91.0,94.0,94.0,93.0,93.0,94.0,91.0,82.0,69.0,67.0,59.0,53.0,53.0,46.0,48.0,50.0,58.0
1369,87.0,88.0,89.0,89.0,88.0,88.0,90.0,90.0,90.0,90.0,90.0,90.0,88.0,88.0,88.0,86.0,82.0,80.0,78.0,76.0,76.0,76.0,75.0,80.0
1370,77.0,82.0,90.0,96.0,100.0,100.0,100.0,100.0,100.0,100.0,100.0,100.0,100.0,100.0,90.0,75.0,72.0,59.0,88.0,56.0,53.0,54.0,74.0,96.0
1371,96.0,96.0,93.0,96.0,90.0,93.0,90.0,87.0,86.0,89.0,90.0,83.0,83.0,80.0,74.0,77.0,77.0,71.0,64.0,74.0,68.0,69.0,66.0,69.0
1372,100.0,100.0,100.0,100.0,94.0,74.0,70.0,70.0,78.0,94.0,88.0,94.0,94.0,88.0,83.0,73.0,68.0,64.0,68.0,63.0,63.0,59.0,59.0,63.0
1373,79.66666666666667,82.66666666666667,85.0,88.0,88.0,88.66666666666667,92.66666666666667,96.66666666666667,96.0,98.0,98.0,100.0,98.66666666666667,91.66666666666667,78.33333333333333,67.66666666666667,62.0,63.333333333333336,62.333333333333336,60.666666666666664,60.666666666666664,61.666666666666664,65.66666666666667,74.66666666666667
1374,94.0,94.0,94.0,94.0,88.0,94.0,88.0,87.0,93.0,93.0,93.0,87.0,81.0,81.0,81.0,76.0,71.0,62.0,54.0,48.0,41.0,36.0,39.333333333333336,41.0
1375,86.66666666666667,84.0,86.66666666666667,94.66666666666667,96.33333333333333,95.33333333333333,95.0,97.0,97.33333333333333,96.66666666666667,95.33333333333333,95.0,97.0,97.33333333333333,96.66666666666667,92.0,86.66666666666667,89.0,86.33333333333333,84.0,79.33333333333333,77.66666666666667,75.66666666666667,78.33333333333333
1376,74.0,82.0,88.0,61.0,63.0,67.0,77.0,79.0,82.0,84.0,88.0,90.0,94.0,82.0,77.0,70.0,58.0,51.0,45.0,39.0,36.0,39.0,40.0,45.0
1377,23.0,28.0,38.0,35.0,42.0,53.0,66.0,65.0,71.0,76.0,76.0,79.0,70.0,70.0,76.0,59.0,42.0,30.0,27.0,25.0,22.0,18.0,18.0,17.0
1378,81.66666666666667,83.33333333333333,85.33333333333333,88.0,87.33333333333333,87.0,90.66666666666667,89.66666666666667,87.66666666666667,89.66666666666667,91.0,86.0,89.66666666666667,80.33333333333333,70.0,69.33333333333333,62.666666666666664,59.0,60.0,69.33333333333333,66.0,68.0,71.33333333333333,74.33333333333333
1379,97.0,97.0,97.0,97.0,97.0,97.0,97.0,97.0,98.0,96.0,97.0,94.0,94.0,87.0,91.0,88.0,86.0,83.0,71.0,66.0,59.0,54.0,59.0,51.0
1380,17.0,25.0,26.0,26.0,88.0,100.0,99.0,100.0,100.0,100.0,100.0,100.0,94.0,88.0,72.0,52.0,45.0,36.0,36.0,30.0,26.0,24.0,24.0,26.0
1381,14.0,15.0,19.0,19.0,22.0,22.0,24.0,21.0,26.0,26.0,25.0,24.0,17.0,21.0,21.0,18.0,15.0,10.0,10.0,10.0,11.0,10.0,10.0,10.0
1382,96.0,100.0,100.0,96.0,100.0,100.0,100.0,100.0,100.0,100.0,100.0,100.0,93.0,70.0,68.0,66.0,66.0,70.0,66.0,68.0,70.0,75.0,84.0,87.0
1383,55.0,60.0,67.0,71.0,84.0,97.0,97.0,97.0,97.0,97.0,93.0,93.0,96.0,93.0,84.0,72.0,70.0,72.0,65.0,65.0,65.0,65.0,63.0,70.0
1384,82.0,81.0,84.0,84.0,93.0,96.0,96.0,97.0,100.0,100.0,100.0,100.0,93.0,90.0,81.0,74.0,69.0,67.0,58.0,64.0,60.0,58.0,67.0,76.0
1385,97.0,100.0,100.0,100.0,100.0,100.0,100.0,100.0,100.0,100.0,100.0,100.0,100.0,100.0,99.0,83.0,72.0,67.0,63.0,61.0,61.0,65.0,72.0,87.0
1386,63.0,65.0,72.0,72.0,69.0,72.0,74.0,71.0,69.0,71.0,76.0,74.0,76.0,71.0,67.0,67.0,62.0,65.0,69.0,67.0,62.0,58.0,58.0,58.0
1387,70.0,73.66666666666667,75.0,80.66666666666667,88.0,87.0,91.33333333333333,92.66666666666667,92.33333333333333,91.33333333333333,94.33333333333333,96.33333333333333,94.0,81.0,71.66666666666667,68.66666666666667,60.666666666666664,60.333333333333336,59.333333333333336,58.0,57.333333333333336,57.333333333333336,61.666666666666664,76.33333333333333
1388,86.0,88.0,86.0,87.0,87.0,88.0,89.0,93.0,99.0,100.0,100.0,100.0,100.0,100.0,100.0,100.0,99.0,95.0,76.0,74.0,70.0,71.0,76.0,84.0
1389,63.0,66.0,74.0,73.0,78.0,85.0,92.0,99.0,99.0,100.0,100.0,100.0,100.0,93.0,81.0,70.0,68.0,62.0,52.0,48.0,42.0,46.0,46.0,60.0
1390,94.0,94.0,95.0,96.0,95.0,92.0,93.0,93.0,92.0,92.0,91.0,88.0,84.0,74.0,76.0,71.0,64.0,55.0,52.0,56.0,56.0,53.0,60.0,57.0
1391,47.666666666666664,54.333333333333336,58.333333333333336,59.333333333333336,64.66666666666667,76.0,84.33333333333333,90.33333333333333,93.0,96.66666666666667,96.66666666666667,93.33333333333333,89.33333333333333,84.0,75.66666666666667,69.66666666666667,65.66666666666667,59.0,56.333333333333336,55.0,55.666666666666664,53.333333333333336,56.666666666666664,58.333333333333336
1392,54.0,61.666666666666664,74.33333333333333,74.66666666666667,79.66666666666667,83.66666666666667,87.66666666666667,87.66666666666667,87.33333333333333,86.33333333333333,90.0,92.66666666666667,94.66666666666667,95.0,94.66666666666667,90.0,90.0,78.66666666666667,85.66666666666667,75.66666666666667,84.0,83.66666666666667,83.33333333333333,87.0
1393,59.0,79.0,81.0,83.0,82.0,83.0,84.0,88.0,91.0,92.0,94.0,95.0,96.0,96.0,97.0,97.0,98.0,98.0,98.0,98.0,97.0,95.0,90.0,90.0
1394,71.0,82.33333333333333,86.66666666666667,87.33333333333333,90.66666666666667,91.33333333333333,92.66666666666667,92.66666666666667,93.66666666666667,94.66666666666667,94.66666666666667,95.0,95.33333333333333,94.66666666666667,91.66666666666667,88.66666666666667,82.33333333333333,75.33333333333333,75.66666666666667,77.0,82.0,88.66666666666667,92.33333333333333,93.0
1395,94.0,94.0,100.0,100.0,89.0,89.0,89.0,94.0,94.0,94.0,100.0,100.0,100.0,94.0,94.0,84.0,84.0,79.0,79.0,59.0,74.0,89.0,70.0,79.0
1396,74.33333333333333,73.66666666666667,75.0,73.33333333333333,75.0,73.33333333333333,77.33333333333333,76.66666666666667,79.66666666666667,86.0,84.66666666666667,90.0,83.33333333333333,72.66666666666667,76.33333333333333,70.0,63.333333333333336,64.0,61.666666666666664,60.333333333333336,65.66666666666667,67.0,70.0,70.66666666666667
1397,62.0,89.0,98.0,96.0,96.0,95.0,96.0,97.0,96.0,100.0,100.0,100.0,100.0,100.0,98.0,94.0,85.0,89.0,95.0,94.0,98.0,84.0,79.0,75.0
1398,69.0,73.0,78.33333333333333,79.33333333333333,82.33333333333333,82.66666666666667,81.0,79.33333333333333,81.0,84.0,89.0,89.66666666666667,92.0,90.33333333333333,92.33333333333333,84.66666666666667,81.66666666666667,77.33333333333333,73.0,72.33333333333333,67.33333333333333,65.33333333333333,64.0,66.66666666666667
1399,78.0,79.0,83.0,84.0,90.0,87.0,86.0,86.0,92.0,94.0,93.0,95.0,93.0,75.0,76.0,74.0,70.0,58.0,63.0,62.0,62.0,62.0,65.0,75.0
1400,72.0,79.0,82.0,82.0,79.0,82.0,79.0,76.0,71.66666666666667,84.0,84.0,84.0,94.0,96.0,97.0,94.0,84.0,71.0,77.0,77.0,74.0,74.0,69.0,74.0
1401,74.0,79.0,79.0,82.0,84.0,85.0,91.0,90.0,90.0,87.0,90.0,93.0,90.0,81.0,69.0,66.0,60.0,60.0,58.0,58.0,58.0,58.0,57.0,64.0
1402,91.22222222222223,92.8888888888889,93.44444444444444,89.66666666666667,94.66666666666667,93.66666666666667,91.66666666666667,91.66666666666667,89.33333333333333,94.66666666666667,95.33333333333333,93.33333333333333,84.0,94.0,86.0,82.0,75.0,71.66666666666667,73.33333333333333,73.0,67.0,64.0,59.666666666666664,60.666666666666664
1403,9.0,11.0,16.0,17.0,24.0,25.333333333333332,28.666666666666668,34.0,39.0,17.0,39.333333333333336,38.333333333333336,35.333333333333336,36.666666666666664,17.0,13.0,11.0,12.0,10.0,9.0,8.0,7.0,7.0,8.0
1404,19.333333333333332,20.666666666666668,28.666666666666668,33.333333333333336,38.0,40.333333333333336,49.0,49.666666666666664,52.666666666666664,47.666666666666664,51.333333333333336,55.0,51.0,57.666666666666664,56.333333333333336,45.666666666666664,34.666666666666664,29.333333333333332,25.666666666666668,23.333333333333332,20.333333333333332,18.0,15.333333333333334,15.333333333333334
1405,82.0,84.0,84.0,90.0,93.0,90.0,87.0,87.0,90.0,96.0,93.0,93.0,93.0,90.0,90.0,83.0,74.0,66.0,63.0,65.0,72.0,69.0,72.0,82.0
1406,93.0,93.0,93.0,93.0,93.0,87.0,84.0,84.0,90.0,90.0,86.0,83.0,83.0,83.0,86.0,71.0,69.0,71.0,69.0,64.0,57.0,55.0,53.0,51.0
1407,32.666666666666664,35.333333333333336,40.666666666666664,49.666666666666664,52.333333333333336,54.333333333333336,59.0,63.333333333333336,65.0,69.0,74.0,77.0,76.66666666666667,79.66666666666667,82.33333333333333,75.33333333333333,65.33333333333333,60.0,54.666666666666664,49.333333333333336,46.333333333333336,45.333333333333336,41.333333333333336,38.666666666666664
1408,83.33333333333333,85.0,85.33333333333333,89.0,89.0,91.0,89.66666666666667,90.0,90.0,90.0,90.66666666666667,90.66666666666667,83.0,86.66666666666667,90.0,90.0,83.0,88.0,78.0,88.0,89.33333333333333,88.0,88.33333333333333,89.33333333333333
1409,100.0,90.0,90.0,91.0,94.0,91.0,94.0,94.0,94.0,96.0,96.0,96.0,100.0,100.0,97.0,100.0,100.0,100.0,97.0,96.0,96.0,93.0,90.0,93.0
1410,66.0,70.0,65.0,74.0,83.0,94.0,94.0,94.0,94.0,100.0,100.0,100.0,94.0,94.0,84.0,74.0,70.0,55.0,52.0,46.0,46.0,46.0,52.0,58.0
1411,67.0,65.0,65.0,65.0,69.0,71.0,69.0,72.0,74.0,77.0,74.0,69.0,71.0,62.0,58.0,53.0,48.0,45.0,50.0,50.0,53.0,50.0,55.0,47.0
1412,60.0,62.0,65.0,67.0,68.0,70.0,72.0,72.0,92.0,93.0,95.0,96.0,93.0,94.0,79.0,74.0,71.0,66.0,58.0,57.0,53.0,52.0,58.0,60.0
1413,82.0,80.0,90.0,92.0,90.0,83.0,86.0,84.0,88.0,86.0,87.0,84.0,81.0,83.0,80.0,68.0,66.0,51.0,50.0,50.0,47.0,46.0,44.0,46.0
1414,11.0,13.888888888888888,34.666666666666664,47.666666666666664,63.666666666666664,72.33333333333333,78.66666666666667,76.66666666666667,83.0,84.0,87.33333333333333,86.0,86.0,89.66666666666667,81.0,62.666666666666664,52.666666666666664,44.666666666666664,38.666666666666664,35.0,31.333333333333332,28.333333333333332,27.666666666666668,25.666666666666668
1415,86.0,77.33333333333333,81.33333333333333,85.0,82.33333333333333,86.0,86.0,88.0,85.66666666666667,88.0,87.33333333333333,93.0,83.33333333333333,76.0,69.33333333333333,67.66666666666667,62.333333333333336,62.333333333333336,60.333333333333336,61.333333333333336,62.333333333333336,63.0,71.33333333333333,77.66666666666667
1416,55.0,59.0,62.0,66.0,70.0,70.0,74.0,88.0,94.0,94.0,94.0,94.0,88.0,82.0,82.0,72.0,68.0,60.0,60.0,56.0,49.0,46.0,49.0,49.0
1417,100.0,100.0,100.0,100.0,100.0,100.0,100.0,100.0,100.0,100.0,100.0,100.0,100.0,100.0,100.0,87.0,82.0,66.0,58.0,48.0,51.0,48.0,44.0,48.0
1418,59.0,65.0,71.0,74.0,72.0,74.0,77.0,76.0,76.0,76.0,74.0,76.0,76.0,69.0,69.0,67.0,67.0,68.0,61.0,61.0,59.0,90.0,94.0,90.0
1419,81.0,84.0,78.0,71.0,68.0,72.0,70.0,60.0,63.0,62.0,61.0,67.0,73.0,72.0,65.0,65.0,65.0,64.0,62.0,53.0,59.0,58.0,62.0,62.0
1420,25.333333333333332,27.333333333333332,36.333333333333336,35.0,35.666666666666664,39.0,47.333333333333336,51.666666666666664,60.333333333333336,65.66666666666667,68.33333333333333,69.0,62.333333333333336,61.0,58.0,58.0,52.0,47.0,46.0,40.666666666666664,33.0,31.0,24.0,21.333333333333332
1421,75.0,79.0,82.0,86.0,89.0,93.0,95.0,94.0,97.0,98.0,96.0,91.0,90.0,78.0,67.0,62.0,62.0,67.0,66.0,64.0,63.0,67.0,95.0,96.0
1422,75.33333333333333,73.66666666666667,71.33333333333333,72.33333333333333,75.33333333333333,75.33333333333333,79.0,82.0,84.66666666666667,86.0,87.33333333333333,86.0,88.0,82.66666666666667,76.66666666666667,70.0,68.0,59.666666666666664,56.666666666666664,62.333333333333336,61.666666666666664,70.66666666666667,73.66666666666667,73.66666666666667
1423,76.0,84.0,84.0,97.0,96.0,97.0,96.0,97.0,93.0,93.0,90.0,96.0,93.0,90.0,79.0,79.0,76.0,65.0,61.0,59.0,57.0,58.0,58.0,62.0
1424,80.0,83.0,83.0,87.0,87.0,87.0,87.0,87.0,87.0,87.0,87.0,87.0,84.0,78.0,75.0,68.0,65.0,68.0,70.0,68.0,68.0,73.0,76.0,76.0
1425,63.0,64.0,92.0,90.0,91.0,93.0,92.0,91.0,86.0,90.0,90.0,88.0,85.0,84.0,80.0,79.0,77.0,75.0,74.0,77.0,64.0,64.0,63.0,63.0
1426,79.0,79.0,79.0,81.0,84.0,87.0,90.0,93.0,93.0,93.0,93.0,93.0,90.0,87.0,82.0,76.0,71.0,67.0,63.0,61.0,61.0,61.0,65.0,93.0
1427,88.0,93.0,98.0,98.0,98.0,98.0,98.0,98.0,99.0,98.0,98.0,99.0,98.0,98.0,79.0,66.0,63.0,57.0,59.0,58.0,60.0,61.0,62.0,75.0
1428,63.666666666666664,67.33333333333333,71.0,74.33333333333333,76.33333333333333,76.33333333333333,84.0,81.33333333333333,77.33333333333333,76.66666666666667,75.33333333333333,76.0,74.66666666666667,71.66666666666667,84.66666666666667,85.33333333333333,83.33333333333333,76.33333333333333,71.33333333333333,62.666666666666664,59.0,52.333333333333336,52.0,52.0
1429,90.0,94.0,94.0,91.0,72.0,72.0,69.0,82.0,90.0,93.0,90.0,90.0,87.0,87.0,73.0,68.0,68.0,70.0,65.0,65.0,60.0,56.0,58.0,57.0
1430,29.0,31.0,28.0,51.0,57.0,66.0,68.0,68.0,73.0,73.0,82.0,82.0,82.0,92.0,82.0,60.0,36.0,23.0,23.0,21.0,21.0,19.0,21.0,24.0
1431,74.0,79.0,84.0,88.0,88.0,90.0,91.0,94.0,97.0,94.0,94.0,94.0,94.0,90.0,77.0,67.0,63.0,57.0,55.0,59.0,55.0,57.0,57.0,65.0
1432,53.0,59.0,65.0,71.0,82.0,82.0,87.0,91.0,82.33333333333333,94.0,91.0,90.0,90.0,85.0,84.0,76.0,67.0,63.0,65.0,65.0,71.0,74.0,82.0,90.0
1433,29.0,36.0,46.0,53.0,38.0,45.0,50.0,75.0,88.0,80.0,87.0,89.0,92.0,86.0,70.0,47.0,38.0,31.0,28.0,29.0,33.0,34.0,37.0,40.0
1434,81.0,80.33333333333333,80.66666666666667,81.66666666666667,82.0,83.66666666666667,85.33333333333333,85.0,85.66666666666667,86.0,87.33333333333333,88.33333333333333,86.0,79.66666666666667,78.66666666666667,83.0,83.66666666666667,83.0,77.66666666666667,77.33333333333333,78.0,79.33333333333333,80.66666666666667,84.0
1435,17.0,25.0,34.0,58.0,70.0,77.0,78.0,72.0,74.0,79.0,84.0,86.0,90.0,93.0,92.0,65.0,42.0,31.0,30.0,26.0,23.0,20.0,20.0,24.0
1436,23.0,25.0,27.0,26.0,34.0,32.0,30.0,34.0,34.0,48.0,48.0,56.0,58.0,60.0,58.0,51.0,44.0,36.0,25.0,22.0,18.0,14.0,13.0,12.0
1437,90.0,82.0,94.0,90.0,87.0,87.0,90.0,94.0,94.0,97.0,97.0,97.0,96.0,85.0,77.0,70.0,63.0,61.0,52.0,54.0,88.0,82.0,74.0,91.0
1438,46.0,53.0,55.0,93.0,93.0,93.0,97.0,93.0,93.0,90.0,87.0,86.0,86.0,86.0,75.0,70.0,63.0,60.0,58.0,54.0,52.0,51.0,48.0,50.0
1439,10.0,14.0,19.0,18.0,53.0,69.0,74.0,71.0,74.0,77.0,80.0,80.0,80.0,83.0,74.0,53.0,44.0,38.0,37.0,33.0,30.0,26.0,26.0,25.0
1440,62.0,78.0,78.0,73.0,77.0,78.0,74.0,82.0,82.0,83.0,83.0,84.0,83.0,80.0,91.0,94.0,89.0,83.0,81.0,67.0,63.0,58.0,56.0,56.0
1441,80.0,81.0,78.0,78.0,81.0,80.0,76.0,78.0,80.0,78.0,76.0,78.0,73.0,65.0,66.0,66.0,68.0,64.0,63.0,64.0,66.0,70.0,73.0,81.0
1442,78.0,78.0,74.0,75.0,75.0,76.0,76.0,78.0,77.0,73.0,72.0,74.0,72.0,88.0,82.0,76.0,76.0,79.0,64.0,62.0,52.0,55.0,60.0,63.0
1443,82.0,82.0,85.0,82.0,82.0,90.0,94.0,85.0,88.0,97.0,96.0,97.0,87.0,90.0,72.0,72.0,68.0,66.0,66.0,91.0,88.0,94.0,82.0,77.0
1444,77.66666666666667,83.66666666666667,85.66666666666667,85.33333333333333,92.0,88.0,88.0,92.0,93.0,94.33333333333333,94.33333333333333,94.66666666666667,96.66666666666667,88.66666666666667,78.33333333333333,70.66666666666667,66.0,60.0,56.0,56.0,53.333333333333336,53.0,55.666666666666664,64.33333333333333
1445,76.0,79.0,78.0,78.0,78.0,78.0,81.0,78.0,78.0,78.0,78.0,78.0,76.0,68.0,70.0,68.0,68.0,68.0,71.0,76.0,76.0,76.0,78.0,81.0
1446,63.666666666666664,74.0,71.66666666666667,73.0,73.66666666666667,74.66666666666667,71.0,71.66666666666667,73.33333333333333,72.33333333333333,72.66666666666667,73.66666666666667,75.0,71.66666666666667,65.0,61.666666666666664,64.33333333333333,61.666666666666664,62.666666666666664,63.333333333333336,65.33333333333333,63.666666666666664,61.666666666666664,60.333333333333336
1447,94.66666666666667,94.66666666666667,93.66666666666667,94.66666666666667,90.66666666666667,87.0,84.0,83.0,84.0,83.0,84.0,80.0,83.0,74.0,83.0,80.0,80.0,71.0,71.0,71.0,71.0,64.0,62.0,57.0
1448,88.66666666666667,91.66666666666667,93.0,93.0,95.0,93.66666666666667,88.0,89.66666666666667,89.66666666666667,89.66666666666667,90.66666666666667,92.66666666666667,93.66666666666667,89.66666666666667,87.0,82.66666666666667,78.33333333333333,74.33333333333333,71.33333333333333,73.0,71.0,73.33333333333333,75.66666666666667,83.66666666666667
1449,94.0,94.0,94.0,94.0,100.0,100.0,93.0,100.0,93.0,93.0,100.0,100.0,93.0,93.0,93.0,87.0,82.0,67.0,72.0,63.0,44.0,39.0,36.0,44.0
1450,95.0,96.0,96.0,97.0,98.0,94.0,91.0,94.0,92.0,88.0,84.0,79.0,82.0,93.0,94.0,97.0,93.0,85.0,80.0,82.0,77.0,79.0,80.0,82.0
1451,66.0,71.0,76.0,96.0,100.0,96.0,100.0,96.0,100.0,96.0,96.0,96.0,97.0,100.0,90.0,87.0,84.0,79.0,82.0,76.0,76.0,62.0,71.0,74.0
1452,59.0,66.0,66.0,62.0,70.0,70.0,74.0,70.0,94.0,94.0,94.0,88.0,88.0,88.0,83.0,73.0,73.0,73.0,56.0,60.0,53.0,53.0,53.0,56.0
1453,18.666666666666668,26.333333333333332,30.0,36.333333333333336,46.333333333333336,65.33333333333333,75.0,93.0,77.0,82.33333333333333,85.0,84.33333333333333,82.33333333333333,86.0,87.0,51.0,36.0,30.0,28.0,27.0,26.0,24.0,23.0,28.0
1454,70.66666666666667,70.66666666666667,80.66666666666667,83.33333333333333,82.66666666666667,86.0,87.33333333333333,89.0,90.0,91.66666666666667,92.66666666666667,93.33333333333333,92.0,93.33333333333333,87.33333333333333,81.66666666666667,72.0,67.66666666666667,64.33333333333333,59.333333333333336,63.0,63.0,56.0,59.0
1455,46.0,74.0,88.0,54.0,58.0,62.0,69.0,76.0,93.0,93.0,100.0,100.0,100.0,91.0,84.0,74.0,65.0,59.0,51.0,45.0,42.0,41.0,41.0,43.0
1456,60.0,64.0,68.0,73.0,76.0,76.0,76.0,76.0,73.0,73.0,76.0,76.0,76.0,78.0,81.0,76.0,71.0,64.0,56.0,52.0,56.0,52.0,46.0,47.0
1457,74.0,80.0,83.0,86.0,86.0,83.0,85.0,89.0,86.0,86.0,89.0,89.0,89.0,86.0,86.0,86.0,86.0,86.0,83.0,83.0,80.0,83.0,83.0,86.0
1458,99.0,100.0,92.0,94.0,93.0,92.0,93.0,95.0,93.0,93.0,93.0,95.0,95.0,91.0,87.0,82.0,80.0,77.0,73.0,70.0,72.0,70.0,77.0,84.0
1459,58.0,62.0,66.0,66.0,74.0,78.0,78.0,83.0,83.0,89.0,89.0,89.0,88.0,88.0,100.0,83.0,74.0,69.0,74.0,83.0,94.0,100.0,100.0,100.0
1460,59.0,71.0,85.0,75.0,79.0,78.0,81.0,81.0,83.0,85.0,88.0,90.0,95.0,85.0,90.0,100.0,95.0,88.0,80.0,76.0,69.0,62.0,64.0,68.0
1461,89.0,88.0,90.0,83.0,83.0,86.0,85.0,84.0,86.0,88.0,90.0,89.0,89.0,89.0,84.0,96.66666666666667,92.33333333333333,90.33333333333333,81.66666666666667,84.0,80.33333333333333,62.0,84.66666666666667,59.0
1462,20.0,20.0,20.0,21.0,29.0,25.0,18.0,42.0,42.0,15.0,14.0,11.0,12.0,11.0,11.0,9.0,9.0,9.0,11.0,11.0,12.0,12.0,12.0,12.0
1463,77.0,77.0,80.0,80.0,80.0,79.0,85.0,85.0,85.0,87.0,87.0,96.0,85.0,74.0,74.0,72.0,61.0,65.0,63.0,62.0,66.0,68.0,74.0,74.0
1464,78.0,100.0,100.0,100.0,100.0,94.0,94.0,100.0,94.0,88.0,88.0,94.0,94.0,88.0,82.0,76.0,76.0,76.0,72.0,76.0,71.0,67.0,67.0,67.0
1465,55.333333333333336,70.0,74.33333333333333,77.66666666666667,78.66666666666667,83.33333333333333,78.0,83.33333333333333,84.66666666666667,88.33333333333333,90.33333333333333,92.33333333333333,92.33333333333333,87.33333333333333,77.33333333333333,70.0,59.0,55.666666666666664,52.0,49.333333333333336,46.0,49.0,55.666666666666664,66.33333333333333
1466,62.0,66.0,66.0,62.0,69.0,69.0,69.0,69.0,74.0,83.0,94.0,100.0,94.0,100.0,74.0,69.0,69.0,58.0,54.0,51.0,40.0,39.0,47.0,53.0
1467,93.0,95.0,99.0,97.0,97.0,99.0,99.0,99.0,100.0,100.0,100.0,100.0,100.0,93.0,83.0,76.0,72.0,72.0,72.0,73.0,70.0,71.0,71.0,79.0
1468,55.0,64.0,74.0,81.0,79.0,82.0,76.0,82.0,82.0,82.0,82.0,90.0,94.0,82.0,79.0,76.0,79.0,82.0,90.0,94.0,94.0,94.0,100.0,96.0
1469,67.0,68.0,74.0,78.0,84.0,90.0,96.0,99.0,99.0,99.0,99.0,100.0,100.0,95.0,84.0,77.0,65.0,66.0,60.0,55.0,54.0,60.0,60.0,62.0
1470,78.0,70.0,73.0,73.0,75.0,78.0,79.0,79.0,81.0,78.0,76.0,76.0,73.0,71.0,67.0,67.0,62.0,60.0,60.0,58.0,60.0,62.0,62.0,66.0
1471,61.0,67.0,84.0,85.0,88.0,94.0,88.0,90.0,94.0,74.0,82.0,91.0,100.0,84.0,79.0,77.0,72.0,68.0,68.0,59.0,72.0,74.0,74.0,82.0
1472,59.0,70.0,74.0,77.0,77.0,78.0,80.0,81.0,81.0,82.0,87.0,88.0,88.0,89.0,72.0,74.0,70.0,58.0,56.0,69.0,60.0,59.0,58.0,63.0
1473,87.0,87.0,90.0,84.0,84.0,90.0,93.0,93.0,96.0,90.0,93.0,90.0,86.0,75.0,75.0,72.0,63.0,63.0,59.0,47.0,47.0,46.0,44.0,41.0
1474,12.0,17.0,22.0,26.0,29.0,34.0,35.0,37.0,38.0,39.0,41.0,46.0,48.0,48.0,53.0,44.0,40.0,30.0,23.0,18.0,12.0,12.0,11.0,10.0
1475,87.0,84.0,84.0,90.0,90.0,90.0,93.0,93.0,90.0,93.0,90.0,93.0,90.0,81.0,84.0,69.0,61.0,56.0,51.0,46.0,37.0,38.0,35.0,34.0
1476,43.0,48.0,55.0,55.0,61.0,65.0,74.0,78.0,88.0,83.0,88.0,83.0,78.0,94.0,94.0,88.0,88.0,88.0,88.0,94.0,94.0,100.0,94.0,88.0
1477,84.33333333333333,87.33333333333333,89.33333333333333,90.66666666666667,94.0,95.66666666666667,99.66666666666667,99.66666666666667,97.66666666666667,98.0,99.66666666666667,94.33333333333333,88.66666666666667,84.0,78.33333333333333,60.0,56.333333333333336,56.0,52.666666666666664,53.0,52.666666666666664,54.0,57.333333333333336,68.0
1478,97.0,97.0,96.0,96.0,97.0,94.0,92.0,90.0,90.0,91.0,94.0,94.0,91.0,93.0,88.0,87.0,82.0,78.0,74.0,64.0,60.0,55.0,48.0,50.0
1479,80.0,77.0,80.0,78.0,79.0,80.0,87.0,87.0,88.0,87.0,89.0,89.0,89.0,90.0,89.0,82.0,78.0,73.0,66.0,61.0,60.0,59.0,60.0,62.0
1480,97.0,96.0,97.0,93.0,93.0,92.0,92.0,89.0,92.0,92.0,92.0,92.0,86.0,86.0,83.0,86.0,79.0,79.0,71.0,63.0,61.0,53.0,51.0,50.0
1481,87.0,90.0,87.0,93.0,96.0,96.0,100.0,100.0,96.0,96.0,100.0,96.0,93.0,90.0,79.0,71.0,69.0,69.0,66.0,69.0,62.0,69.0,74.0,79.0
1482,23.333333333333332,27.0,32.0,35.0,35.666666666666664,39.0,47.333333333333336,51.666666666666664,53.333333333333336,57.0,61.0,61.666666666666664,62.333333333333336,61.666666666666664,61.0,56.666666666666664,49.666666666666664,47.0,44.666666666666664,39.0,33.0,21.0,21.0,17.0
1483,89.33333333333333,93.33333333333333,94.66666666666667,96.33333333333333,97.66666666666667,97.66666666666667,98.33333333333333,99.66666666666667,100.0,100.0,100.0,99.66666666666667,100.0,96.33333333333333,75.66666666666667,66.66666666666667,61.0,57.0,54.0,58.0,57.0,60.0,62.666666666666664,66.33333333333333
1484,61.0,65.0,67.0,69.0,72.0,69.0,76.0,76.0,76.0,79.0,79.0,81.0,79.0,74.0,67.0,55.0,55.0,55.0,56.0,63.0,65.0,56.0,62.0,58.0
1485,62.333333333333336,49.666666666666664,58.0,73.66666666666667,80.66666666666667,79.66666666666667,90.33333333333333,84.0,87.33333333333333,83.66666666666667,83.66666666666667,92.0,91.33333333333333,79.66666666666667,80.33333333333333,71.33333333333333,65.0,59.666666666666664,47.333333333333336,39.333333333333336,32.666666666666664,27.333333333333332,25.333333333333332,23.666666666666668
1486,89.0,89.0,89.0,89.0,84.0,84.0,84.0,94.0,94.0,100.0,100.0,100.0,100.0,94.0,84.0,74.0,62.0,58.0,58.0,62.0,66.0,66.0,70.0,74.0
1487,55.0,64.0,68.0,70.0,70.0,90.0,93.0,94.0,96.0,96.0,90.0,90.0,89.0,87.0,85.0,77.0,68.0,63.0,56.0,56.0,50.0,49.0,56.0,60.0
1488,62.0,66.0,66.0,74.0,74.0,74.0,88.0,83.0,78.0,78.0,74.0,74.0,74.0,65.0,88.0,94.0,88.0,78.0,69.0,58.0,51.0,45.0,44.0,50.0
1489,77.0,72.0,72.0,72.0,72.0,72.0,72.0,88.0,68.0,77.0,68.0,68.0,68.0,60.0,68.0,68.0,64.0,60.0,53.0,64.0,64.0,64.0,73.0,78.0
1490,100.0,100.0,100.0,100.0,100.0,100.0,100.0,100.0,94.0,100.0,93.0,100.0,93.0,93.0,93.0,93.0,93.0,76.0,66.0,62.0,54.0,51.0,51.0,48.0
1491,30.0,39.0,47.0,58.0,66.0,70.0,75.0,76.0,81.0,70.0,81.0,81.0,75.0,87.0,70.0,66.0,54.0,47.0,39.0,32.0,32.0,27.0,22.0,25.0
1492,82.0,84.0,81.0,84.0,87.0,87.0,87.0,90.0,93.0,93.0,93.0,93.0,94.0,91.0,84.0,79.0,74.0,70.0,63.0,57.0,61.0,63.0,85.0,100.0
1493,75.33333333333333,84.0,90.33333333333333,90.0,92.0,94.0,91.33333333333333,94.0,90.33333333333333,92.0,93.0,93.0,89.0,83.33333333333333,72.33333333333333,64.66666666666667,58.0,55.333333333333336,53.666666666666664,50.333333333333336,50.333333333333336,49.666666666666664,54.0,65.33333333333333
1494,88.0,96.0,94.0,88.0,88.0,91.0,94.0,90.0,91.0,94.0,94.0,96.0,96.0,96.0,94.0,90.0,88.0,82.0,74.0,85.0,77.0,68.0,88.0,82.0
1495,57.0,71.0,85.0,78.0,85.0,82.0,85.0,85.0,84.0,90.0,89.0,90.0,91.0,93.0,89.0,88.0,76.0,88.0,88.0,90.0,91.0,94.0,96.0,96.0
1496,100.0,100.0,100.0,100.0,100.0,100.0,100.0,93.0,90.0,90.0,100.0,100.0,93.0,90.0,87.0,84.0,93.0,70.0,63.0,65.0,65.0,67.0,77.0,77.0
1497,53.0,57.0,61.0,64.0,69.0,70.0,72.0,72.0,74.0,72.0,74.0,76.0,74.0,76.0,72.0,62.0,58.0,57.0,55.0,55.0,58.0,55.0,67.0,90.0
1498,66.0,66.0,70.0,74.0,70.0,70.0,74.0,74.0,78.0,74.0,74.0,86.44444444444444,94.0,94.0,88.0,83.0,64.55555555555556,57.0,57.0,50.111111111111114,57.0,64.0,68.0,73.0
1499,46.0,52.0,62.0,66.0,62.0,70.0,74.0,74.0,88.0,88.0,94.0,78.0,83.0,83.0,88.0,94.0,74.0,69.0,74.0,88.0,88.0,94.0,94.0,83.0
1500,57.0,58.0,60.0,62.0,71.0,71.0,74.0,82.0,84.0,87.0,87.0,84.0,85.0,77.0,65.0,63.0,59.0,59.0,56.0,51.0,50.0,48.0,51.0,53.0
1501,86.0,90.0,90.0,90.0,87.0,93.0,87.0,93.0,90.0,93.0,90.0,93.0,83.0,83.0,74.0,77.0,71.0,71.0,68.0,66.0,63.0,69.0,55.0,61.0
1502,17.0,21.0,29.0,21.666666666666668,46.0,54.0,60.0,63.0,56.333333333333336,67.0,71.0,72.0,70.0,82.0,74.0,62.0,52.0,32.0,23.0,13.0,22.333333333333332,10.0,9.0,8.0
1503,53.0,60.0,66.0,100.0,100.0,100.0,100.0,100.0,100.0,100.0,100.0,100.0,100.0,99.0,98.0,86.0,76.0,81.0,94.0,81.0,76.0,94.0,97.0,93.0
1504,30.0,38.0,60.0,60.0,62.0,76.0,64.0,79.0,78.0,88.0,83.0,85.0,88.0,83.0,84.0,65.0,52.0,29.0,28.0,28.0,26.0,27.0,26.0,27.0
1505,55.0,61.0,60.0,62.0,64.0,60.0,66.0,73.0,84.0,87.0,84.0,84.0,87.0,84.0,81.0,87.0,94.0,97.0,96.0,96.0,96.0,93.0,93.0,86.0
1506,78.0,80.0,81.0,81.0,81.0,84.0,80.0,81.0,78.0,78.0,81.0,78.0,73.0,73.0,73.0,68.0,70.0,70.0,70.0,73.0,76.0,75.0,75.0,78.0
1507,21.0,24.0,31.0,35.0,33.0,35.0,30.0,35.0,37.0,37.0,37.0,34.0,37.0,30.0,26.0,26.0,27.0,29.0,23.0,20.0,17.0,20.0,19.0,16.0
1508,94.0,100.0,100.0,100.0,100.0,100.0,100.0,100.0,100.0,100.0,100.0,100.0,100.0,100.0,94.0,89.0,79.0,74.0,70.0,62.0,62.0,62.0,62.0,62.0
1509,96.66666666666667,96.0,95.66666666666667,94.33333333333333,92.66666666666667,92.33333333333333,92.66666666666667,87.33333333333333,82.33333333333333,87.33333333333333,90.33333333333333,92.33333333333333,88.33333333333333,82.33333333333333,80.33333333333333,78.66666666666667,79.0,66.66666666666667,58.0,58.666666666666664,62.0,65.0,67.33333333333333,70.33333333333333
1510,43.0,49.0,55.0,55.0,58.0,58.0,69.0,78.0,83.0,94.0,94.0,94.0,88.0,88.0,68.0,68.0,64.0,56.0,52.0,52.0,52.0,52.0,56.0,60.0
1511,78.0,78.0,78.0,75.0,79.0,78.0,80.0,78.0,79.0,82.0,83.0,92.0,100.0,100.0,100.0,89.0,89.0,70.0,66.0,59.0,55.0,55.0,89.0,74.0
1512,96.0,96.0,96.0,96.0,96.0,97.0,97.0,97.0,96.0,92.0,93.0,89.0,89.0,93.0,85.0,85.0,80.0,74.0,66.0,56.0,51.0,47.0,51.0,52.0
1513,79.0,81.0,81.0,81.0,87.0,84.0,87.0,94.0,100.0,100.0,97.0,96.0,100.0,100.0,88.0,72.0,67.0,62.0,58.0,55.0,53.0,51.0,50.0,67.0
1514,92.0,94.0,94.0,94.0,95.0,95.0,94.0,94.0,95.0,95.0,94.0,93.0,94.0,94.0,92.0,88.0,83.0,73.0,73.33333333333333,66.44444444444444,62.0,65.0,61.0,63.0
1515,77.0,80.0,88.0,89.0,91.0,94.0,96.0,96.0,96.0,92.0,93.0,91.0,88.0,91.0,87.0,80.0,75.0,68.0,56.0,50.0,45.0,42.0,38.0,38.0
1516,78.0,79.0,84.0,86.0,87.0,90.0,92.0,93.0,93.0,94.0,95.0,95.0,94.0,85.0,72.0,63.0,61.0,58.666666666666664,61.0,59.666666666666664,55.0,62.0,62.0,74.0
1517,90.0,87.0,82.0,74.0,74.0,74.0,74.0,74.0,77.0,71.0,74.0,74.0,74.0,76.0,90.0,85.0,91.0,82.0,74.0,62.0,54.0,60.0,59.0,55.0
1518,65.0,70.0,76.0,79.0,82.0,88.0,91.0,91.0,88.0,91.0,94.0,94.0,94.0,90.0,88.0,77.0,70.0,66.0,62.0,58.0,59.0,58.0,58.0,57.0
1519,94.0,94.0,96.0,97.0,97.0,97.0,96.0,97.0,94.0,96.0,96.0,93.0,93.0,93.0,90.0,87.0,82.0,77.0,90.0,72.0,67.0,65.0,63.0,65.0
1520,20.0,28.0,31.0,38.0,43.0,53.0,60.0,67.0,70.0,75.0,75.0,78.0,81.0,89.0,78.0,62.0,49.0,34.0,27.0,25.0,16.0,13.0,15.0,14.0
1521,19.0,30.0,30.0,51.0,63.0,74.0,74.0,86.0,89.0,93.0,92.0,96.0,96.0,96.0,93.0,77.0,53.0,32.0,16.0,15.0,16.0,15.0,14.0,15.0
1522,61.0,70.0,71.0,76.0,76.0,80.0,79.0,77.0,80.0,79.0,76.0,72.0,72.0,69.0,73.0,100.0,100.0,88.0,74.0,63.0,55.0,53.0,46.0,44.0
1523,76.0,71.0,76.0,76.0,81.0,81.0,84.0,84.0,87.0,90.0,93.0,90.0,90.0,90.0,90.0,93.0,90.0,75.0,59.0,49.0,38.0,34.0,34.0,38.0
1524,86.0,87.0,88.0,89.0,91.66666666666667,88.66666666666667,88.33333333333333,87.33333333333333,89.0,90.33333333333333,95.66666666666667,96.0,95.66666666666667,94.66666666666667,92.33333333333333,92.33333333333333,88.66666666666667,84.66666666666667,79.0,75.33333333333333,73.33333333333333,72.66666666666667,77.0,83.66666666666667
1525,67.0,69.0,71.0,69.0,71.0,76.0,76.0,82.0,84.0,87.0,90.0,93.0,90.0,87.0,82.0,77.0,69.0,62.0,57.0,51.0,48.0,51.0,49.0,53.0
1526,79.33333333333333,79.0,83.0,87.0,86.0,86.0,80.33333333333333,80.66666666666667,78.33333333333333,79.0,78.66666666666667,78.0,75.66666666666667,74.0,71.66666666666667,65.33333333333333,60.333333333333336,56.333333333333336,54.0,54.333333333333336,50.0,51.0,62.0,80.0
1527,55.0,55.0,79.0,74.0,78.0,84.0,89.0,89.0,89.0,84.0,89.0,89.0,89.0,89.0,94.0,84.0,84.0,70.0,89.0,75.0,66.0,62.0,59.0,70.0
1528,50.0,54.333333333333336,60.666666666666664,62.666666666666664,63.666666666666664,66.33333333333333,68.33333333333333,75.33333333333333,89.0,93.0,94.33333333333333,94.33333333333333,94.66666666666667,90.33333333333333,76.66666666666667,65.33333333333333,60.333333333333336,60.333333333333336,62.0,59.0,57.666666666666664,57.666666666666664,59.333333333333336,60.666666666666664
1529,83.0,94.0,94.0,94.0,74.0,74.0,74.0,78.0,74.0,83.0,83.0,74.0,74.0,69.0,70.0,78.0,83.0,83.0,70.0,70.0,58.0,54.0,57.0,61.0
1530,61.0,72.0,72.0,79.0,82.0,82.0,84.0,84.0,88.0,88.0,90.0,90.0,94.0,90.0,79.0,72.0,63.0,63.0,54.0,52.0,51.0,51.0,67.0,82.0
1531,100.0,100.0,100.0,100.0,100.0,100.0,100.0,100.0,100.0,100.0,100.0,93.0,100.0,93.0,93.0,82.0,71.0,62.0,54.0,51.0,44.0,39.0,41.0,41.0
1532,12.0,13.0,15.0,32.0,29.0,27.0,31.0,33.0,43.0,58.333333333333336,49.0,51.0,57.0,44.0,42.0,36.0,37.0,31.0,22.0,14.0,12.0,12.0,12.0,10.0
1533,29.666666666666668,26.0,38.333333333333336,46.0,51.666666666666664,57.666666666666664,57.0,60.666666666666664,63.333333333333336,65.66666666666667,58.333333333333336,67.33333333333333,69.66666666666667,70.0,70.33333333333333,65.33333333333333,61.333333333333336,54.0,46.0,40.0,31.333333333333332,23.333333333333332,21.666666666666668,16.333333333333332
1534,12.0,15.666666666666666,21.0,56.0,67.0,77.0,86.0,80.0,86.0,86.0,90.0,89.0,89.0,93.0,83.0,67.0,48.0,43.0,35.0,29.0,27.0,26.0,27.0,24.0
1535,90.0,94.0,94.0,94.0,95.0,95.0,95.0,96.0,96.0,95.0,96.0,96.0,96.0,96.0,95.0,91.0,78.0,68.0,62.0,55.0,56.0,52.0,57.0,64.0
1536,70.66666666666667,74.66666666666667,75.66666666666667,80.33333333333333,88.0,86.0,88.0,91.66666666666667,93.33333333333333,94.33333333333333,94.33333333333333,92.66666666666667,92.66666666666667,85.0,70.0,63.333333333333336,63.0,59.333333333333336,57.666666666666664,54.333333333333336,51.666666666666664,50.333333333333336,52.0,62.0
1537,52.0,60.0,70.0,80.0,83.0,84.0,86.0,86.0,85.0,87.0,93.0,95.0,95.0,96.0,96.0,92.0,86.0,77.0,79.0,69.0,92.0,95.0,97.0,97.0
1538,100.0,96.66666666666667,97.0,96.33333333333333,96.33333333333333,98.0,93.66666666666667,100.0,93.0,99.0,96.0,97.0,90.33333333333333,99.0,95.0,97.0,90.0,81.0,74.0,65.0,62.0,58.0,50.0,55.0
1539,25.0,26.0,32.333333333333336,36.666666666666664,39.666666666666664,43.666666666666664,48.333333333333336,50.333333333333336,52.0,55.666666666666664,58.333333333333336,58.333333333333336,60.0,60.333333333333336,60.666666666666664,57.0,53.666666666666664,48.333333333333336,41.333333333333336,36.333333333333336,30.666666666666668,23.333333333333332,21.666666666666668,16.333333333333332
1540,46.666666666666664,50.666666666666664,53.333333333333336,54.666666666666664,50.0,56.0,58.0,54.0,54.0,54.0,61.333333333333336,72.0,81.0,81.33333333333333,72.33333333333333,69.33333333333333,64.66666666666667,60.666666666666664,50.666666666666664,47.0,44.666666666666664,44.0,46.333333333333336,48.666666666666664
1541,77.0,85.0,88.0,90.0,88.0,90.0,90.0,90.0,90.0,90.0,90.0,90.0,88.0,88.0,74.0,68.0,74.0,70.0,65.0,79.0,61.0,62.0,72.0,74.0
1542,32.0,43.0,51.0,58.0,58.0,65.0,69.0,74.0,65.0,69.0,69.0,69.0,78.0,88.0,89.0,88.0,94.0,94.0,100.0,100.0,94.0,100.0,100.0,100.0
1543,49.333333333333336,64.0,71.33333333333333,77.33333333333333,74.33333333333333,63.666666666666664,70.66666666666667,71.66666666666667,70.33333333333333,75.33333333333333,79.0,80.66666666666667,88.33333333333333,75.33333333333333,71.66666666666667,67.66666666666667,65.0,60.333333333333336,55.333333333333336,59.333333333333336,65.33333333333333,63.333333333333336,65.0,76.0
1544,65.0,65.0,69.0,65.0,58.0,61.0,65.0,61.0,65.0,65.0,69.0,61.0,65.0,65.0,69.0,65.0,69.0,69.0,61.0,51.0,47.0,44.0,53.0,56.0
1545,43.0,49.333333333333336,55.0,57.333333333333336,62.333333333333336,67.33333333333333,70.33333333333333,75.0,80.0,80.0,86.66666666666667,83.33333333333333,83.33333333333333,95.0,92.33333333333333,90.0,89.0,94.0,96.0,98.0,98.0,97.66666666666667,95.66666666666667,93.66666666666667
1546,43.0,52.0,55.0,55.0,58.0,58.0,58.0,61.0,61.0,69.0,73.0,78.0,83.0,78.0,73.0,73.0,57.0,50.0,44.0,44.0,49.0,49.0,49.0,49.0
1547,88.0,90.0,88.0,86.0,85.0,82.0,82.0,81.0,79.0,77.0,74.0,73.0,72.0,85.0,88.0,85.0,82.0,75.0,68.0,64.0,61.0,57.0,51.0,60.0
1548,68.0,77.0,82.0,76.0,76.0,79.0,87.0,91.0,77.0,77.0,74.0,74.0,71.0,69.0,67.0,63.0,63.0,59.0,57.0,57.0,63.0,59.0,61.0,76.0
1549,59.333333333333336,72.66666666666667,82.0,91.0,96.0,95.0,97.0,96.66666666666667,96.66666666666667,94.66666666666667,98.0,98.0,98.0,96.66666666666667,96.0,83.0,77.66666666666667,73.0,82.0,77.66666666666667,70.33333333333333,71.0,80.0,80.0
1550,81.0,85.33333333333333,88.0,92.0,90.66666666666667,91.66666666666667,91.66666666666667,94.66666666666667,94.0,94.0,95.33333333333333,95.33333333333333,95.66666666666667,93.0,88.33333333333333,77.66666666666667,72.66666666666667,66.33333333333333,62.333333333333336,59.666666666666664,59.666666666666664,57.0,67.0,75.0
1551,51.0,66.0,71.0,76.0,82.0,82.0,87.0,87.0,90.0,91.0,94.0,96.0,100.0,97.0,96.0,97.0,93.0,93.0,93.0,93.0,90.0,90.0,93.0,90.0
1552,55.0,74.0,84.0,85.0,86.0,85.0,84.0,87.0,89.0,88.0,89.0,91.0,91.0,89.0,86.0,75.0,67.0,58.0,52.0,51.0,49.0,46.0,47.0,50.0
1553,98.0,99.0,99.0,98.0,98.0,96.0,97.0,96.0,92.0,96.0,93.0,91.0,92.0,93.0,91.0,88.0,86.0,78.0,73.0,70.0,62.0,58.0,56.0,53.0
1554,70.0,79.0,84.0,89.0,89.0,94.0,94.0,94.0,100.0,100.0,94.0,100.0,100.0,100.0,84.0,79.0,75.0,62.0,70.0,56.0,52.0,56.0,59.0,70.0
1555,92.0,93.0,92.0,94.0,86.0,85.0,83.0,92.0,92.0,94.0,94.0,97.0,97.0,94.0,83.0,72.0,65.0,58.0,48.0,44.0,43.0,40.0,39.0,42.0
1556,14.0,12.0,14.0,15.0,20.0,20.0,24.0,27.0,32.0,33.0,37.0,31.0,35.0,37.0,36.0,28.0,20.0,17.0,13.0,12.0,10.0,8.0,9.0,9.0
1557,70.0,74.0,74.0,82.0,82.0,82.0,85.0,88.0,88.0,88.0,88.0,88.0,88.0,88.0,85.0,79.0,77.0,70.0,70.0,65.0,63.0,59.0,59.0,61.0
1558,87.0,87.0,87.0,87.0,87.0,90.0,87.0,87.0,90.0,90.0,90.0,93.0,96.0,97.0,96.0,96.0,90.0,87.0,87.0,85.0,82.0,85.0,84.0,88.0
1559,54.333333333333336,55.666666666666664,56.0,56.666666666666664,59.666666666666664,62.0,64.33333333333333,65.66666666666667,66.66666666666667,68.66666666666667,72.0,70.66666666666667,69.66666666666667,62.666666666666664,52.666666666666664,45.0,43.333333333333336,48.666666666666664,52.333333333333336,44.0,41.0,43.333333333333336,50.0,50.666666666666664
1560,93.0,93.0,93.0,96.0,93.0,96.0,92.0,89.0,92.0,89.0,89.0,92.0,96.0,92.0,89.0,82.0,79.0,76.0,71.0,63.0,59.0,54.0,51.0,49.0
1561,34.0,52.0,68.0,82.0,77.0,88.0,88.0,82.0,82.0,82.0,76.0,76.0,82.0,71.0,72.0,59.0,45.0,37.0,30.0,25.0,23.0,22.0,22.0,24.0
1562,63.0,79.0,87.0,84.0,84.0,84.0,91.0,91.0,94.0,96.0,94.0,94.0,94.0,90.0,82.0,72.0,66.0,63.0,62.0,56.0,52.0,67.0,70.0,77.0
1563,73.0,81.0,78.0,78.0,78.0,81.0,84.0,84.0,84.0,84.0,86.0,84.0,84.0,84.0,78.0,76.0,70.0,68.0,68.0,68.0,68.0,73.0,73.0,75.0
1564,70.0,75.0,75.0,82.0,88.0,92.0,94.66666666666667,96.0,98.66666666666667,96.0,98.0,98.66666666666667,94.0,94.0,78.0,74.0,70.0,69.0,64.66666666666667,66.33333333333333,62.333333333333336,63.333333333333336,65.33333333333333,73.33333333333333
1565,58.0,66.0,70.0,69.0,74.0,74.0,78.0,83.0,88.0,88.0,88.0,88.0,94.0,94.0,94.0,94.0,94.0,83.0,88.0,94.0,88.0,88.0,94.0,94.0
1566,63.666666666666664,67.33333333333333,71.0,71.66666666666667,70.66666666666667,71.66666666666667,74.66666666666667,73.66666666666667,73.0,74.66666666666667,77.0,78.0,78.0,73.0,67.0,61.666666666666664,60.0,61.666666666666664,65.66666666666667,66.33333333333333,63.0,59.666666666666664,59.333333333333336,56.666666666666664
1567,71.0,74.0,76.0,79.0,79.0,79.0,81.0,76.0,76.0,76.0,78.0,78.0,78.0,76.0,76.0,76.0,76.0,76.0,74.0,76.0,74.0,76.0,76.0,79.0
1568,38.0,42.0,44.0,48.0,81.0,82.0,94.0,94.0,96.0,97.0,97.0,98.0,96.0,96.0,94.0,91.0,90.0,86.0,93.0,77.0,62.0,59.0,55.0,49.0
1569,67.88888888888889,74.66666666666667,76.0,74.44444444444444,76.0,77.55555555555556,77.0,77.44444444444444,76.77777777777777,75.0,72.0,57.333333333333336,72.8888888888889,52.0,49.333333333333336,80.33333333333333,55.0,51.666666666666664,47.0,64.22222222222223,42.0,54.0,50.888888888888886,50.666666666666664
1570,68.0,71.0,78.0,81.0,78.0,78.0,78.0,79.0,79.0,79.0,81.0,81.0,81.0,81.0,84.0,84.0,75.0,68.0,71.0,66.0,66.0,66.0,64.0,64.0
1571,43.0,48.0,54.0,60.0,63.0,68.0,73.0,75.0,80.0,81.0,82.0,84.0,84.0,91.0,92.0,92.0,91.0,88.0,78.0,78.0,81.0,90.0,91.0,91.0
1572,97.0,97.0,93.0,97.0,96.0,100.0,100.0,96.0,100.0,96.0,93.0,93.0,90.0,85.0,89.0,89.0,82.0,76.0,68.0,63.0,57.0,53.0,51.0,53.0
1573,81.0,74.66666666666667,71.0,73.0,79.33333333333333,77.66666666666667,74.0,71.66666666666667,96.66666666666667,95.66666666666667,93.33333333333333,91.66666666666667,90.66666666666667,88.66666666666667,97.0,97.0,96.0,94.66666666666667,91.33333333333333,90.66666666666667,92.66666666666667,92.33333333333333,93.33333333333333,94.0
1574,18.0,18.333333333333332,24.666666666666668,23.666666666666668,26.0,30.333333333333332,32.0,32.333333333333336,34.0,36.666666666666664,41.333333333333336,43.666666666666664,43.333333333333336,44.333333333333336,46.0,29.666666666666668,35.666666666666664,27.666666666666668,25.666666666666668,23.333333333333332,22.0,19.333333333333332,17.333333333333332,18.0
1575,56.0,96.0,97.0,97.0,97.0,98.0,97.0,95.0,86.0,86.0,90.0,91.0,84.0,75.0,75.0,69.0,66.0,57.0,54.0,49.0,45.0,42.0,40.0,43.0
1576,18.0,19.0,35.0,66.0,68.0,78.0,84.0,81.0,87.0,90.0,90.0,90.0,90.0,90.0,90.0,80.0,59.0,42.0,30.0,27.0,21.0,22.0,17.0,20.0
1577,50.0,61.0,67.0,69.0,74.0,74.0,74.0,79.0,79.0,82.0,82.0,84.0,84.0,82.0,70.0,63.0,56.0,54.0,50.0,74.0,54.0,61.0,59.0,68.0
1578,70.66666666666667,72.33333333333333,74.33333333333333,72.0,73.33333333333333,75.0,80.66666666666667,83.66666666666667,78.33333333333333,79.33333333333333,79.66666666666667,80.33333333333333,76.66666666666667,70.33333333333333,66.66666666666667,61.333333333333336,59.0,58.333333333333336,58.333333333333336,62.0,67.66666666666667,63.666666666666664,65.33333333333333,71.33333333333333
1579,97.0,93.0,97.0,93.0,96.0,100.0,90.0,87.0,86.0,83.0,90.0,93.0,93.0,96.0,93.0,75.0,72.0,65.0,59.0,57.0,46.0,44.0,38.0,42.0
1580,90.0,95.0,95.0,96.0,91.0,90.0,95.0,96.0,96.0,96.0,96.0,96.0,96.0,96.0,90.0,83.0,72.0,61.0,58.0,55.0,68.0,72.0,76.0,84.0
1581,50.0,52.666666666666664,59.0,60.333333333333336,66.0,66.66666666666667,67.0,68.33333333333333,70.33333333333333,72.0,74.66666666666667,75.33333333333333,76.66666666666667,76.0,77.33333333333333,69.0,63.0,54.0,49.0,48.333333333333336,45.333333333333336,42.666666666666664,42.0,42.666666666666664
1582,85.66666666666667,84.0,84.0,88.33333333333333,88.33333333333333,88.33333333333333,88.33333333333333,89.33333333333333,90.33333333333333,89.33333333333333,91.33333333333333,91.33333333333333,87.33333333333333,83.0,80.33333333333333,75.66666666666667,72.33333333333333,67.0,64.33333333333333,63.666666666666664,62.333333333333336,62.333333333333336,65.66666666666667,70.66666666666667
1583,59.0,70.0,67.0,69.0,69.0,69.0,74.0,74.0,74.0,76.0,74.0,76.0,79.0,77.0,69.0,65.0,65.0,61.0,56.0,57.0,63.0,67.0,67.0,69.0
1584,9.0,11.0,12.0,14.0,14.0,21.0,22.0,17.0,20.0,20.0,20.0,21.0,27.0,32.0,29.0,25.0,14.0,11.0,12.0,12.0,12.0,15.0,16.0,16.0
1585,65.0,94.0,100.0,100.0,100.0,100.0,94.0,94.0,94.0,94.0,94.0,100.0,94.0,94.0,82.0,82.0,72.0,63.0,59.0,55.0,52.0,52.0,52.0,55.0
1586,80.0,82.0,81.0,87.0,88.0,87.0,86.0,87.0,89.0,91.0,93.0,95.0,94.0,94.0,85.0,81.0,76.0,73.0,76.0,73.0,70.0,71.0,71.0,78.0
1587,69.0,61.0,83.0,83.0,88.0,88.0,94.0,94.0,94.0,88.0,94.0,94.0,94.0,94.0,94.0,73.0,73.0,69.0,94.0,94.0,73.0,65.0,83.0,78.0
1588,74.0,79.0,79.0,84.0,89.0,94.0,100.0,94.0,100.0,100.0,100.0,100.0,100.0,94.0,79.0,74.0,62.0,59.0,84.0,66.0,56.0,59.0,55.0,70.0
1589,63.0,74.0,79.0,82.0,82.0,84.0,91.0,88.0,84.0,84.0,84.0,88.0,90.0,90.0,85.0,77.0,74.0,70.0,67.0,58.0,59.0,61.0,100.0,93.0
1590,81.0,84.0,84.0,84.0,84.0,81.0,84.0,84.0,87.0,84.0,87.0,84.0,81.0,78.0,76.0,79.0,76.0,73.0,75.0,81.0,81.0,81.0,82.0,82.0
1591,54.0,79.33333333333333,93.33333333333333,95.0,96.33333333333333,93.33333333333333,96.33333333333333,95.0,93.0,90.33333333333333,88.33333333333333,88.0,82.0,83.0,77.33333333333333,73.33333333333333,71.0,68.0,64.33333333333333,65.0,63.666666666666664,64.0,66.0,65.66666666666667
1592,84.0,86.0,82.0,88.0,86.0,88.0,89.0,89.0,89.0,89.0,89.0,86.0,85.0,86.0,86.0,78.0,70.0,56.0,44.0,43.0,34.0,32.0,25.0,25.0
1593,59.0,70.0,71.0,73.0,73.0,78.0,83.0,88.0,93.0,96.0,93.0,94.0,95.0,91.0,82.0,71.0,64.0,52.0,48.0,47.0,45.0,47.0,48.0,50.0
1594,89.0,89.0,91.0,94.0,93.0,95.0,95.0,95.0,95.0,96.0,96.0,96.0,94.0,100.0,94.0,89.0,84.0,89.0,100.0,100.0,79.0,59.0,59.0,74.0
1595,25.0,25.0,29.0,47.0,46.0,44.0,48.0,47.0,52.0,66.0,65.0,65.0,68.0,73.0,68.0,54.0,42.0,46.0,43.0,38.0,31.0,26.0,27.0,27.0
1596,73.33333333333333,77.0,76.66666666666667,83.0,84.66666666666667,87.66666666666667,91.66666666666667,93.66666666666667,93.33333333333333,94.33333333333333,96.33333333333333,98.0,97.66666666666667,89.66666666666667,79.33333333333333,67.0,64.0,64.0,61.666666666666664,66.0,59.333333333333336,60.333333333333336,64.66666666666667,74.33333333333333
1597,70.0,82.0,88.0,91.0,94.0,96.0,94.0,97.0,97.0,100.0,100.0,100.0,100.0,100.0,100.0,88.0,75.0,66.0,58.0,60.0,58.0,60.0,62.0,68.0
1598,46.0,93.0,95.0,96.0,97.0,96.0,95.0,95.0,94.0,94.0,94.0,94.0,94.0,96.0,96.0,95.0,91.0,76.0,68.0,90.0,93.0,96.0,97.0,97.0
1599,69.0,74.33333333333333,72.33333333333333,74.66666666666667,76.0,78.0,78.66666666666667,79.66666666666667,82.0,81.33333333333333,85.0,89.66666666666667,90.0,85.66666666666667,77.33333333333333,68.66666666666667,63.666666666666664,59.0,58.333333333333336,53.0,59.333333333333336,59.0,60.0,60.333333333333336
1600,58.0,74.0,84.0,89.0,90.0,90.0,90.0,91.0,85.0,86.0,87.0,88.0,87.0,85.0,76.0,75.0,72.0,68.0,76.0,63.0,65.0,67.0,71.0,72.0
1601,52.0,59.0,64.0,68.0,71.33333333333333,71.66666666666667,78.66666666666667,84.0,90.33333333333333,89.33333333333333,86.33333333333333,84.66666666666667,91.33333333333333,89.33333333333333,93.66666666666667,97.66666666666667,97.66666666666667,95.66666666666667,95.66666666666667,94.33333333333333,96.33333333333333,95.33333333333333,93.33333333333333,88.33333333333333
1602,69.0,71.0,69.0,69.0,71.0,74.0,76.0,76.0,76.0,81.0,82.0,82.0,76.0,69.0,69.0,69.0,67.0,65.0,67.0,63.0,67.0,69.0,69.0,79.0
1603,84.0,87.0,90.0,93.0,87.0,87.0,87.0,83.0,84.0,87.0,86.0,90.0,86.0,80.0,80.0,67.0,60.0,56.0,52.0,48.0,47.0,43.0,47.0,46.0
1604,100.0,100.0,100.0,100.0,100.0,100.0,100.0,100.0,100.0,100.0,100.0,100.0,100.0,93.0,88.0,88.0,85.0,80.0,77.0,73.0,71.0,84.0,94.0,96.0
1605,12.0,11.0,13.0,15.0,16.0,21.0,21.0,22.0,23.0,24.0,28.0,30.0,32.0,35.0,35.0,28.0,24.0,22.0,23.0,16.0,13.0,11.0,10.0,9.0
1606,85.0,84.0,83.0,85.0,83.0,84.0,84.0,87.0,90.0,83.0,84.0,84.0,76.0,76.0,72.0,70.0,69.0,72.0,74.0,77.0,75.0,74.0,78.0,83.0
1607,80.0,88.0,89.0,90.0,92.0,94.0,95.0,95.0,96.0,97.0,98.0,96.0,100.0,94.0,89.0,78.66666666666667,73.33333333333333,67.0,71.0,70.0,70.0,74.0,66.66666666666667,66.0
1608,45.0,51.0,74.0,90.0,93.0,100.0,96.0,100.0,100.0,97.0,100.0,100.0,96.0,96.0,72.0,75.0,70.0,65.0,63.0,61.0,63.0,60.0,65.0,61.0
1609,8.0,9.0,11.0,12.0,13.0,12.0,18.0,19.0,21.0,22.0,23.0,24.0,26.0,25.0,24.0,24.0,17.0,14.0,14.0,11.0,10.0,10.0,9.0,9.0
1610,71.0,81.0,81.0,81.0,79.0,76.0,78.0,81.0,79.0,79.0,79.0,79.0,76.0,75.0,70.0,71.0,66.0,66.0,66.0,68.0,70.0,73.0,76.0,76.0
1611,88.0,88.0,84.0,88.0,88.0,94.0,94.0,100.0,100.0,100.0,100.0,100.0,100.0,88.0,78.0,74.0,66.0,62.0,55.0,55.0,58.0,62.0,62.0,74.0
1612,74.0,77.0,77.0,77.0,77.0,77.0,79.0,88.0,90.0,88.0,90.0,90.0,87.0,77.0,70.0,63.0,62.0,62.0,58.0,62.0,63.0,63.0,67.0,70.0
1613,81.0,81.0,81.0,81.0,81.0,75.0,78.0,78.0,78.0,81.0,78.0,78.0,75.0,66.0,64.0,63.0,61.0,61.0,63.0,63.0,68.0,73.0,73.0,78.0
1614,82.0,86.0,84.0,82.0,79.0,79.0,82.0,84.0,85.0,84.0,85.0,87.0,87.0,89.0,88.0,84.0,80.0,80.0,80.0,73.0,74.0,73.0,76.0,78.0
1615,70.0,74.0,74.0,74.0,74.0,74.0,74.0,79.0,79.0,89.0,94.66666666666667,94.0,94.0,89.0,89.0,74.0,74.0,74.0,70.0,62.0,62.0,62.0,66.0,70.0
1616,87.0,87.0,90.0,90.0,87.0,90.0,90.0,93.0,93.0,93.0,96.0,90.0,78.0,70.0,68.0,68.0,68.0,68.0,66.0,65.0,70.0,73.0,81.0,76.0
1617,94.0,96.0,96.0,97.0,97.0,97.0,97.0,96.0,96.0,96.0,93.0,96.0,100.0,96.0,96.0,90.0,79.33333333333333,82.0,74.0,68.0,68.66666666666667,61.0,63.0,61.0
1618,96.0,100.0,100.0,100.0,100.0,100.0,97.0,97.0,96.0,96.0,96.0,97.0,97.0,96.0,96.0,100.0,100.0,83.0,77.0,77.0,66.0,61.0,59.0,64.0
1619,90.0,90.0,90.0,93.0,97.0,97.0,96.0,90.0,90.0,90.0,86.0,86.0,87.0,87.0,81.0,75.0,67.0,60.0,57.333333333333336,49.0,48.0,42.0,40.0,42.0
1620,89.0,100.0,100.0,100.0,100.0,100.0,100.0,100.0,100.0,100.0,100.0,100.0,100.0,94.0,78.0,74.0,62.0,62.0,58.0,62.0,62.0,70.0,70.0,78.0
1621,78.0,83.0,88.0,94.0,88.0,88.0,83.0,83.0,78.0,78.0,74.0,69.0,65.0,65.0,83.0,78.0,65.0,61.0,51.0,50.0,45.0,44.0,49.0,52.0
1622,56.333333333333336,71.33333333333333,75.0,71.33333333333333,75.33333333333333,72.33333333333333,75.0,79.66666666666667,79.66666666666667,81.33333333333333,84.66666666666667,86.33333333333333,88.33333333333333,83.66666666666667,71.33333333333333,63.333333333333336,55.666666666666664,49.0,55.0,62.333333333333336,57.0,47.333333333333336,52.0,54.333333333333336
1623,100.0,100.0,100.0,100.0,100.0,100.0,100.0,100.0,100.0,100.0,100.0,100.0,100.0,100.0,100.0,100.0,100.0,87.0,81.0,71.0,66.0,58.0,54.0,51.0
1624,86.66666666666667,86.66666666666667,87.33333333333333,87.66666666666667,86.66666666666667,87.66666666666667,85.66666666666667,87.66666666666667,87.66666666666667,88.66666666666667,91.33333333333333,92.33333333333333,93.33333333333333,92.33333333333333,89.33333333333333,88.33333333333333,84.66666666666667,83.0,83.0,80.33333333333333,81.66666666666667,81.66666666666667,84.66666666666667,86.66666666666667
1625,70.0,74.0,79.0,84.0,84.0,89.0,89.0,94.0,100.0,100.0,94.0,94.0,94.0,94.0,84.0,79.0,66.0,66.0,63.0,56.0,56.0,59.0,74.0,74.0
1626,94.0,94.0,94.0,94.0,94.0,100.0,94.0,94.0,100.0,94.0,94.0,94.0,94.0,93.0,81.0,81.0,81.0,71.0,66.0,58.0,51.0,51.0,47.0,47.0
1627,85.0,88.0,91.0,91.0,91.0,91.0,94.0,94.0,94.0,94.0,94.0,94.0,94.0,88.0,82.0,77.0,70.0,65.0,59.0,55.0,57.0,61.0,96.0,94.0
1628,64.0,68.0,69.66666666666667,71.0,72.66666666666667,73.33333333333333,75.0,77.33333333333333,78.66666666666667,81.33333333333333,82.33333333333333,80.33333333333333,78.33333333333333,72.33333333333333,66.0,62.333333333333336,58.333333333333336,57.666666666666664,54.333333333333336,54.666666666666664,70.66666666666667,62.0,61.666666666666664,64.0
1629,67.66666666666667,78.0,84.0,86.0,85.33333333333333,86.33333333333333,88.33333333333333,91.33333333333333,91.66666666666667,91.0,92.0,90.66666666666667,88.33333333333333,81.33333333333333,69.33333333333333,65.0,64.0,61.333333333333336,55.666666666666664,57.0,60.333333333333336,64.0,67.0,80.66666666666667
1630,85.0,94.0,96.0,98.0,99.0,99.0,99.0,99.0,99.0,93.66666666666667,99.0,100.0,100.0,100.0,90.0,61.0,56.0,57.0,54.0,55.0,54.0,55.0,58.0,65.0
1631,81.66666666666667,82.66666666666667,90.0,93.33333333333333,92.66666666666667,91.0,89.0,84.33333333333333,81.0,79.0,79.33333333333333,79.66666666666667,78.33333333333333,81.0,77.66666666666667,71.33333333333333,65.66666666666667,62.0,60.333333333333336,59.666666666666664,59.0,62.666666666666664,65.0,74.66666666666667
1632,66.0,74.0,78.0,78.0,74.0,74.0,78.0,78.0,78.0,74.0,74.0,78.0,74.0,74.0,69.0,65.0,83.0,74.0,70.0,62.0,59.0,62.0,62.0,70.0
1633,78.66666666666667,86.33333333333333,89.66666666666667,92.66666666666667,92.0,93.66666666666667,90.0,90.33333333333333,89.66666666666667,90.66666666666667,90.33333333333333,90.66666666666667,89.66666666666667,84.33333333333333,73.66666666666667,65.0,58.666666666666664,56.333333333333336,58.0,59.333333333333336,58.333333333333336,58.333333333333336,62.0,74.66666666666667
1634,61.0,64.33333333333333,66.0,63.666666666666664,63.0,65.66666666666667,66.0,67.0,67.0,73.33333333333333,76.0,83.0,77.66666666666667,79.66666666666667,74.66666666666667,67.0,64.33333333333333,58.333333333333336,57.0,53.333333333333336,51.666666666666664,54.333333333333336,56.666666666666664,59.0
1635,77.66666666666667,81.66666666666667,85.33333333333333,82.33333333333333,80.66666666666667,83.33333333333333,87.66666666666667,91.66666666666667,86.33333333333333,86.33333333333333,85.33333333333333,81.33333333333333,80.33333333333333,75.66666666666667,71.0,71.33333333333333,68.0,64.66666666666667,62.666666666666664,63.0,69.66666666666667,67.33333333333333,68.0,80.0
1636,67.66666666666667,77.66666666666667,78.33333333333333,74.33333333333333,74.33333333333333,76.0,82.0,84.0,80.33333333333333,85.33333333333333,84.33333333333333,82.66666666666667,75.33333333333333,70.33333333333333,65.0,62.0,61.333333333333336,58.333333333333336,56.0,56.0,59.666666666666664,59.0,63.333333333333336,68.33333333333333
1637,77.66666666666667,81.66666666666667,85.33333333333333,82.33333333333333,80.66666666666667,83.33333333333333,87.66666666666667,91.66666666666667,86.33333333333333,86.33333333333333,85.33333333333333,81.33333333333333,80.33333333333333,75.66666666666667,71.0,71.33333333333333,68.0,64.66666666666667,62.666666666666664,63.0,69.66666666666667,67.33333333333333,68.0,80.0
1638,29.333333333333332,33.333333333333336,42.333333333333336,54.666666666666664,55.333333333333336,60.333333333333336,65.0,65.66666666666667,64.0,70.0,70.0,74.33333333333333,76.66666666666667,75.66666666666667,76.33333333333333,58.666666666666664,52.666666666666664,39.77777777777778,27.333333333333332,23.666666666666668,20.0,18.333333333333332,14.666666666666666,14.0
1639,63.0,68.33333333333333,73.0,77.0,78.33333333333333,81.0,81.33333333333333,82.0,84.33333333333333,85.66666666666667,84.66666666666667,85.0,80.66666666666667,71.66666666666667,64.33333333333333,58.0,54.666666666666664,53.0,54.333333333333336,53.0,62.0,73.33333333333333,68.66666666666667,67.0
1640,50.0,58.0,60.0,63.0,74.0,92.0,94.0,95.0,94.0,93.0,88.0,87.0,87.0,85.0,79.0,72.0,66.0,59.0,59.0,55.0,53.0,51.0,52.0,55.0
1641,78.0,78.0,90.0,93.0,93.0,93.0,87.0,81.0,82.0,79.0,79.0,81.0,76.0,71.0,79.0,69.0,63.0,57.0,53.0,50.0,51.0,55.0,67.0,69.0
1642,27.0,60.0,69.0,80.0,84.0,86.0,89.0,95.0,89.0,91.0,93.0,96.0,96.0,96.0,89.0,63.0,42.0,36.0,32.0,29.0,28.0,25.0,25.0,24.0
1643,46.0,52.0,55.0,88.0,94.0,100.0,100.0,94.0,88.0,88.0,88.0,82.0,88.0,82.0,77.0,72.0,63.0,63.0,56.0,49.0,49.0,49.0,49.0,49.0
1644,78.0,80.0,80.0,86.0,89.0,86.0,77.0,77.0,74.0,74.0,77.0,77.0,80.0,74.0,71.0,71.0,70.33333333333333,69.0,61.0,56.0,51.0,53.0,49.0,53.0
1645,17.0,19.0,23.0,25.0,23.0,22.0,24.0,29.0,57.0,70.0,59.0,45.0,49.0,72.0,79.0,62.0,41.0,28.0,24.0,18.0,15.0,13.0,13.0,13.0
1646,94.0,83.0,83.0,88.0,88.0,88.0,88.0,94.0,94.0,88.0,94.0,94.0,88.0,78.0,78.0,74.0,74.0,70.0,66.0,66.0,59.0,62.0,66.0,70.0
1647,49.0,55.666666666666664,61.666666666666664,64.33333333333333,67.66666666666667,69.66666666666667,74.0,77.33333333333333,79.66666666666667,85.33333333333333,88.0,91.0,91.0,93.33333333333333,90.0,85.0,83.66666666666667,77.66666666666667,72.0,65.33333333333333,71.33333333333333,75.66666666666667,74.33333333333333,72.66666666666667
1648,78.0,78.0,86.0,93.0,97.0,100.0,100.0,100.0,100.0,100.0,97.0,89.0,93.0,92.0,86.0,76.0,76.0,66.0,53.0,48.0,42.0,33.0,35.0,34.0
1649,64.0,83.0,86.0,87.0,92.0,95.0,94.0,98.0,99.0,99.0,100.0,99.0,100.0,99.0,86.0,78.0,70.0,63.0,58.0,58.0,56.0,82.0,91.0,95.0
1650,51.0,54.0,90.0,91.0,95.0,96.0,95.0,95.0,92.0,90.0,87.0,89.0,83.0,83.0,77.0,71.0,71.0,64.0,62.0,62.0,62.0,64.0,69.0,67.0
1651,11.0,11.0,17.0,17.0,20.666666666666668,25.0,25.666666666666668,24.333333333333332,27.333333333333332,26.666666666666668,29.0,30.666666666666668,29.666666666666668,33.0,34.666666666666664,32.0,23.0,26.0,25.0,24.0,20.0,18.0,15.0,14.0
1652,52.0,56.0,55.0,58.0,58.0,62.0,64.0,62.0,62.0,59.0,66.0,87.0,87.0,86.0,76.0,70.0,70.0,64.0,50.0,48.0,47.0,46.0,49.0,50.0
1653,58.0,64.0,68.0,67.0,73.0,86.0,95.0,95.0,97.0,96.0,93.0,87.0,87.0,86.0,81.0,73.0,71.0,64.0,62.0,54.0,58.0,62.0,62.0,64.0
1654,60.666666666666664,67.66666666666667,69.33333333333333,71.33333333333333,74.0,78.0,79.33333333333333,87.0,90.66666666666667,92.0,93.33333333333333,96.0,96.33333333333333,89.66666666666667,81.66666666666667,74.0,60.333333333333336,51.333333333333336,49.0,43.666666666666664,40.0,40.0,44.0,50.333333333333336
1655,87.0,86.0,87.0,90.0,93.0,93.0,96.0,96.0,96.0,93.0,93.0,93.0,93.0,90.0,80.0,76.0,75.0,75.0,76.0,73.0,79.0,81.0,84.0,87.0
1656,70.0,64.0,66.0,67.0,66.0,66.0,65.0,67.0,66.0,68.0,79.0,90.0,80.0,77.0,76.0,68.0,68.0,59.0,53.0,54.0,53.0,51.0,56.0,58.0
1657,84.0,86.66666666666667,86.0,86.33333333333333,87.0,87.66666666666667,88.33333333333333,88.66666666666667,90.66666666666667,91.0,92.0,94.0,95.33333333333333,94.66666666666667,89.0,80.66666666666667,71.66666666666667,65.33333333333333,63.0,60.0,59.333333333333336,61.333333333333336,67.33333333333333,72.66666666666667
1658,48.0,49.0,56.0,58.0,61.0,62.0,62.0,62.0,60.0,59.0,61.0,97.0,98.0,98.0,98.0,76.0,71.0,64.0,48.0,51.0,46.0,49.0,48.0,50.0
1659,52.0,52.0,55.0,74.0,94.0,100.0,94.0,94.0,94.0,88.0,82.0,88.0,88.0,82.0,77.0,72.0,68.0,63.0,59.0,59.0,55.0,55.0,52.0,59.0
1660,84.0,86.0,86.0,87.0,88.0,87.0,83.0,78.0,74.0,75.0,76.0,73.0,70.0,73.0,76.0,77.0,68.0,61.0,58.0,51.0,43.0,50.0,57.0,59.0
1661,93.66666666666667,96.0,96.33333333333333,96.0,96.66666666666667,94.33333333333333,95.33333333333333,96.33333333333333,97.0,96.66666666666667,96.33333333333333,94.33333333333333,94.66666666666667,96.0,93.33333333333333,88.66666666666667,83.0,74.0,78.0,67.33333333333333,66.0,66.66666666666667,62.333333333333336,65.0
1662,81.0,84.0,83.0,87.0,89.0,90.0,86.0,86.0,86.0,86.0,83.0,83.0,77.0,79.0,77.0,72.0,62.0,52.0,42.0,40.0,32.0,30.0,29.0,29.0
1663,84.66666666666667,84.66666666666667,90.0,87.0,86.0,87.0,91.33333333333333,91.66666666666667,90.33333333333333,94.33333333333333,94.66666666666667,94.66666666666667,93.33333333333333,83.0,77.0,70.0,61.0,57.0,55.0,56.666666666666664,75.66666666666667,81.0,87.33333333333333,92.0
1664,61.0,66.0,68.0,69.33333333333333,69.0,73.33333333333333,73.66666666666667,75.0,73.33333333333333,73.33333333333333,71.33333333333333,72.0,70.66666666666667,69.0,66.33333333333333,61.0,61.0,59.666666666666664,57.0,59.666666666666664,61.333333333333336,78.33333333333333,78.33333333333333,80.0
1665,96.0,97.0,97.0,96.0,96.0,90.0,93.0,93.0,90.0,93.0,90.0,84.0,81.0,78.0,75.0,72.0,67.0,67.0,62.0,64.0,62.0,71.0,68.0,80.0
1666,79.0,79.0,84.0,100.0,100.0,100.0,100.0,100.0,100.0,100.0,100.0,100.0,100.0,100.0,94.0,79.0,62.666666666666664,58.666666666666664,55.333333333333336,60.333333333333336,53.333333333333336,60.0,62.666666666666664,66.0
1667,65.0,70.0,90.0,92.0,94.0,94.0,92.0,95.0,95.0,99.0,99.0,99.0,100.0,100.0,100.0,89.0,82.0,72.0,71.0,70.0,68.0,66.0,61.0,66.0
1668,56.0,97.0,97.0,90.0,100.0,97.0,97.0,96.0,96.0,96.0,100.0,100.0,100.0,97.0,96.0,90.0,84.0,69.0,58.0,58.0,62.0,54.0,60.0,69.0
1669,84.0,94.0,88.0,88.0,88.0,88.0,83.0,83.0,83.0,88.0,88.0,83.0,78.0,74.0,70.0,66.0,66.0,70.0,70.0,66.0,62.0,59.0,66.0,83.0
1670,59.0,65.0,70.0,70.0,72.0,72.0,82.0,97.0,96.0,93.0,93.0,93.0,87.0,87.0,86.0,78.0,70.0,63.0,58.0,52.0,52.0,52.0,50.0,54.0
1671,88.0,95.0,96.0,99.0,100.0,100.0,100.0,94.0,94.0,97.0,99.0,100.0,100.0,90.0,78.0,62.0,56.0,55.0,49.0,49.0,47.0,50.0,51.0,58.0
1672,36.0,36.0,36.0,39.0,41.0,44.0,42.0,50.0,50.0,51.0,61.0,67.0,67.0,72.0,74.0,72.0,65.0,52.0,49.0,45.0,39.0,37.0,29.0,28.0
1673,65.0,70.0,68.0,70.0,65.0,69.0,69.0,87.0,87.0,90.0,90.0,93.0,93.0,87.0,78.0,73.0,70.0,68.0,65.0,60.0,59.0,57.0,59.0,63.0
1674,89.0,88.0,86.0,83.0,80.0,74.0,72.0,73.0,73.0,72.0,73.0,66.0,66.0,66.0,81.0,80.0,77.0,72.0,60.0,56.0,49.0,55.0,41.0,49.0
1675,79.0,82.0,82.0,88.0,93.0,93.0,94.0,94.0,90.0,93.0,97.0,97.0,93.0,82.0,72.0,63.0,74.0,82.0,85.0,79.0,85.0,74.0,74.0,74.0
1676,74.0,83.0,83.33333333333333,85.66666666666667,90.0,90.66666666666667,95.33333333333333,95.66666666666667,97.66666666666667,98.0,98.33333333333333,100.0,100.0,88.0,74.0,65.0,58.0,55.0,52.0,55.0,52.0,51.0,51.0,58.0
1677,82.0,82.0,82.0,83.0,82.0,82.0,82.0,82.0,82.0,82.0,82.0,83.0,82.0,82.0,82.0,63.0,53.0,47.0,49.0,67.0,56.0,55.0,62.0,65.0
1678,90.0,87.0,87.0,87.0,87.0,90.0,87.0,90.0,90.0,90.0,87.0,81.0,75.0,75.0,90.0,78.0,72.0,78.0,67.0,60.0,55.0,55.0,59.0,59.0
1679,87.0,84.0,84.0,90.0,90.0,90.0,87.0,90.0,90.0,90.0,90.0,90.0,90.0,90.0,87.0,87.0,87.0,87.0,84.0,84.0,79.0,82.0,82.0,87.0
1680,45.0,61.0,70.0,70.0,75.0,78.0,83.0,84.0,90.0,93.0,93.0,92.0,93.0,93.0,89.0,59.0,48.0,43.0,32.0,28.0,27.0,26.0,27.0,27.0
1681,34.0,30.666666666666668,46.0,44.333333333333336,47.666666666666664,53.0,56.0,62.0,72.0,80.0,80.0,80.0,72.0,68.66666666666667,67.66666666666667,63.333333333333336,55.666666666666664,52.666666666666664,49.0,46.0,33.666666666666664,36.0,27.333333333333332,27.0
1682,93.0,93.0,93.0,100.0,96.33333333333333,93.0,93.0,93.0,93.0,90.0,90.0,87.0,83.0,94.0,93.0,89.0,89.0,93.0,89.0,82.0,79.0,71.0,68.0,71.0
1683,93.0,96.0,100.0,100.0,100.0,100.0,100.0,100.0,100.0,100.0,100.0,100.0,87.0,72.0,70.0,67.0,65.0,72.0,72.0,78.0,72.0,78.0,80.0,80.0
1684,90.0,89.0,93.0,88.33333333333333,87.0,87.0,88.0,89.33333333333333,89.66666666666667,92.0,94.0,95.0,96.0,94.66666666666667,89.66666666666667,85.33333333333333,75.66666666666667,70.33333333333333,67.0,64.66666666666667,79.33333333333333,83.33333333333333,90.66666666666667,91.66666666666667
1685,83.0,88.0,88.0,94.0,94.0,88.0,88.0,94.0,88.0,94.0,94.0,100.0,100.0,94.0,78.0,69.0,61.0,65.0,65.0,65.0,62.0,65.0,70.0,78.0
1686,80.0,93.0,100.0,100.0,100.0,100.0,100.0,100.0,100.0,100.0,100.0,100.0,100.0,100.0,100.0,86.0,70.0,66.0,58.0,70.0,68.0,76.0,82.0,95.0
1687,10.666666666666666,14.666666666666666,16.333333333333332,23.666666666666668,24.333333333333332,26.0,27.666666666666668,30.333333333333332,28.333333333333332,27.333333333333332,26.666666666666668,29.0,28.0,29.333333333333332,31.333333333333332,28.0,24.666666666666668,21.666666666666668,18.666666666666668,15.0,12.666666666666666,9.0,7.0,8.0
1688,29.0,39.0,47.0,56.0,60.0,68.0,63.0,72.0,82.0,72.0,82.0,76.0,94.0,76.0,82.0,94.0,94.0,77.0,60.0,54.0,48.0,45.0,40.0,45.0
1689,87.0,90.0,93.0,97.0,96.0,93.0,96.0,93.0,97.0,93.0,90.0,93.0,87.0,87.0,84.0,93.0,87.0,80.0,80.0,81.0,80.0,83.0,87.0,96.0
1690,18.0,19.333333333333332,23.0,24.666666666666668,31.333333333333332,33.666666666666664,36.0,40.55555555555555,41.666666666666664,48.333333333333336,44.0,44.0,43.666666666666664,44.333333333333336,45.666666666666664,44.0,33.333333333333336,28.0,25.0,20.333333333333332,16.333333333333332,15.0,14.0,14.0
1691,75.0,83.0,89.0,90.0,95.0,98.0,96.0,95.0,96.0,97.0,97.0,98.0,97.0,98.0,94.0,86.0,80.0,75.0,84.0,85.0,83.0,79.0,95.0,97.0
1692,84.0,94.0,94.0,94.0,100.0,94.0,94.0,100.0,100.0,100.0,100.0,94.0,94.0,74.0,66.0,62.0,62.0,58.0,55.0,52.0,52.0,58.0,58.0,66.0
1693,59.0,70.0,72.0,77.0,79.0,82.0,88.0,96.0,100.0,100.0,100.0,100.0,100.0,96.0,90.0,82.0,70.0,62.0,68.0,68.0,90.0,79.0,79.0,74.0
1694,59.0,74.0,79.0,89.0,89.0,84.0,78.0,78.0,89.0,89.0,89.0,94.0,94.0,94.0,94.0,89.0,84.0,79.0,74.0,70.0,62.0,74.0,89.0,84.0
1695,77.66666666666667,79.0,81.66666666666667,84.33333333333333,86.0,88.0,90.33333333333333,89.0,90.0,86.33333333333333,90.33333333333333,90.0,90.66666666666667,91.66666666666667,89.66666666666667,88.66666666666667,85.0,79.33333333333333,65.66666666666667,55.0,50.666666666666664,44.666666666666664,42.333333333333336,41.666666666666664
1696,55.0,63.0,65.0,63.0,63.0,65.0,65.0,65.0,67.0,67.0,69.0,74.0,74.0,76.0,67.0,69.0,71.0,56.0,42.0,39.0,38.0,36.0,51.0,55.0
1697,18.0,23.0,28.0,35.0,41.0,46.0,42.0,46.0,46.0,42.0,46.0,65.0,65.0,51.0,46.0,38.0,31.0,26.0,20.0,18.0,16.0,14.0,13.0,12.0
1698,70.0,74.0,83.0,88.0,83.0,88.0,88.0,88.0,88.0,88.0,88.0,88.0,94.0,84.0,74.0,59.0,49.0,49.0,70.0,49.0,52.0,49.0,52.0,58.0
1699,79.0,94.0,100.0,100.0,100.0,100.0,67.33333333333333,100.0,100.0,100.0,100.0,100.0,100.0,100.0,84.0,74.0,66.0,62.0,66.0,59.0,53.0,47.0,52.0,49.0
1700,70.0,80.0,78.0,79.0,77.0,76.0,78.0,75.0,82.0,77.0,79.0,78.0,84.0,76.0,69.0,64.0,64.0,59.0,57.0,59.0,58.0,57.0,62.0,66.0
1701,78.0,83.0,88.0,88.0,83.0,83.0,83.0,88.0,94.0,100.0,94.0,94.0,100.0,94.0,74.0,65.0,55.0,55.0,52.0,58.0,55.0,55.0,62.0,66.0
1702,87.0,86.33333333333333,88.0,90.33333333333333,89.66666666666667,90.66666666666667,93.0,93.0,93.0,89.66666666666667,89.33333333333333,88.0,87.66666666666667,87.33333333333333,83.33333333333333,72.33333333333333,63.666666666666664,53.333333333333336,48.666666666666664,45.666666666666664,36.333333333333336,34.333333333333336,31.0,31.0
1703,83.0,84.0,84.0,81.0,87.0,93.0,93.0,93.0,93.0,93.0,96.0,93.0,93.0,90.0,84.0,79.0,72.0,67.0,63.0,60.666666666666664,60.0,62.0,65.0,90.0
1704,78.0,85.0,93.0,97.0,99.0,99.0,100.0,100.0,99.0,100.0,100.0,100.0,99.0,99.0,97.0,75.0,68.0,61.0,66.0,65.0,67.0,68.0,75.0,83.0
1705,100.0,100.0,94.0,100.0,94.0,100.0,100.0,100.0,100.0,100.0,93.0,93.0,93.0,93.0,87.0,82.0,66.0,58.0,51.0,48.0,41.0,34.0,36.0,36.0
1706,63.0,65.0,65.0,67.0,67.0,65.0,69.0,69.0,71.0,79.0,76.0,85.33333333333333,93.0,93.0,87.0,82.0,76.0,79.0,76.0,79.0,79.0,87.0,73.0,75.0
1707,100.0,100.0,100.0,100.0,100.0,94.0,100.0,100.0,100.0,100.0,100.0,100.0,94.0,87.0,87.0,93.0,76.0,71.0,82.0,58.0,58.0,51.0,54.0,58.0
1708,96.0,93.0,97.0,97.0,96.0,96.0,96.0,96.0,96.0,96.0,96.0,96.0,96.0,92.0,89.0,83.0,71.0,66.0,62.0,57.0,57.0,51.0,45.0,47.0
1709,84.0,89.0,84.0,89.0,88.0,94.0,100.0,100.0,100.0,100.0,100.0,100.0,100.0,100.0,88.0,61.0,61.0,66.0,62.0,66.0,58.0,62.0,66.0,79.0
1710,62.0,70.0,70.0,84.0,83.0,83.0,88.0,88.0,88.0,94.0,94.0,94.0,88.0,94.0,79.0,70.0,62.0,55.0,52.0,52.0,49.0,49.0,52.0,58.0
1711,73.0,76.0,76.0,78.0,75.0,75.0,75.0,75.0,73.0,75.0,75.0,78.0,78.0,78.0,78.0,73.0,73.0,73.0,76.0,76.0,76.0,79.0,79.0,81.0
1712,79.33333333333333,87.66666666666667,88.0,88.66666666666667,87.66666666666667,89.33333333333333,92.0,91.66666666666667,93.66666666666667,95.0,95.66666666666667,95.33333333333333,96.0,94.33333333333333,95.0,86.0,88.0,86.0,78.0,68.0,62.0,85.0,97.0,96.0
1713,87.0,90.0,90.0,93.0,93.0,93.0,93.0,90.0,93.0,93.0,93.0,93.0,90.0,87.0,79.0,74.0,69.0,62.0,57.0,56.0,58.0,58.0,60.0,66.0
1714,46.0,58.0,70.0,66.0,66.0,70.0,74.0,78.0,83.0,78.0,83.0,83.0,88.0,83.0,88.0,88.0,88.0,94.0,94.0,88.0,94.0,88.0,94.0,94.0
1715,27.0,29.333333333333332,38.333333333333336,41.333333333333336,47.333333333333336,49.333333333333336,54.333333333333336,60.333333333333336,66.66666666666667,67.33333333333333,68.0,74.33333333333333,78.66666666666667,75.0,77.33333333333333,66.66666666666667,55.0,46.333333333333336,39.333333333333336,28.666666666666668,21.0,17.666666666666668,17.333333333333332,16.666666666666668
1716,60.666666666666664,61.333333333333336,58.0,62.0,62.0,62.0,62.0,62.0,65.0,100.0,100.0,88.66666666666667,88.66666666666667,81.33333333333333,81.0,72.0,67.33333333333333,60.666666666666664,60.666666666666664,56.333333333333336,54.333333333333336,54.666666666666664,57.0,58.666666666666664
1717,89.0,94.0,100.0,94.0,84.0,89.0,89.0,94.0,100.0,100.0,100.0,100.0,100.0,94.0,89.0,75.0,66.0,63.0,62.0,52.0,47.0,47.0,47.0,52.0
1718,58.333333333333336,63.666666666666664,67.66666666666667,72.66666666666667,72.66666666666667,76.33333333333333,76.0,78.66666666666667,74.0,73.33333333333333,71.66666666666667,72.66666666666667,74.66666666666667,80.0,73.33333333333333,68.0,62.333333333333336,57.333333333333336,57.0,57.333333333333336,68.66666666666667,85.33333333333333,81.33333333333333,86.0
1719,55.0,61.0,66.0,82.0,86.0,85.0,88.0,89.0,94.0,100.0,100.0,100.0,100.0,100.0,100.0,100.0,100.0,100.0,96.66666666666667,100.0,100.0,100.0,100.0,100.0
1720,43.0,49.0,58.0,66.0,74.0,69.0,65.0,58.0,69.0,69.0,74.0,61.0,69.0,69.0,62.0,59.0,55.0,55.0,49.0,70.0,62.0,55.0,55.0,66.0
1721,69.0,74.0,76.0,78.0,85.0,86.0,87.0,89.0,97.0,97.0,99.0,100.0,100.0,100.0,100.0,93.0,87.0,78.0,76.0,64.0,64.0,67.0,74.0,80.0
1722,84.0,76.0,79.0,82.0,82.0,82.0,76.0,74.0,77.0,74.0,69.0,71.0,71.0,69.0,71.0,77.0,76.0,74.0,71.0,62.0,52.0,52.0,50.0,57.0
1723,100.0,100.0,100.0,100.0,94.0,88.0,86.66666666666667,94.0,88.0,88.0,82.0,94.0,82.0,82.0,82.0,87.0,82.0,71.0,76.0,71.0,67.0,62.0,62.0,55.0
1724,72.0,74.0,85.0,91.0,95.0,98.0,99.0,99.0,99.0,100.0,100.0,100.0,99.0,94.0,82.0,77.0,64.0,62.0,54.0,57.0,58.0,66.0,68.0,72.0
1725,83.0,83.0,88.0,94.0,94.0,88.0,83.0,83.0,83.0,78.0,74.0,78.0,78.0,65.0,61.0,65.0,78.0,78.0,74.0,65.0,54.0,54.0,50.0,49.0
1726,79.0,84.0,83.0,88.0,88.0,94.0,88.0,94.0,94.0,94.0,94.0,94.0,94.0,88.0,94.0,94.0,94.0,88.0,88.0,88.0,94.0,88.0,89.0,89.0
1727,88.0,94.0,94.0,94.0,94.0,83.0,88.0,94.0,88.0,88.0,94.0,82.0,82.0,82.0,76.0,72.0,63.0,59.0,52.0,52.0,49.0,49.0,48.0,48.0
1728,79.0,84.0,84.0,84.0,84.0,84.0,79.0,84.0,84.0,89.0,94.0,94.0,94.0,84.0,79.0,66.0,62.0,59.0,59.0,62.0,62.0,70.0,70.0,74.0
1729,58.666666666666664,65.0,71.0,75.66666666666667,73.66666666666667,77.66666666666667,83.33333333333333,76.33333333333333,78.33333333333333,80.0,84.33333333333333,89.33333333333333,92.66666666666667,85.33333333333333,71.0,68.33333333333333,52.333333333333336,48.333333333333336,43.666666666666664,38.0,38.333333333333336,36.333333333333336,36.0,43.333333333333336
1730,80.0,82.33333333333333,85.33333333333333,85.66666666666667,85.0,88.0,90.33333333333333,92.66666666666667,93.0,93.33333333333333,92.66666666666667,87.0,86.66666666666667,78.66666666666667,71.0,71.0,67.66666666666667,67.33333333333333,65.66666666666667,65.33333333333333,69.66666666666667,70.0,79.33333333333333,86.66666666666667
1731,90.66666666666667,92.0,94.0,94.33333333333333,88.66666666666667,89.33333333333333,90.0,90.66666666666667,91.0,92.33333333333333,91.0,93.33333333333333,92.0,88.0,85.33333333333333,71.33333333333333,64.0,59.0,51.333333333333336,46.666666666666664,44.666666666666664,41.333333333333336,42.0,43.333333333333336
1732,57.666666666666664,64.33333333333333,69.66666666666667,67.66666666666667,70.66666666666667,73.66666666666667,75.66666666666667,75.66666666666667,86.33333333333333,90.33333333333333,91.33333333333333,95.33333333333333,95.66666666666667,98.66666666666667,91.0,83.0,77.0,72.66666666666667,68.66666666666667,67.0,67.33333333333333,69.66666666666667,70.66666666666667,71.66666666666667
1733,73.66666666666667,73.33333333333333,75.66666666666667,78.33333333333333,84.0,87.0,90.33333333333333,91.66666666666667,93.66666666666667,93.66666666666667,93.33333333333333,93.0,92.66666666666667,88.0,80.66666666666667,74.66666666666667,68.66666666666667,60.666666666666664,57.333333333333336,62.0,65.66666666666667,63.333333333333336,68.33333333333333,60.0
1734,30.0,44.0,67.33333333333333,73.66666666666667,73.0,76.0,79.66666666666667,83.66666666666667,86.66666666666667,90.66666666666667,93.66666666666667,93.66666666666667,95.0,96.33333333333333,89.0,69.33333333333333,58.0,45.666666666666664,39.666666666666664,35.333333333333336,31.666666666666668,28.0,27.0,26.0
1735,10.0,11.666666666666666,16.666666666666668,21.0,26.333333333333332,34.333333333333336,36.666666666666664,34.333333333333336,41.666666666666664,42.0,41.333333333333336,45.0,43.666666666666664,49.0,48.333333333333336,31.0,22.333333333333332,15.666666666666666,13.333333333333334,12.666666666666666,11.333333333333334,9.666666666666666,9.666666666666666,9.333333333333334
1736,57.0,67.33333333333333,69.66666666666667,70.66666666666667,68.66666666666667,68.33333333333333,71.33333333333333,74.0,76.66666666666667,72.66666666666667,76.33333333333333,76.0,78.0,75.0,68.66666666666667,63.666666666666664,61.0,56.333333333333336,55.0,53.666666666666664,55.666666666666664,59.0,63.0,64.33333333333333
1737,37.666666666666664,39.333333333333336,46.333333333333336,52.333333333333336,56.666666666666664,58.0,57.333333333333336,54.333333333333336,54.666666666666664,57.333333333333336,59.0,58.333333333333336,60.0,60.333333333333336,62.0,51.666666666666664,40.0,37.666666666666664,39.666666666666664,37.0,36.0,36.0,33.666666666666664,32.0
1738,69.0,73.0,78.33333333333333,79.33333333333333,82.33333333333333,82.66666666666667,81.0,79.33333333333333,81.0,84.0,89.0,89.66666666666667,92.0,90.33333333333333,92.33333333333333,84.66666666666667,81.66666666666667,77.33333333333333,73.0,72.33333333333333,67.33333333333333,65.33333333333333,64.0,66.66666666666667
1739,38.0,38.0,49.0,55.0,62.0,62.0,66.0,76.0,76.0,81.0,81.0,87.0,87.0,87.0,80.0,57.0,22.0,18.0,16.0,20.0,23.0,27.0,27.0,25.0
1740,49.333333333333336,50.333333333333336,58.333333333333336,71.33333333333333,82.0,83.0,84.66666666666667,88.0,90.33333333333333,90.33333333333333,93.66666666666667,96.66666666666667,95.66666666666667,95.66666666666667,95.66666666666667,94.0,89.33333333333333,84.0,71.66666666666667,66.33333333333333,63.0,62.333333333333336,62.0,64.0
1741,52.0,64.0,78.0,86.0,87.0,93.0,90.0,93.0,87.0,86.0,84.0,80.0,81.0,77.0,75.0,62.0,56.0,50.0,41.0,37.0,32.0,27.0,29.0,33.0
1742,57.0,63.0,72.0,74.0,74.0,77.0,82.0,76.0,74.0,76.0,74.0,76.0,71.0,74.0,96.0,94.0,88.0,79.0,69.0,60.0,54.0,52.0,54.0,51.0
1743,74.0,74.0,78.0,90.66666666666667,89.0,95.0,94.8888888888889,95.77777777777777,89.0,95.22222222222223,94.0,94.0,95.33333333333333,89.0,79.0,70.0,66.0,59.0,74.0,70.0,59.0,62.0,70.0,74.0
1744,47.0,53.0,59.0,32.0,33.0,32.0,32.0,34.0,49.0,49.0,48.0,42.0,43.0,57.0,36.0,36.0,37.0,34.0,29.0,27.0,24.0,32.0,32.0,33.0
1745,83.0,83.0,83.0,83.0,83.0,83.0,83.0,88.0,83.0,83.0,74.0,74.0,78.0,74.0,74.0,70.0,66.0,62.0,59.0,59.0,62.0,59.0,58.0,66.0
1746,82.0,87.0,90.0,90.0,90.0,90.0,90.0,93.0,93.0,97.0,97.0,90.0,93.0,93.0,93.0,96.0,75.0,58.0,51.0,48.0,41.0,29.0,34.0,37.0
1747,70.0,78.0,70.0,65.0,65.0,69.0,69.0,74.0,74.0,74.0,74.0,94.0,94.0,88.0,78.0,83.0,74.0,74.0,74.0,74.0,69.0,69.0,65.0,57.0
1748,51.666666666666664,61.0,64.0,66.0,74.33333333333333,80.66666666666667,81.66666666666667,83.33333333333333,85.66666666666667,88.0,88.33333333333333,88.66666666666667,89.0,89.33333333333333,84.66666666666667,77.66666666666667,74.0,67.66666666666667,61.0,58.666666666666664,63.666666666666664,80.33333333333333,80.0,83.0
1749,76.66666666666667,80.33333333333333,84.0,86.0,87.66666666666667,89.33333333333333,92.66666666666667,92.66666666666667,94.0,92.66666666666667,93.66666666666667,95.33333333333333,93.33333333333333,83.33333333333333,74.0,69.0,60.333333333333336,60.666666666666664,59.333333333333336,59.666666666666664,59.0,58.0,59.333333333333336,72.0
1750,74.0,85.0,88.0,90.0,88.0,91.0,85.0,88.0,85.0,88.0,91.0,91.0,90.0,96.0,94.0,82.0,94.0,88.0,85.0,80.0,80.0,85.0,88.0,88.0
1751,85.0,84.0,85.0,81.0,77.0,81.0,85.0,85.0,85.0,85.0,85.0,85.0,85.0,85.0,74.0,57.0,52.0,54.0,50.0,49.0,47.0,46.0,46.0,46.0
1752,83.0,87.0,84.0,87.0,81.0,81.0,87.0,84.0,84.0,87.0,87.0,84.0,84.0,81.0,79.66666666666667,78.0,75.0,75.0,72.0,72.0,78.0,78.0,81.0,81.0
1753,68.0,77.0,83.0,84.0,81.0,82.0,83.0,88.0,91.0,92.0,90.0,88.0,86.0,77.0,66.0,62.0,56.0,57.0,54.0,53.0,54.0,56.0,61.0,89.0
1754,70.66666666666667,80.66666666666667,84.0,85.0,90.33333333333333,94.0,94.0,94.0,94.0,83.33333333333333,96.66666666666667,97.0,94.66666666666667,83.33333333333333,72.0,66.0,54.0,56.0,59.333333333333336,48.666666666666664,51.666666666666664,52.0,55.333333333333336,61.666666666666664
1755,70.0,73.0,73.0,73.0,73.0,73.0,73.0,75.0,76.0,75.0,75.0,75.0,73.0,78.33333333333333,74.0,73.0,71.0,69.0,71.0,69.0,70.0,69.0,71.0,73.0
1756,90.0,91.0,90.0,84.0,76.0,64.0,67.0,67.0,68.0,69.0,88.0,86.0,89.0,82.0,84.0,87.0,72.0,68.0,64.0,63.0,63.0,60.0,60.0,58.0
1757,79.66666666666667,71.66666666666667,76.66666666666667,78.66666666666667,78.33333333333333,79.33333333333333,78.0,80.0,79.66666666666667,81.66666666666667,81.33333333333333,87.0,79.0,71.33333333333333,67.66666666666667,70.0,65.33333333333333,64.66666666666667,64.33333333333333,63.0,64.0,66.66666666666667,68.33333333333333,76.33333333333333
1758,65.0,74.0,79.0,85.0,87.0,93.0,93.0,96.0,100.0,100.0,100.0,100.0,100.0,88.0,74.0,72.0,63.0,61.0,49.0,41.0,44.0,55.0,61.0,68.0
1759,94.0,94.33333333333333,93.0,95.0,91.66666666666667,90.66666666666667,92.66666666666667,89.66666666666667,94.0,91.33333333333333,90.33333333333333,88.33333333333333,90.66666666666667,90.33333333333333,87.33333333333333,85.0,80.66666666666667,72.33333333333333,69.33333333333333,63.666666666666664,55.666666666666664,50.0,49.666666666666664,49.333333333333336
1760,93.0,97.0,96.0,97.0,100.0,100.0,100.0,96.0,100.0,100.0,96.0,93.0,93.0,90.0,83.0,75.0,78.0,70.0,75.0,78.0,78.0,80.0,86.0,84.0
1761,77.0,97.0,100.0,96.0,100.0,97.0,97.0,97.0,97.0,97.0,97.0,97.0,97.0,96.0,96.0,90.0,80.0,77.0,72.0,68.0,68.0,94.0,96.0,96.0
1762,75.0,80.0,94.0,88.0,91.0,93.33333333333333,94.0,96.0,98.33333333333333,98.66666666666667,97.0,100.0,97.33333333333333,95.66666666666667,90.0,81.0,75.0,66.0,64.0,80.0,66.0,80.0,77.0,88.0
1763,80.0,98.0,98.0,98.0,98.0,98.0,83.0,88.0,95.0,99.0,98.0,98.0,98.0,97.0,81.0,70.0,61.0,59.0,58.0,48.0,44.0,40.0,42.0,52.0
1764,27.0,27.0,35.0,37.0,42.0,46.0,55.0,55.0,64.0,70.0,62.0,75.0,82.0,75.0,79.0,70.0,60.0,54.0,45.0,26.0,21.0,18.0,16.0,16.0
1765,38.333333333333336,34.0,37.666666666666664,50.0,43.0,46.333333333333336,46.0,52.666666666666664,53.666666666666664,63.666666666666664,58.666666666666664,62.666666666666664,71.33333333333333,69.33333333333333,72.33333333333333,72.66666666666667,59.333333333333336,47.666666666666664,49.333333333333336,38.0,33.0,31.333333333333332,25.0,24.333333333333332
1766,16.0,17.0,20.0,46.0,39.0,42.0,44.0,43.0,48.0,60.0,67.0,67.0,69.0,72.0,59.0,47.0,30.0,26.0,23.0,19.0,16.0,9.0,10.0,12.0
1767,80.0,96.0,96.0,97.0,98.0,99.0,99.0,98.0,99.0,100.0,100.0,100.0,100.0,100.0,99.0,94.0,88.0,74.0,68.0,63.0,61.0,58.0,62.0,70.0
1768,16.0,17.0,26.0,38.0,59.0,55.0,58.0,62.0,55.0,55.0,62.0,67.0,62.0,71.0,76.0,67.0,43.0,31.0,26.0,26.0,22.0,22.0,16.0,13.0
1769,85.0,91.0,84.0,88.0,88.0,91.0,85.0,84.0,84.0,88.0,87.0,85.0,85.0,79.0,69.0,63.0,59.0,59.0,61.0,55.0,55.0,55.0,63.0,87.0
1770,79.33333333333333,81.0,81.33333333333333,84.33333333333333,86.66666666666667,87.33333333333333,87.66666666666667,89.0,92.0,92.66666666666667,93.33333333333333,96.0,92.33333333333333,89.33333333333333,80.0,72.33333333333333,69.0,70.66666666666667,70.0,67.33333333333333,67.33333333333333,67.0,69.0,80.0
1771,23.0,32.0,50.0,46.0,62.0,67.0,83.0,83.0,86.0,96.0,96.0,97.0,96.0,93.0,71.0,50.0,36.0,34.0,30.0,29.0,33.0,34.0,32.0,38.0
1772,100.0,100.0,100.0,100.0,100.0,100.0,100.0,100.0,100.0,100.0,100.0,100.0,100.0,100.0,100.0,100.0,94.0,76.0,72.0,67.0,58.0,58.0,55.0,55.0
1773,71.0,78.0,74.0,76.66666666666667,81.33333333333333,84.33333333333333,91.66666666666667,96.0,98.0,98.0,97.66666666666667,97.66666666666667,98.0,96.0,88.0,73.0,67.66666666666667,59.666666666666664,57.0,52.666666666666664,52.0,50.333333333333336,50.666666666666664,62.666666666666664
1774,88.0,91.0,91.0,95.0,96.0,94.0,90.0,90.0,92.0,93.0,97.0,98.0,97.0,97.0,93.0,92.0,85.0,81.0,80.0,77.0,74.0,76.0,82.0,86.0
1775,14.0,16.0,21.0,30.0,41.0,42.0,36.0,39.0,39.0,45.0,43.0,52.0,56.0,61.0,64.0,52.0,37.0,24.0,19.0,16.0,16.0,15.0,11.0,11.0
1776,19.666666666666668,28.0,31.333333333333332,36.666666666666664,44.333333333333336,50.333333333333336,52.666666666666664,58.333333333333336,59.666666666666664,57.666666666666664,61.0,68.66666666666667,65.33333333333333,68.0,65.0,57.666666666666664,42.666666666666664,34.666666666666664,27.333333333333332,26.0,22.333333333333332,21.0,16.333333333333332,15.333333333333334
1777,72.0,79.0,70.0,72.0,69.0,71.0,76.0,72.0,74.0,79.0,88.0,88.0,94.0,88.0,82.0,74.0,68.0,59.0,56.0,54.0,49.0,47.0,52.0,59.0
1778,10.0,16.0,20.0,36.0,44.0,62.0,63.0,70.0,73.0,67.0,70.0,80.0,74.0,72.0,61.0,58.0,49.0,43.0,37.0,31.0,28.0,26.0,24.0,24.0
1779,65.33333333333333,75.33333333333333,80.66666666666667,83.66666666666667,88.66666666666667,90.66666666666667,93.0,95.0,90.33333333333333,93.0,94.0,97.0,94.66666666666667,92.66666666666667,82.0,75.0,70.33333333333333,60.333333333333336,59.666666666666664,58.333333333333336,55.333333333333336,52.666666666666664,55.333333333333336,57.333333333333336
1780,16.0,12.0,20.0,31.0,44.0,60.0,62.0,60.0,62.0,73.0,75.0,79.0,82.0,85.0,81.0,70.0,56.0,51.0,40.0,28.0,26.0,21.0,12.0,8.0
1781,74.33333333333333,73.66666666666667,75.33333333333333,75.33333333333333,77.0,75.0,79.33333333333333,78.66666666666667,81.66666666666667,87.0,85.66666666666667,90.0,83.33333333333333,72.66666666666667,76.33333333333333,70.0,63.333333333333336,64.0,61.666666666666664,61.333333333333336,64.33333333333333,67.66666666666667,69.0,70.66666666666667
1782,90.0,85.0,86.0,88.0,91.0,91.0,90.0,93.0,92.0,94.0,92.0,94.0,94.0,95.0,92.0,89.0,87.0,88.0,89.0,84.0,67.0,62.0,64.0,75.0
1783,97.0,98.0,98.0,95.0,97.0,98.0,96.0,94.0,94.0,91.0,92.0,90.0,92.0,87.0,84.0,80.0,89.0,87.0,89.0,85.0,87.0,86.0,84.0,78.0
1784,69.0,70.0,67.0,66.0,68.0,68.0,70.0,70.0,69.0,68.0,68.0,68.0,70.0,61.0,56.0,50.0,45.0,38.0,40.0,37.0,35.0,75.0,71.0,71.0
1785,74.0,74.0,78.0,74.0,83.0,88.0,100.0,100.0,100.0,94.0,100.0,83.0,78.0,74.0,74.0,61.0,58.0,62.0,58.0,58.0,58.0,58.0,58.0,74.0
1786,67.0,68.0,63.0,70.0,70.0,79.0,94.0,90.0,93.0,93.0,93.0,90.0,84.0,93.0,78.0,72.0,70.0,65.0,65.0,62.0,62.0,64.0,60.0,62.0
1787,84.0,87.0,84.0,84.0,87.0,87.0,87.0,87.0,87.0,87.0,87.0,87.0,87.0,87.0,84.0,82.0,82.0,82.0,87.0,82.0,87.0,84.0,84.0,87.0
1788,83.0,88.0,88.0,83.0,83.0,94.0,94.0,94.0,94.0,94.0,88.0,100.0,94.0,94.0,83.0,83.0,78.0,78.0,73.0,78.0,78.0,78.0,78.0,83.0
1789,78.0,88.0,90.0,88.0,91.0,96.0,98.0,98.0,97.0,97.0,97.0,96.0,97.0,92.0,84.0,78.0,67.0,61.0,57.666666666666664,53.333333333333336,48.333333333333336,53.333333333333336,55.0,57.666666666666664
1790,50.0,52.0,54.0,58.0,58.0,62.0,65.0,64.0,63.0,62.0,63.0,66.0,75.0,66.0,68.0,70.0,65.0,52.0,49.0,49.0,48.0,48.0,50.0,52.0
1791,77.0,91.0,90.0,94.0,94.0,97.0,96.0,91.0,93.0,87.0,96.0,93.0,93.0,79.0,69.0,67.0,84.0,72.0,57.0,56.0,67.0,62.0,65.0,69.0
1792,74.0,71.0,66.0,69.0,69.0,71.0,74.0,74.0,71.0,71.0,71.0,71.0,71.0,69.0,65.0,58.0,51.0,46.0,43.0,46.0,56.0,62.0,54.0,56.0
1793,70.0,82.0,83.0,98.0,100.0,100.0,100.0,100.0,100.0,100.0,100.0,100.0,100.0,96.0,71.0,60.0,63.0,56.0,56.0,56.0,54.0,53.0,54.0,66.0
1794,70.66666666666667,75.0,85.0,84.66666666666667,85.33333333333333,88.66666666666667,90.33333333333333,91.66666666666667,92.66666666666667,90.66666666666667,92.66666666666667,92.33333333333333,89.33333333333333,84.66666666666667,77.0,70.33333333333333,60.0,56.333333333333336,54.666666666666664,47.666666666666664,44.666666666666664,43.0,43.333333333333336,44.0
1795,53.0,63.0,76.0,88.0,89.0,79.0,96.0,95.0,99.0,99.0,100.0,100.0,100.0,100.0,78.0,69.0,67.0,61.0,62.666666666666664,64.66666666666667,67.0,69.0,80.66666666666667,81.66666666666667
1796,88.0,88.0,83.0,94.0,94.0,88.0,82.0,88.0,82.0,88.0,88.0,82.0,77.0,82.0,72.0,76.0,71.0,72.0,67.0,67.0,67.0,62.0,55.0,55.0
1797,84.0,84.0,84.0,79.0,79.0,84.0,94.0,100.0,100.0,100.0,94.0,94.0,94.0,79.0,70.0,62.0,59.0,66.0,66.0,62.0,66.0,66.0,62.0,74.0
1798,83.0,82.0,100.0,100.0,100.0,100.0,100.0,100.0,100.0,100.0,100.0,100.0,100.0,100.0,100.0,79.0,73.0,48.0,44.0,43.0,39.0,33.0,32.0,30.0
1799,46.0,55.0,66.0,66.0,74.0,70.0,78.0,70.0,74.0,78.0,94.0,94.0,88.0,94.0,88.0,73.0,50.0,41.0,50.0,53.0,53.0,53.0,56.0,56.0
1800,59.666666666666664,64.0,73.33333333333333,81.33333333333333,82.0,85.66666666666667,86.0,86.33333333333333,87.66666666666667,85.0,83.66666666666667,84.66666666666667,82.33333333333333,81.0,79.33333333333333,69.33333333333333,51.333333333333336,42.666666666666664,33.333333333333336,31.333333333333332,29.666666666666668,27.666666666666668,24.0,24.333333333333332
1801,8.0,8.666666666666666,9.666666666666666,11.333333333333334,14.666666666666666,17.0,17.0,15.666666666666666,17.0,16.666666666666668,18.333333333333332,20.333333333333332,23.0,26.666666666666668,25.0,21.0,13.666666666666666,11.333333333333334,10.333333333333334,10.333333333333334,11.0,15.0,17.0,15.0
1802,88.0,94.0,94.0,94.0,100.0,100.0,94.0,94.0,94.0,94.0,94.0,100.0,100.0,94.0,94.0,78.0,70.0,66.0,66.0,62.0,59.0,66.0,70.0,79.0
1803,84.0,85.0,87.0,90.0,84.0,81.0,85.0,86.0,88.0,89.0,90.0,91.0,92.0,92.0,89.0,87.0,87.0,83.0,84.0,76.0,88.0,95.0,95.0,96.0
1804,25.0,28.666666666666668,32.333333333333336,36.666666666666664,39.666666666666664,43.666666666666664,48.333333333333336,50.333333333333336,52.0,55.666666666666664,58.333333333333336,58.333333333333336,60.0,60.333333333333336,60.666666666666664,57.0,53.666666666666664,48.333333333333336,41.333333333333336,36.333333333333336,30.666666666666668,24.0,20.666666666666668,16.0
1805,49.0,69.0,78.0,88.0,78.0,65.0,65.0,61.0,65.0,69.0,83.0,83.0,83.0,74.0,78.0,74.0,70.0,66.0,62.0,56.0,56.0,74.0,79.0,89.0
1806,88.0,94.0,100.0,100.0,94.0,94.0,97.0,100.0,100.0,100.0,100.0,88.0,88.0,82.0,74.0,77.0,74.0,70.0,70.0,67.0,74.0,74.0,74.0,82.0
1807,62.0,73.0,76.0,87.0,88.0,100.0,100.0,100.0,100.0,100.0,100.0,100.0,100.0,100.0,86.0,72.0,65.0,58.0,49.0,49.0,47.0,48.0,48.0,54.0
1808,100.0,100.0,100.0,100.0,100.0,100.0,100.0,84.0,80.0,82.0,84.0,87.0,81.0,84.0,85.0,85.0,81.0,77.0,70.0,66.0,59.0,64.0,55.0,55.0
1809,74.0,83.0,69.0,69.0,74.0,78.0,88.0,94.0,94.0,100.0,100.0,100.0,100.0,100.0,78.0,72.66666666666667,70.0,62.0,58.0,55.0,55.0,49.0,52.0,66.0
1810,80.66666666666667,80.0,82.0,82.0,88.0,88.0,90.0,90.0,90.0,90.0,90.0,90.0,97.0,97.0,94.0,88.0,88.0,77.0,70.0,85.0,94.0,94.0,97.0,97.0
1811,10.0,15.0,18.0,23.0,27.0,40.0,36.0,40.0,47.0,42.0,47.0,51.0,51.0,53.0,54.0,51.0,48.0,32.0,22.0,17.0,17.0,16.0,14.0,16.0
1812,90.0,91.0,90.0,93.0,95.0,96.0,96.0,95.0,97.0,97.0,97.0,97.0,97.0,97.0,85.0,80.0,70.0,64.0,62.0,65.0,68.0,70.0,73.0,80.0
1813,36.0,47.0,58.0,61.0,76.0,89.0,85.0,92.0,96.0,88.0,96.0,100.0,96.0,96.0,96.0,89.0,70.0,50.0,35.0,17.0,16.0,17.0,17.0,16.0
1814,97.66666666666667,97.66666666666667,96.33333333333333,100.0,100.0,94.0,94.0,94.0,88.0,100.0,100.0,94.0,88.0,100.0,100.0,82.0,82.0,76.0,72.0,76.0,72.0,63.0,59.0,58.0
1815,80.0,90.0,90.0,93.0,93.0,86.0,80.0,80.0,80.0,77.0,68.0,73.0,76.0,86.0,86.0,69.0,60.0,64.0,60.0,54.0,49.0,49.0,49.0,50.0
1816,68.0,74.0,69.0,74.0,71.0,68.0,66.0,63.0,55.0,53.0,57.0,77.0,85.0,83.0,76.0,80.0,73.0,71.0,74.0,61.0,61.0,58.0,62.0,59.0
1817,78.0,84.0,83.0,90.0,95.0,96.0,96.0,96.0,97.0,98.0,99.0,98.0,99.0,99.0,84.0,73.0,68.0,64.0,56.0,56.0,58.0,58.0,57.0,65.0
1818,53.0,57.0,69.0,67.0,67.0,71.0,87.0,93.0,97.0,97.0,96.0,96.0,96.0,80.0,76.0,63.0,63.0,59.0,56.0,54.0,55.0,59.0,61.0,59.0
1819,53.0,58.0,67.0,64.0,71.0,93.0,93.0,93.0,93.0,93.0,90.0,90.0,90.0,87.0,81.0,72.0,70.0,65.0,65.0,63.0,60.0,58.0,63.0,62.0
1820,72.0,72.0,75.0,75.0,81.0,78.0,78.0,75.0,75.0,75.0,72.0,78.0,70.0,65.0,56.0,55.0,51.0,51.0,51.0,55.0,57.0,59.0,61.0,65.0
1821,66.0,74.0,86.0,96.0,97.0,97.0,96.0,100.0,96.0,100.0,96.0,96.0,100.0,97.0,93.0,89.0,77.0,40.0,36.0,40.0,34.0,32.0,33.0,33.0
1822,59.0,62.0,69.0,71.0,74.0,79.0,76.0,79.0,82.0,79.0,79.0,81.0,84.0,74.0,67.0,84.0,82.0,79.0,72.0,68.0,63.0,59.0,53.0,56.0
1823,100.0,100.0,100.0,100.0,100.0,100.0,100.0,100.0,100.0,100.0,100.0,100.0,93.0,87.0,81.0,81.0,81.0,81.0,71.0,58.0,54.0,48.0,51.0,47.0
1824,78.0,83.0,79.0,75.0,80.0,76.0,81.0,87.0,90.0,92.0,92.0,92.0,93.0,88.0,78.0,65.0,57.0,51.0,44.0,42.0,37.0,34.0,34.0,36.0
1825,52.0,55.0,58.0,63.0,65.0,67.0,72.0,71.0,90.0,96.0,96.0,96.0,100.0,96.0,84.0,70.0,63.0,59.0,66.0,63.0,61.0,59.0,61.0,63.0
1826,21.0,24.0,32.0,43.0,33.0,44.0,45.0,49.0,56.0,63.0,51.0,60.0,71.0,60.0,69.0,39.0,45.0,46.0,38.0,24.0,19.0,16.0,14.0,12.0
1827,86.0,89.0,91.0,93.0,93.0,97.0,98.0,98.0,98.0,98.0,98.0,98.0,99.0,98.0,98.0,96.0,87.0,77.0,72.0,62.0,58.0,58.0,58.0,65.0
1828,43.0,93.0,90.0,91.0,92.0,92.0,93.0,93.0,94.0,92.0,96.0,94.0,86.0,77.0,74.0,72.0,69.0,63.0,60.0,57.0,56.0,54.0,56.0,61.0
1829,94.0,88.0,82.0,82.0,88.0,88.0,82.0,82.0,82.0,76.0,72.0,82.0,71.0,81.0,81.0,81.0,66.0,66.0,66.0,54.0,50.0,51.0,51.0,54.0
1830,62.0,65.0,69.0,69.0,71.0,71.0,79.0,82.0,87.0,97.0,96.0,97.0,90.0,87.0,82.0,71.0,61.0,60.0,50.0,48.0,46.0,51.0,48.0,55.0
1831,90.0,95.0,96.0,97.0,94.66666666666667,93.0,95.0,95.0,92.0,92.0,92.0,91.0,94.0,91.0,88.0,81.0,82.0,74.0,72.0,70.0,67.0,66.0,67.0,70.0
1832,61.333333333333336,65.66666666666667,69.0,72.66666666666667,68.66666666666667,71.0,74.33333333333333,73.0,74.0,73.33333333333333,75.33333333333333,77.0,77.0,71.66666666666667,66.33333333333333,60.333333333333336,55.333333333333336,50.0,47.0,47.0,54.333333333333336,58.333333333333336,63.0,72.66666666666667
1833,52.0,66.0,74.0,70.0,74.0,78.0,78.0,83.0,78.0,89.0,89.0,89.0,89.0,84.0,74.0,67.66666666666667,59.0,56.0,52.0,52.0,47.0,59.0,66.0,74.0
1834,62.0,74.0,79.0,74.0,88.0,94.0,78.0,78.0,88.0,88.0,88.0,94.0,94.0,89.0,79.0,66.0,56.0,52.0,52.0,47.0,47.0,44.0,52.0,59.0
1835,63.0,76.0,68.0,82.0,84.0,82.0,84.0,84.0,90.0,91.0,93.0,94.0,96.0,91.0,84.0,72.0,63.0,70.0,88.0,91.0,90.0,82.0,87.0,84.0
1836,55.0,60.0,64.0,68.0,69.33333333333333,69.33333333333333,71.66666666666667,73.33333333333333,75.33333333333333,72.66666666666667,76.0,77.66666666666667,76.0,70.66666666666667,64.66666666666667,59.333333333333336,54.0,49.666666666666664,49.0,49.0,52.0,54.0,59.0,67.0
1837,62.333333333333336,73.33333333333333,73.0,74.0,74.0,71.0,75.0,72.66666666666667,73.66666666666667,73.66666666666667,77.0,80.0,84.33333333333333,78.66666666666667,70.33333333333333,65.66666666666667,64.66666666666667,55.333333333333336,60.0,62.0,48.333333333333336,51.0,58.333333333333336,63.333333333333336
1838,100.0,100.0,100.0,100.0,100.0,100.0,100.0,100.0,87.0,88.0,100.0,100.0,100.0,100.0,100.0,94.0,94.0,80.0,75.0,80.0,80.0,80.0,84.0,100.0
1839,45.666666666666664,53.0,60.0,69.33333333333333,72.66666666666667,73.33333333333333,72.66666666666667,70.33333333333333,69.0,70.33333333333333,69.66666666666667,69.33333333333333,72.33333333333333,67.66666666666667,63.0,64.0,60.333333333333336,58.333333333333336,55.666666666666664,61.0,64.33333333333333,69.66666666666667,67.33333333333333,72.33333333333333
1840,50.333333333333336,54.0,60.0,66.66666666666667,69.33333333333333,67.33333333333333,68.33333333333333,66.0,69.0,69.66666666666667,73.66666666666667,71.66666666666667,70.66666666666667,65.0,60.666666666666664,57.666666666666664,55.333333333333336,52.0,49.333333333333336,56.0,62.666666666666664,62.0,60.666666666666664,71.33333333333333
1841,20.0,23.0,33.0,43.0,46.0,53.0,59.0,63.0,63.0,52.0,56.0,62.0,56.0,72.0,64.0,50.0,34.0,30.0,25.0,23.0,21.0,19.0,14.0,15.0
1842,22.0,22.0,26.0,41.0,54.0,62.0,66.0,62.0,46.0,57.0,57.0,49.0,61.0,65.0,61.0,50.0,38.0,29.0,23.0,19.0,17.0,15.0,13.0,13.0
1843,79.0,83.0,88.0,88.0,88.0,94.0,94.0,100.0,100.0,94.0,100.0,100.0,100.0,94.0,78.0,70.0,66.0,62.0,62.0,58.0,62.0,58.0,58.0,70.0
1844,43.0,52.0,66.0,70.0,74.0,74.0,74.0,74.0,78.0,83.0,88.0,88.0,88.0,89.0,74.0,62.0,66.0,59.0,52.0,41.0,41.0,46.0,49.0,62.0
1845,83.0,83.0,86.0,89.0,89.0,89.0,90.0,90.0,89.0,85.0,82.0,79.0,82.0,82.0,80.0,71.0,71.0,66.0,63.0,61.0,57.0,53.0,55.0,55.0
1846,93.0,93.0,91.0,88.0,88.0,84.0,69.0,65.0,67.0,79.0,82.0,90.0,84.0,81.0,81.0,81.0,71.0,66.0,64.66666666666667,61.666666666666664,60.333333333333336,61.0,60.333333333333336,64.0
1847,75.33333333333333,79.33333333333333,83.0,84.33333333333333,81.66666666666667,86.33333333333333,88.0,94.0,96.0,96.66666666666667,97.66666666666667,97.33333333333333,98.66666666666667,94.66666666666667,84.33333333333333,74.33333333333333,63.333333333333336,59.666666666666664,54.666666666666664,50.0,45.666666666666664,44.333333333333336,48.333333333333336,52.0
1848,82.0,87.0,90.0,87.0,91.0,87.0,85.0,79.0,82.0,77.0,71.0,69.0,67.0,76.0,79.0,79.0,84.0,62.0,58.0,58.0,50.0,50.0,54.0,59.0
1849,48.666666666666664,57.333333333333336,64.0,70.33333333333333,71.0,73.33333333333333,74.0,74.0,67.66666666666667,70.33333333333333,71.0,73.66666666666667,74.0,76.0,73.66666666666667,73.66666666666667,75.33333333333333,71.33333333333333,70.66666666666667,65.66666666666667,68.33333333333333,72.0,69.66666666666667,73.66666666666667
1850,55.0,55.0,55.0,58.0,58.0,58.0,61.0,61.0,61.0,73.0,73.0,73.0,78.0,78.0,78.0,60.0,53.0,46.0,46.0,49.0,49.0,49.0,52.0,56.0
1851,59.0,70.0,79.0,79.0,82.0,84.0,84.0,88.0,88.0,90.0,91.0,88.0,91.0,88.0,79.0,74.0,65.0,61.0,57.0,65.0,52.0,54.0,57.0,84.0
1852,13.0,12.0,14.0,21.0,27.0,27.0,34.0,37.0,42.0,52.0,52.0,59.0,63.0,62.0,67.0,59.0,46.0,36.0,28.0,23.0,19.0,16.0,14.0,10.0
1853,97.0,98.0,97.0,96.0,97.0,98.0,98.0,97.0,94.0,89.0,84.0,85.0,79.0,70.0,72.0,72.0,76.0,63.0,56.0,54.0,51.0,48.0,55.0,68.0
1854,22.0,21.0,32.0,38.0,38.0,50.0,60.0,56.0,62.0,72.0,67.0,70.0,72.0,74.0,72.0,64.0,44.0,37.0,32.0,25.0,23.0,18.0,15.0,15.0
1855,56.0,96.0,96.0,100.0,100.0,96.0,100.0,96.0,93.0,93.0,96.0,93.0,86.0,89.0,83.0,77.0,75.0,77.0,72.0,74.0,71.0,66.0,71.0,68.0
1856,52.333333333333336,57.333333333333336,62.0,67.33333333333333,68.66666666666667,69.33333333333333,75.66666666666667,70.0,67.66666666666667,68.33333333333333,67.33333333333333,68.0,74.33333333333333,72.33333333333333,87.33333333333333,84.33333333333333,76.66666666666667,70.33333333333333,60.0,50.666666666666664,44.333333333333336,42.333333333333336,43.0,44.666666666666664
1857,60.0,64.0,67.0,71.0,74.0,90.0,94.0,94.0,93.0,94.0,94.0,94.0,94.0,94.0,96.0,92.0,83.0,71.0,66.0,77.0,86.0,92.0,94.0,93.0
1858,72.0,85.0,82.0,79.0,84.0,87.0,90.0,93.0,93.0,90.0,91.0,87.0,91.0,88.0,85.0,90.0,94.0,91.0,82.0,72.0,69.0,64.0,74.0,77.0
1859,55.0,73.0,54.0,55.0,56.0,57.0,58.0,59.0,59.0,62.0,63.0,95.0,96.0,95.0,92.0,73.0,67.0,62.0,60.0,60.0,68.0,59.0,58.0,64.0
1860,100.0,100.0,100.0,100.0,100.0,100.0,100.0,100.0,100.0,100.0,100.0,100.0,100.0,100.0,100.0,100.0,100.0,87.0,76.0,71.0,62.0,58.0,54.0,54.0
1861,99.0,99.0,99.0,92.0,97.0,97.0,94.0,98.0,91.0,89.0,90.0,93.0,97.0,94.0,92.0,83.0,80.0,86.0,86.0,70.0,74.0,74.0,68.0,67.0
1862,77.0,79.0,85.0,88.0,91.0,94.0,94.0,94.0,96.0,94.0,94.0,96.0,96.0,90.0,82.0,71.0,65.0,67.0,65.0,63.0,63.0,61.0,63.0,76.0
1863,34.0,34.0,43.0,54.0,62.0,70.0,72.0,79.0,78.0,82.0,81.0,81.0,82.0,85.0,82.0,73.0,54.0,30.0,25.0,21.0,19.0,18.0,17.0,18.0
1864,13.0,14.0,22.0,22.0,34.0,37.0,42.0,56.0,56.0,52.0,60.0,55.0,55.0,64.0,64.0,45.0,35.0,33.0,22.0,18.0,14.0,11.0,10.0,11.0
1865,59.0,66.0,70.0,59.0,62.0,66.0,70.0,74.0,70.0,79.0,84.0,89.0,94.0,94.0,100.0,100.0,100.0,94.0,94.0,94.0,94.0,100.0,94.0,94.0
1866,58.0,68.0,75.0,82.0,90.0,90.0,88.0,88.0,90.0,94.0,96.0,96.0,96.0,96.0,97.0,88.0,68.0,62.0,54.0,48.0,51.0,50.0,51.0,56.0
1867,100.0,100.0,100.0,100.0,97.0,97.0,97.0,97.0,97.0,93.0,90.0,93.0,87.0,96.0,93.0,83.0,78.0,78.0,64.0,66.0,66.0,71.0,66.0,66.0
1868,86.0,84.0,85.0,86.0,96.0,98.0,96.0,96.0,98.0,98.0,99.0,99.0,99.0,88.0,74.0,69.0,65.0,66.0,64.0,68.0,67.0,71.0,76.0,80.0
1869,78.0,62.0,58.0,58.0,58.0,61.0,65.0,61.0,61.0,61.0,61.0,78.0,83.0,83.0,83.0,74.0,69.0,69.0,57.0,57.0,57.0,53.0,53.0,56.0
1870,98.0,98.0,99.0,98.0,98.0,96.0,94.0,92.0,88.0,86.0,86.0,92.0,93.0,90.0,83.0,83.0,79.0,78.0,70.0,65.0,63.0,55.0,53.0,53.0
1871,87.0,90.0,93.0,81.0,87.0,90.0,87.0,87.0,90.0,87.0,93.0,93.0,87.0,84.0,81.0,81.0,78.0,75.0,75.0,78.0,78.0,81.0,84.0,84.0
1872,96.0,96.0,96.0,96.0,97.0,96.0,94.0,79.0,97.0,95.0,95.0,96.0,94.0,87.0,86.0,86.0,78.0,74.0,81.0,56.0,58.0,70.0,60.0,62.0
1873,62.0,66.0,70.0,74.0,78.0,78.0,83.0,88.0,88.0,94.0,94.0,94.0,94.0,88.0,79.0,70.0,59.0,59.0,49.0,46.0,43.0,52.0,66.0,70.0
1874,71.0,82.0,79.0,81.0,82.0,84.0,79.0,84.0,93.0,87.0,82.0,79.0,81.0,74.0,71.0,67.0,63.0,53.0,53.0,55.0,55.0,53.0,61.0,65.0
1875,65.0,67.0,69.0,69.0,72.0,71.0,74.0,76.0,79.0,82.0,81.0,79.0,74.0,71.0,62.0,58.0,59.0,57.0,55.0,55.0,55.0,55.0,65.0,63.0
1876,84.0,83.0,81.0,80.0,84.0,84.0,80.0,83.0,86.0,83.0,80.0,74.0,74.0,80.0,76.0,74.0,74.0,68.0,68.0,61.0,59.0,55.0,53.0,51.0
1877,48.0,55.0,66.0,93.0,93.0,93.0,100.0,96.0,100.0,96.0,100.0,93.0,87.0,84.0,81.0,70.0,65.0,59.0,56.0,57.0,54.0,54.0,55.0,63.0
1878,52.0,66.0,66.0,70.0,70.0,70.0,78.0,78.0,74.0,74.0,78.0,83.0,88.0,88.0,88.0,73.0,57.0,53.0,56.0,56.0,60.0,56.0,56.0,60.0
1879,75.0,79.0,80.66666666666667,86.0,89.33333333333333,92.0,92.0,93.33333333333333,92.0,89.33333333333333,91.33333333333333,90.0,84.66666666666667,86.33333333333333,79.66666666666667,71.0,64.33333333333333,58.0,53.0,49.0,44.0,42.0,40.666666666666664,42.333333333333336
1880,65.0,72.66666666666667,78.33333333333333,81.33333333333333,88.66666666666667,92.0,91.66666666666667,93.66666666666667,94.66666666666667,94.66666666666667,93.0,95.0,94.66666666666667,89.66666666666667,78.0,66.33333333333333,55.333333333333336,51.333333333333336,48.666666666666664,45.666666666666664,52.0,49.666666666666664,56.666666666666664,61.333333333333336
1881,16.666666666666668,16.666666666666668,23.666666666666668,31.0,39.666666666666664,41.0,46.333333333333336,51.666666666666664,57.0,61.0,51.0,58.0,55.0,55.0,55.0,59.0,43.0,39.333333333333336,30.666666666666668,26.666666666666668,22.333333333333332,16.0,16.0,14.0
1882,12.0,12.0,12.0,23.0,24.0,27.0,29.0,30.0,30.0,26.0,21.0,24.0,20.0,23.0,23.0,17.0,24.0,21.0,20.0,14.0,13.0,10.0,7.0,8.0
1883,100.0,100.0,97.0,97.0,100.0,93.0,87.0,90.0,83.0,87.0,80.0,80.0,89.0,86.0,83.0,77.0,71.0,64.0,64.0,64.0,55.0,49.0,51.0,49.0
1884,54.0,59.0,63.0,65.0,67.0,65.0,64.0,64.0,67.0,67.0,66.0,69.0,69.0,65.0,60.0,53.0,53.0,51.0,55.0,63.0,53.0,53.0,47.0,51.0
1885,55.333333333333336,61.0,66.0,66.0,66.0,68.66666666666667,71.66666666666667,72.33333333333333,80.0,80.66666666666667,83.66666666666667,86.0,89.0,90.66666666666667,86.33333333333333,83.66666666666667,76.33333333333333,76.66666666666667,76.33333333333333,78.33333333333333,79.0,83.0,77.66666666666667,76.66666666666667
1886,87.0,93.0,93.0,97.0,96.0,93.0,93.0,93.0,97.0,93.0,100.0,93.0,93.0,87.0,73.0,73.0,71.0,71.0,71.0,74.0,71.0,76.0,79.0,84.0
1887,59.0,61.0,65.0,79.0,96.0,100.0,100.0,100.0,100.0,100.0,93.0,93.0,87.0,87.0,84.0,69.0,64.0,65.0,65.0,58.0,62.0,62.0,62.0,69.0
1888,67.66666666666667,76.66666666666667,76.66666666666667,78.33333333333333,81.33333333333333,84.33333333333333,86.66666666666667,87.33333333333333,87.33333333333333,85.66666666666667,90.66666666666667,89.66666666666667,92.0,87.33333333333333,80.66666666666667,72.66666666666667,64.0,61.333333333333336,59.333333333333336,53.666666666666664,59.333333333333336,60.666666666666664,60.0,66.66666666666667
1889,88.0,88.0,88.0,88.0,88.0,82.0,88.0,88.0,82.0,88.0,82.0,76.0,82.0,71.0,82.0,76.0,71.0,62.0,71.0,66.0,66.0,66.0,62.0,62.0
1890,90.0,93.0,93.0,93.0,90.0,93.0,93.0,93.0,96.0,96.0,96.0,97.0,93.0,87.0,76.0,78.0,76.0,74.0,71.0,71.0,71.0,76.0,79.0,87.0
1891,45.0,48.0,53.0,56.0,55.0,58.0,64.0,76.0,84.0,87.0,87.0,87.0,84.0,78.0,68.0,63.0,57.0,59.0,57.0,53.0,53.0,55.0,57.0,56.0
1892,86.0,94.0,96.0,98.0,99.0,99.0,99.0,100.0,100.0,100.0,100.0,100.0,100.0,99.0,83.0,70.0,67.0,65.0,62.0,61.0,58.0,62.0,64.0,69.0
1893,79.0,88.0,90.0,91.0,85.0,84.0,82.0,76.0,79.0,82.0,82.0,88.0,88.0,85.0,74.0,68.0,63.0,54.0,47.0,54.0,47.0,49.0,72.0,70.0
1894,99.0,95.0,96.0,100.0,100.0,100.0,100.0,100.0,100.0,100.0,100.0,100.0,100.0,100.0,100.0,94.0,84.0,82.0,82.0,80.0,76.0,76.0,72.0,73.0
1895,50.0,59.0,63.0,69.0,74.0,79.0,77.0,84.0,84.0,85.0,90.0,94.0,100.0,96.0,94.0,94.0,100.0,100.0,100.0,97.0,96.0,100.0,100.0,100.0
1896,84.0,89.0,94.0,94.0,94.0,100.0,100.0,100.0,100.0,100.0,100.0,100.0,100.0,89.0,84.0,66.0,58.0,59.0,59.0,62.0,62.0,59.0,66.0,74.0
1897,100.0,96.0,96.0,93.0,90.0,87.0,90.0,84.0,84.0,80.0,86.0,80.0,86.0,89.0,82.33333333333333,83.0,80.0,80.0,74.0,71.0,68.0,64.0,57.0,57.0
1898,82.0,85.0,90.0,88.0,94.0,93.0,96.0,96.0,93.0,93.0,93.0,96.0,93.0,79.0,77.0,70.0,66.0,59.0,59.0,56.666666666666664,70.0,65.0,85.0,84.0
1899,48.0,56.0,65.0,69.0,67.0,69.0,77.0,79.0,82.0,82.0,84.0,90.0,88.0,97.0,97.0,97.0,97.0,100.0,97.0,100.0,100.0,97.0,100.0,100.0
1900,12.666666666666666,15.333333333333334,21.0,31.0,26.666666666666668,34.333333333333336,33.333333333333336,37.333333333333336,46.333333333333336,52.666666666666664,52.0,50.333333333333336,58.0,61.666666666666664,56.333333333333336,40.333333333333336,27.333333333333332,22.333333333333332,18.666666666666668,14.666666666666666,14.0,10.0,9.666666666666666,10.333333333333334
1901,66.0,90.0,91.0,92.0,95.0,90.0,86.0,83.0,81.0,84.0,82.0,81.0,79.0,76.0,74.0,74.0,71.0,57.0,54.0,53.0,53.0,52.0,50.0,51.0
1902,46.0,66.0,58.0,58.0,70.0,74.0,83.0,94.0,88.0,94.0,100.0,100.0,100.0,88.0,79.0,70.0,62.0,52.0,46.0,43.0,38.0,38.0,38.0,46.0
1903,56.0,58.0,64.0,64.0,62.0,62.0,65.0,59.0,65.0,62.0,62.0,62.0,60.0,65.0,60.0,62.0,54.0,46.0,39.0,37.0,38.0,34.0,37.0,37.0
1904,86.0,86.0,86.0,89.0,89.0,89.0,96.0,93.0,97.0,99.0,97.0,96.0,96.0,93.0,86.0,80.0,67.0,69.0,67.0,83.0,83.0,92.0,93.0,93.0
1905,50.0,59.0,67.0,71.0,77.0,84.0,88.0,91.0,91.0,94.0,97.0,97.0,94.0,94.0,85.0,74.0,65.0,54.0,52.0,43.0,49.0,44.0,46.0,56.0
1906,11.0,14.0,15.0,21.0,21.0,25.0,28.0,33.0,35.0,40.0,42.0,44.0,52.0,47.0,52.0,39.0,27.0,25.0,14.0,12.0,11.0,11.0,11.0,11.0
1907,57.0,67.33333333333333,74.66666666666667,74.0,77.0,81.33333333333333,82.0,81.33333333333333,78.33333333333333,75.0,82.66666666666667,84.66666666666667,89.33333333333333,81.33333333333333,72.33333333333333,67.66666666666667,59.333333333333336,57.0,53.0,47.333333333333336,46.0,44.333333333333336,44.333333333333336,49.0
1908,78.0,78.0,78.0,80.0,84.0,84.0,84.0,86.0,90.0,87.0,90.0,90.0,87.0,78.0,70.0,68.0,70.0,68.0,61.0,66.0,66.0,70.0,73.0,75.0
1909,97.0,97.0,96.0,96.0,90.0,87.0,90.0,86.0,86.0,89.0,83.0,86.0,93.0,93.0,86.0,76.0,80.0,76.0,68.0,63.0,59.0,55.0,51.0,51.0
1910,80.0,84.0,91.0,92.0,97.0,100.0,100.0,100.0,100.0,100.0,100.0,100.0,100.0,100.0,81.0,68.0,60.0,56.666666666666664,52.666666666666664,50.0,48.666666666666664,55.0,53.0,64.0
1911,72.0,75.66666666666667,76.66666666666667,94.0,94.0,94.0,94.0,94.0,100.0,100.0,94.0,79.33333333333333,78.66666666666667,81.33333333333333,76.66666666666667,75.66666666666667,72.33333333333333,72.0,73.33333333333333,73.33333333333333,73.66666666666667,73.0,83.0,83.0
1912,59.0,66.0,70.0,75.0,79.0,81.0,85.0,87.0,89.0,91.0,91.0,92.0,91.0,91.0,89.0,83.0,70.0,63.0,56.0,50.0,48.0,54.0,86.0,91.0
1913,25.333333333333332,29.333333333333332,37.0,44.0,43.666666666666664,54.0,59.0,67.33333333333333,74.33333333333333,78.0,79.66666666666667,84.0,79.33333333333333,76.33333333333333,68.66666666666667,49.333333333333336,40.333333333333336,34.333333333333336,31.666666666666668,30.0,33.666666666666664,36.0,38.666666666666664,41.333333333333336
1914,88.0,83.0,88.0,94.0,100.0,94.0,94.0,94.0,100.0,100.0,100.0,100.0,100.0,94.0,83.0,69.0,54.0,54.0,51.0,51.0,51.0,58.0,58.0,65.0
1915,97.0,96.0,93.0,93.0,93.0,82.0,93.0,93.0,93.0,93.0,93.0,93.0,87.0,87.0,76.0,75.0,68.0,58.0,50.0,54.0,57.0,56.0,57.0,59.0
1916,69.0,74.0,76.0,74.0,79.0,84.0,88.0,79.0,82.0,79.0,82.0,82.0,82.0,74.0,67.0,58.0,51.0,46.0,46.0,53.0,53.0,79.0,65.0,64.0
1917,75.66666666666667,80.66666666666667,87.0,85.66666666666667,85.66666666666667,87.66666666666667,85.0,87.0,81.33333333333333,81.33333333333333,84.0,85.0,87.33333333333333,86.66666666666667,74.0,66.66666666666667,62.666666666666664,61.0,61.333333333333336,58.333333333333336,59.333333333333336,55.666666666666664,58.666666666666664,67.66666666666667
1918,93.66666666666667,94.33333333333333,95.0,95.33333333333333,95.33333333333333,96.0,96.0,96.33333333333333,97.0,97.0,97.0,97.0,97.0,97.0,95.0,90.33333333333333,82.33333333333333,78.0,75.33333333333333,69.0,67.33333333333333,67.33333333333333,67.0,68.0
1919,14.0,14.0,16.0,37.0,47.0,51.0,58.0,70.0,72.0,78.0,78.0,84.0,86.0,90.0,89.0,80.0,56.0,40.0,28.0,22.0,23.0,20.0,14.0,14.0
1920,95.0,98.0,95.0,95.0,94.0,89.0,77.0,73.0,76.0,74.0,66.0,64.0,81.0,75.0,74.0,68.0,58.0,58.0,56.0,45.0,44.0,51.0,53.0,57.0
1921,83.33333333333333,92.33333333333333,96.66666666666667,96.33333333333333,97.66666666666667,99.66666666666667,99.66666666666667,99.66666666666667,99.66666666666667,92.0,99.66666666666667,100.0,94.33333333333333,89.33333333333333,78.33333333333333,64.0,58.0,55.333333333333336,53.0,51.0,51.666666666666664,51.333333333333336,55.666666666666664,68.33333333333333
1922,94.0,100.0,100.0,100.0,100.0,100.0,100.0,100.0,100.0,100.0,100.0,100.0,100.0,100.0,93.0,93.0,87.0,82.0,62.0,55.0,42.0,39.0,39.0,48.0
1923,100.0,100.0,100.0,100.0,100.0,100.0,97.0,97.0,97.0,100.0,100.0,100.0,100.0,100.0,100.0,100.0,97.0,100.0,96.0,93.0,90.0,90.0,97.0,100.0
1924,96.0,93.0,93.0,97.0,100.0,93.0,93.0,96.0,93.0,96.0,93.0,93.0,96.0,100.0,96.0,96.0,100.0,97.0,100.0,100.0,97.0,97.0,96.0,93.0
1925,59.0,62.0,66.0,70.0,66.0,70.0,70.0,74.0,88.0,88.0,100.0,100.0,100.0,88.0,83.0,73.0,73.0,73.0,60.0,56.0,46.0,53.0,52.0,56.0
1926,63.0,69.0,70.0,68.0,68.0,69.0,67.0,69.0,68.0,78.0,80.0,84.0,82.0,82.0,80.0,66.0,68.0,63.0,62.0,57.0,53.0,53.0,51.0,53.0
1927,76.0,72.0,73.0,73.0,70.0,70.0,78.0,86.0,85.0,85.0,85.0,85.0,78.0,71.0,69.0,71.0,67.0,67.0,69.0,66.0,64.0,67.0,69.0,79.0
1928,63.666666666666664,67.33333333333333,71.0,71.66666666666667,70.66666666666667,71.66666666666667,74.66666666666667,73.66666666666667,73.0,74.66666666666667,77.0,78.0,78.0,73.0,67.0,61.666666666666664,60.0,61.666666666666664,65.66666666666667,66.33333333333333,63.0,59.666666666666664,59.333333333333336,56.666666666666664
1929,88.0,94.0,88.0,94.0,94.0,88.0,88.0,88.0,94.0,94.0,94.0,94.0,94.0,88.0,83.0,83.0,73.0,69.0,73.0,83.0,83.0,78.0,83.0,88.0
1930,51.0,62.0,69.0,82.0,84.0,87.0,87.0,87.0,74.0,76.0,71.0,76.0,79.0,74.0,69.0,74.0,67.0,63.0,63.0,61.0,57.0,82.0,82.0,82.0
1931,90.0,87.0,91.0,91.0,91.0,87.0,87.0,87.0,87.0,87.0,90.0,90.0,87.0,87.0,79.0,82.0,82.0,79.0,74.0,79.0,76.0,76.0,79.0,84.0
1932,46.0,65.0,78.0,89.0,89.0,61.0,78.0,78.0,65.0,78.0,83.0,83.0,100.0,78.0,70.0,66.0,62.0,59.0,52.0,52.0,52.0,49.0,62.0,84.0
1933,80.33333333333333,79.8888888888889,80.77777777777777,80.44444444444444,87.1111111111111,90.66666666666667,89.8888888888889,94.22222222222223,96.8888888888889,98.66666666666667,85.8888888888889,87.66666666666667,88.0,81.0,75.33333333333333,71.22222222222223,63.111111111111114,57.666666666666664,55.333333333333336,56.666666666666664,57.333333333333336,53.666666666666664,58.666666666666664,68.66666666666667
1934,70.0,66.0,70.0,74.0,79.0,79.0,100.0,93.33333333333333,94.33333333333333,94.33333333333333,94.33333333333333,90.33333333333333,94.0,88.66666666666667,94.0,77.0,77.0,68.0,68.0,68.0,59.0,63.0,72.0,67.0
1935,87.0,92.33333333333333,92.66666666666667,95.66666666666667,96.66666666666667,95.66666666666667,94.66666666666667,94.66666666666667,94.66666666666667,97.0,97.66666666666667,98.66666666666667,100.0,94.0,76.33333333333333,66.66666666666667,60.333333333333336,56.0,51.333333333333336,56.0,54.333333333333336,56.333333333333336,59.666666666666664,64.0
1936,62.0,68.0,72.0,78.0,80.0,83.0,84.0,84.0,84.0,86.0,87.0,89.0,85.0,74.0,61.0,54.0,52.0,47.0,46.0,48.0,49.0,88.0,79.0,71.0
1937,42.0,51.0,64.0,69.0,69.0,74.0,71.0,81.0,81.0,76.0,79.0,84.0,82.0,82.0,72.0,63.0,54.0,54.0,44.0,47.0,42.0,43.0,49.0,50.0
1938,87.0,83.0,87.0,87.0,87.0,90.0,90.0,90.0,90.0,90.0,100.0,100.0,96.0,97.0,97.0,100.0,94.0,77.0,67.0,65.0,63.0,63.0,62.0,71.0
1939,93.0,93.0,97.0,93.0,90.0,87.0,90.0,90.0,90.0,90.0,90.0,90.0,90.0,93.0,93.0,90.0,93.0,93.0,87.0,90.0,87.0,93.0,90.0,90.0
1940,18.0,19.0,33.0,44.0,51.0,52.0,50.0,50.0,50.0,52.0,54.0,65.0,65.0,67.0,63.0,48.0,33.0,32.0,26.0,22.0,20.0,16.0,13.0,13.0
1941,78.66666666666667,75.33333333333333,77.33333333333333,78.0,78.66666666666667,80.33333333333333,80.33333333333333,82.55555555555556,80.66666666666667,86.33333333333333,87.33333333333333,88.0,86.0,94.0,88.0,94.0,81.66666666666667,83.0,76.33333333333333,74.33333333333333,76.33333333333333,89.0,89.0,84.33333333333333
1942,55.0,57.0,62.0,65.0,66.0,69.0,71.0,69.0,69.0,69.0,74.0,71.0,71.0,94.0,94.0,94.0,79.0,74.0,66.0,60.0,51.0,50.0,50.0,48.0
1943,87.0,84.0,84.0,90.0,87.0,84.0,87.0,80.0,84.0,81.0,87.0,87.0,78.0,73.0,70.0,70.0,68.0,73.0,73.0,73.0,78.0,76.0,78.0,84.0
1944,94.0,100.0,100.0,94.0,94.0,100.0,100.0,100.0,100.0,94.0,94.0,94.0,94.0,88.0,83.0,74.0,70.0,66.0,62.0,62.0,62.0,62.0,66.0,89.0
1945,96.0,96.0,97.0,94.0,93.0,94.0,87.0,79.0,90.0,84.0,88.0,87.0,87.0,84.0,75.0,68.0,68.0,68.0,65.0,63.0,60.0,58.0,62.0,55.0
1946,86.0,87.0,87.0,84.0,82.0,84.0,85.0,86.0,85.0,85.0,87.0,87.0,88.0,83.0,86.0,85.0,80.0,81.0,81.0,83.0,85.0,86.0,86.0,86.0
1947,22.0,23.666666666666668,29.666666666666668,35.0,43.0,48.0,54.333333333333336,53.666666666666664,49.333333333333336,56.0,56.0,54.666666666666664,55.666666666666664,57.0,57.666666666666664,46.666666666666664,39.0,28.333333333333332,22.333333333333332,20.333333333333332,17.666666666666668,15.666666666666666,14.333333333333334,14.0
1948,55.0,66.0,66.0,62.0,62.0,66.0,70.0,83.0,88.0,88.0,83.0,83.0,88.0,83.0,73.0,73.0,68.0,60.0,56.0,56.0,49.0,49.0,49.0,56.0
1949,94.0,100.0,94.0,100.0,94.0,100.0,100.0,94.0,94.0,100.0,100.0,93.0,100.0,93.0,81.0,76.0,71.0,71.0,58.0,54.0,51.0,44.0,39.0,41.0
1950,93.0,100.0,100.0,100.0,100.0,100.0,100.0,100.0,93.0,93.0,87.0,87.0,87.0,93.0,93.0,100.0,97.0,93.0,93.0,90.0,90.0,87.0,87.0,87.0
1951,67.0,71.0,74.0,71.0,76.0,79.0,79.0,82.0,85.0,91.0,87.0,90.0,88.0,82.0,88.0,88.0,84.0,88.0,76.0,71.0,67.0,67.0,65.0,71.0
1952,86.0,87.0,84.0,83.0,93.0,90.0,93.0,100.0,100.0,100.0,100.0,100.0,96.0,72.0,65.0,68.0,65.0,68.0,68.0,70.0,76.0,73.0,81.0,84.0
1953,65.66666666666667,74.0,76.0,78.0,76.0,80.0,82.0,85.0,83.0,88.0,90.0,86.0,88.66666666666667,85.0,83.0,84.0,83.33333333333333,82.33333333333333,78.0,68.66666666666667,67.0,66.0,70.0,73.33333333333333
1954,90.0,90.0,78.0,83.0,61.0,54.0,58.0,66.0,58.0,78.0,83.0,78.0,73.0,79.0,77.66666666666667,67.66666666666667,65.66666666666667,59.333333333333336,58.666666666666664,55.0,56.0,54.0,53.666666666666664,57.666666666666664
1955,26.0,28.0,31.0,40.0,46.0,51.0,46.0,51.0,57.0,61.0,59.0,63.0,63.0,63.0,76.0,63.0,53.0,49.0,43.0,37.0,35.0,35.0,34.0,37.0
1956,88.0,92.66666666666667,94.0,92.66666666666667,92.33333333333333,95.0,96.66666666666667,97.33333333333333,97.0,94.66666666666667,95.66666666666667,95.66666666666667,96.33333333333333,94.0,87.0,78.0,72.33333333333333,62.333333333333336,58.333333333333336,55.333333333333336,58.666666666666664,59.666666666666664,67.0,79.66666666666667
1957,85.0,85.0,88.0,84.0,90.0,91.0,94.0,91.0,94.0,94.0,94.0,94.0,94.0,94.0,91.0,90.0,85.0,82.0,77.0,68.0,65.0,70.0,74.0,85.0
1958,94.0,94.0,88.0,88.0,88.0,94.0,88.0,88.0,88.0,88.0,82.0,88.0,82.0,94.0,93.0,87.0,82.0,76.0,71.0,76.0,66.0,62.0,58.0,62.0
1959,70.0,89.0,84.0,78.0,75.0,78.0,85.0,85.0,85.0,97.0,98.0,95.0,81.0,71.0,66.0,65.0,62.0,59.0,56.0,56.0,61.0,63.0,64.0,66.0
1960,77.0,82.0,90.0,97.0,84.0,84.0,84.0,88.0,94.0,91.0,96.0,96.0,96.0,96.0,94.0,82.0,77.0,74.0,70.0,68.0,100.0,100.0,100.0,100.0
1961,67.0,86.0,90.0,94.0,94.0,95.0,94.0,95.0,95.0,96.0,86.0,86.0,87.0,84.0,81.0,76.0,73.0,63.0,64.0,56.333333333333336,57.0,59.0,60.0,62.0
1962,59.0,66.0,70.0,70.0,79.0,74.0,94.0,100.0,100.0,100.0,100.0,100.0,94.0,88.0,82.0,88.0,72.0,68.0,63.0,60.0,60.0,59.0,59.0,63.0
1963,51.666666666666664,70.0,61.666666666666664,61.0,61.0,74.0,64.0,65.66666666666667,67.33333333333333,78.0,72.66666666666667,78.0,88.0,76.66666666666667,71.0,73.66666666666667,65.0,51.333333333333336,43.666666666666664,47.0,43.333333333333336,46.0,53.0,55.0
1964,24.333333333333332,27.666666666666668,34.333333333333336,42.0,47.666666666666664,49.666666666666664,54.0,57.0,58.333333333333336,56.666666666666664,61.333333333333336,61.333333333333336,58.333333333333336,67.0,59.333333333333336,55.666666666666664,47.666666666666664,37.666666666666664,30.333333333333332,26.333333333333332,24.0,21.333333333333332,18.666666666666668,20.333333333333332
1965,35.0,42.0,42.0,30.0,42.0,39.0,39.0,42.0,35.0,38.0,44.0,41.0,48.0,51.333333333333336,60.0,38.0,39.0,43.0,34.0,30.0,19.0,18.0,17.0,22.0
1966,20.0,20.0,27.0,38.0,49.0,54.0,54.0,48.0,55.0,60.0,66.0,66.0,72.0,74.0,74.0,67.0,44.0,36.0,28.0,26.0,25.0,20.0,16.0,16.0
1967,47.333333333333336,58.666666666666664,76.33333333333333,92.66666666666667,93.66666666666667,95.66666666666667,98.33333333333333,97.33333333333333,96.0,96.0,96.66666666666667,90.33333333333333,85.33333333333333,81.0,76.66666666666667,68.66666666666667,65.66666666666667,57.666666666666664,53.333333333333336,52.666666666666664,51.0,50.333333333333336,51.666666666666664,57.666666666666664
1968,94.0,94.0,94.0,94.0,100.0,100.0,100.0,94.0,94.0,88.0,94.0,88.0,87.0,82.0,87.0,81.0,81.0,76.0,66.0,58.0,54.0,51.0,47.0,54.0
1969,61.666666666666664,67.0,71.0,74.33333333333333,75.0,76.66666666666667,75.0,74.33333333333333,74.33333333333333,74.0,72.0,24.0,70.66666666666667,20.0,9.0,81.0,12.0,10.0,13.0,65.66666666666667,7.0,53.0,46.666666666666664,49.0
1970,84.0,81.33333333333333,83.33333333333333,85.33333333333333,87.0,88.33333333333333,87.33333333333333,86.33333333333333,88.0,86.0,85.33333333333333,84.33333333333333,83.33333333333333,81.66666666666667,78.33333333333333,77.66666666666667,76.0,73.66666666666667,72.0,72.0,71.0,73.66666666666667,73.33333333333333,78.33333333333333
1971,78.33333333333333,83.33333333333333,85.0,86.0,86.0,85.0,86.0,84.0,85.0,86.0,86.0,85.0,85.33333333333333,83.33333333333333,83.0,81.66666666666667,80.0,77.66666666666667,74.66666666666667,73.66666666666667,71.66666666666667,71.0,72.33333333333333,75.66666666666667
1972,96.0,100.0,96.0,100.0,96.0,96.0,100.0,100.0,96.0,100.0,100.0,96.0,100.0,96.0,97.0,97.0,89.0,89.0,85.0,82.0,73.0,66.0,59.0,51.0
1973,71.0,71.0,74.0,74.0,76.0,76.0,73.0,71.0,74.0,74.0,74.0,74.0,74.0,74.0,71.0,79.0,84.0,79.0,79.0,71.0,74.0,71.0,72.0,76.0
1974,80.0,82.33333333333333,82.33333333333333,81.66666666666667,81.66666666666667,83.33333333333333,85.66666666666667,91.33333333333333,92.66666666666667,95.0,94.66666666666667,94.0,92.66666666666667,80.66666666666667,72.66666666666667,63.0,57.333333333333336,59.333333333333336,60.666666666666664,61.666666666666664,62.333333333333336,65.66666666666667,65.0,70.0
1975,74.0,79.0,82.0,85.0,85.0,90.0,87.0,90.0,97.0,96.0,96.0,97.0,97.0,94.0,85.0,77.0,68.0,66.0,63.0,59.0,51.0,61.0,65.0,72.0
1976,78.33333333333333,81.0,82.66666666666667,80.66666666666667,81.0,81.66666666666667,84.33333333333333,82.33333333333333,84.66666666666667,88.0,88.33333333333333,93.0,95.33333333333333,95.33333333333333,93.66666666666667,87.0,88.33333333333333,80.66666666666667,76.66666666666667,72.0,65.66666666666667,62.0,82.33333333333333,78.33333333333333
1977,90.0,88.0,88.0,100.0,88.0,84.33333333333333,86.33333333333333,87.66666666666667,85.66666666666667,88.0,89.66666666666667,100.0,80.0,84.0,74.0,82.0,75.0,73.0,68.0,66.0,61.0,56.0,65.0,72.0
1978,86.33333333333333,78.22222222222223,84.77777777777777,86.44444444444444,92.1111111111111,94.0,87.8888888888889,89.55555555555556,91.22222222222223,93.33333333333333,85.8888888888889,87.66666666666667,84.66666666666667,81.0,75.33333333333333,71.22222222222223,63.111111111111114,59.888888888888886,56.111111111111114,57.888888888888886,57.77777777777778,52.22222222222222,58.22222222222222,67.8888888888889
1979,76.0,76.0,76.0,76.0,79.0,84.0,82.0,90.0,93.0,97.0,97.0,93.0,93.0,81.0,74.0,65.0,60.0,51.0,53.0,53.0,56.0,58.0,60.0,71.0
1980,82.0,90.0,96.0,94.0,90.0,100.0,100.0,100.0,97.0,92.33333333333333,96.0,94.0,97.0,94.0,93.0,82.0,80.0,68.0,63.0,70.0,100.0,100.0,96.0,100.0
1981,16.0,16.0,17.0,17.0,18.0,20.0,20.0,21.0,22.0,22.0,22.0,22.0,21.0,16.0,14.0,11.0,12.0,15.0,13.0,13.0,12.0,14.0,16.0,14.0
1982,70.0,74.0,72.0,74.0,77.0,79.0,82.0,82.0,82.0,85.0,88.0,85.0,91.0,82.0,77.0,70.0,63.0,61.0,65.0,60.0,60.0,59.0,59.0,63.0
1983,82.0,84.0,87.0,87.0,90.0,87.0,93.0,93.0,87.0,93.0,90.0,87.0,90.0,79.0,64.0,58.0,58.0,51.0,53.0,55.0,55.0,61.0,65.0,74.0
1984,73.0,76.0,84.0,84.0,90.0,86.0,84.0,84.0,84.0,86.0,93.0,93.0,96.0,96.0,100.0,90.0,84.0,75.0,70.0,71.0,66.0,62.0,62.0,66.0
1985,72.33333333333333,79.66666666666667,84.33333333333333,83.33333333333333,87.0,90.33333333333333,91.66666666666667,92.33333333333333,90.33333333333333,88.66666666666667,90.33333333333333,88.0,89.33333333333333,87.33333333333333,83.0,73.66666666666667,68.66666666666667,62.666666666666664,61.333333333333336,70.66666666666667,86.0,84.66666666666667,86.33333333333333,86.66666666666667
1986,14.0,14.0,22.0,25.0,29.0,32.0,38.0,41.0,46.0,56.0,51.0,60.0,63.0,51.0,49.0,44.0,26.0,20.0,16.0,14.0,12.0,11.0,11.0,10.0
1987,83.0,82.66666666666667,82.33333333333333,81.33333333333333,89.33333333333333,92.0,91.66666666666667,95.66666666666667,97.66666666666667,99.0,88.66666666666667,89.0,88.0,81.0,75.0,69.66666666666667,62.333333333333336,57.666666666666664,55.333333333333336,56.666666666666664,57.333333333333336,53.666666666666664,58.666666666666664,68.66666666666667
1988,64.66666666666667,76.0,80.0,85.33333333333333,89.33333333333333,90.66666666666667,92.0,94.0,90.33333333333333,92.0,92.0,95.66666666666667,92.33333333333333,90.66666666666667,81.66666666666667,72.0,71.66666666666667,57.0,56.333333333333336,57.0,52.666666666666664,50.333333333333336,53.0,56.333333333333336
1989,72.0,77.0,82.0,88.0,90.0,90.0,94.0,94.0,94.0,94.0,94.0,97.0,96.0,94.0,82.0,74.0,79.0,59.0,62.0,65.0,58.0,54.0,56.0,63.0
1990,86.0,88.66666666666667,87.66666666666667,88.0,89.0,88.66666666666667,88.66666666666667,89.33333333333333,90.66666666666667,92.0,92.33333333333333,96.0,100.0,100.0,94.0,85.0,77.0,68.0,68.0,58.0,60.0,60.0,66.0,73.0
1991,52.0,70.0,70.0,89.0,74.0,78.0,78.0,89.0,88.0,88.0,94.0,94.0,94.0,89.0,79.0,70.0,62.0,59.0,52.0,49.0,44.0,44.0,49.0,66.0
1992,85.0,85.0,85.0,85.0,88.0,88.0,88.0,88.0,90.0,90.0,90.0,90.0,90.0,88.0,82.0,75.0,68.0,60.0,60.0,64.0,62.0,66.0,68.0,70.0
1993,72.0,67.0,65.0,67.0,70.0,70.0,70.0,70.0,74.0,72.0,72.0,72.0,70.0,72.0,77.0,68.0,59.0,59.0,61.0,63.0,61.0,68.0,74.0,72.0
1994,15.0,20.0,25.333333333333332,35.666666666666664,41.333333333333336,46.666666666666664,53.0,61.0,62.666666666666664,63.333333333333336,63.666666666666664,67.33333333333333,69.33333333333333,77.66666666666667,76.66666666666667,63.333333333333336,44.333333333333336,40.666666666666664,26.333333333333332,21.0,18.0,22.666666666666668,13.0,12.666666666666666
1995,89.0,89.66666666666667,89.33333333333333,87.33333333333333,87.33333333333333,87.0,84.66666666666667,88.66666666666667,89.33333333333333,89.66666666666667,92.0,94.0,94.33333333333333,92.66666666666667,84.66666666666667,70.66666666666667,64.66666666666667,58.0,50.333333333333336,47.666666666666664,42.0,39.333333333333336,37.0,40.0
1996,68.0,70.0,78.0,80.0,80.0,80.0,84.0,87.0,90.0,90.0,90.0,93.0,93.0,89.0,93.0,86.0,84.0,78.0,73.0,71.0,68.0,68.0,66.0,68.0
1997,79.0,93.0,100.0,96.0,100.0,100.0,100.0,100.0,100.0,100.0,97.0,96.0,96.0,96.0,94.0,85.0,72.0,68.0,66.0,82.0,100.0,96.0,100.0,96.0
1998,78.0,82.0,84.0,82.0,84.0,81.0,96.0,96.0,96.0,97.0,100.0,100.0,100.0,79.0,74.0,69.0,64.0,65.0,67.0,64.0,65.0,67.0,71.0,76.0
1999,81.0,84.0,81.22222222222223,83.66666666666667,87.0,87.0,90.0,90.0,87.0,87.0,90.0,90.0,90.0,90.0,90.0,86.0,84.0,84.0,81.0,76.0,76.0,76.0,78.0,79.0
2000,68.0,70.0,76.0,76.0,76.0,78.0,75.0,76.0,78.0,80.0,84.0,86.0,90.0,86.0,87.0,84.0,81.0,81.0,76.0,73.0,68.0,66.0,66.0,66.0
2001,79.0,82.33333333333333,82.66666666666667,81.0,82.0,86.66666666666667,86.66666666666667,88.33333333333333,87.33333333333333,88.33333333333333,85.33333333333333,89.33333333333333,89.33333333333333,87.33333333333333,81.0,79.0,76.66666666666667,73.33333333333333,71.66666666666667,71.0,71.66666666666667,74.33333333333333,74.33333333333333,78.66666666666667
2002,82.66666666666667,92.0,84.66666666666667,88.33333333333333,91.33333333333333,89.0,92.33333333333333,92.33333333333333,95.33333333333333,94.33333333333333,92.33333333333333,93.66666666666667,93.0,92.33333333333333,90.66666666666667,88.66666666666667,87.66666666666667,85.33333333333333,84.66666666666667,86.33333333333333,85.66666666666667,84.33333333333333,83.66666666666667,82.66666666666667
2003,72.66666666666667,73.0,74.66666666666667,73.66666666666667,72.66666666666667,73.33333333333333,72.0,72.66666666666667,74.66666666666667,74.33333333333333,74.33333333333333,73.66666666666667,72.33333333333333,73.0,72.33333333333333,69.66666666666667,69.0,70.0,72.33333333333333,72.33333333333333,72.33333333333333,73.66666666666667,74.66666666666667,78.0
2004,94.0,91.0,96.0,88.0,97.0,87.0,87.0,96.0,90.0,96.0,96.0,96.0,97.0,93.0,100.0,100.0,93.0,81.0,94.0,85.0,82.0,82.0,88.0,100.0
2005,38.333333333333336,34.0,37.666666666666664,50.0,43.0,46.333333333333336,46.0,52.666666666666664,53.666666666666664,63.666666666666664,58.666666666666664,62.666666666666664,71.33333333333333,69.33333333333333,72.33333333333333,72.66666666666667,59.333333333333336,47.666666666666664,49.333333333333336,38.0,33.0,31.333333333333332,25.0,24.333333333333332
2006,77.66666666666667,75.0,75.33333333333333,76.33333333333333,78.0,77.33333333333333,79.0,85.33333333333333,78.66666666666667,80.66666666666667,77.0,78.66666666666667,75.33333333333333,67.0,63.333333333333336,62.0,57.666666666666664,57.333333333333336,56.333333333333336,61.333333333333336,60.0,66.33333333333333,72.0,75.66666666666667
2007,9.666666666666666,9.666666666666666,13.0,20.0,23.0,27.333333333333332,31.0,31.0,30.666666666666668,33.0,34.666666666666664,37.333333333333336,36.666666666666664,43.0,55.666666666666664,36.0,29.0,23.0,20.666666666666668,18.666666666666668,17.0,15.0,14.0,13.333333333333334
2008,17.333333333333332,21.333333333333332,25.666666666666668,36.0,39.333333333333336,45.666666666666664,51.666666666666664,55.333333333333336,59.333333333333336,66.66666666666667,64.0,67.33333333333333,69.66666666666667,72.33333333333333,71.66666666666667,56.666666666666664,40.666666666666664,33.333333333333336,23.0,18.333333333333332,17.0,17.333333333333332,12.666666666666666,12.666666666666666
2009,91.0,91.0,87.0,84.0,96.0,96.0,97.0,100.0,100.0,100.0,100.0,100.0,100.0,87.0,76.0,66.0,60.0,54.0,53.0,53.0,53.0,58.0,58.0,71.0
2010,89.0,89.0,89.0,89.0,94.0,94.0,100.0,100.0,100.0,94.0,100.0,100.0,100.0,84.0,74.0,66.0,62.0,62.0,66.0,70.0,89.0,84.0,74.0,84.0
2011,72.0,74.0,79.0,90.33333333333333,87.0,90.0,94.0,94.0,96.0,100.0,97.0,100.0,97.0,88.0,79.0,72.0,66.0,63.0,54.0,49.0,38.0,47.0,59.0,67.0
2012,70.0,77.0,94.0,94.0,97.0,96.0,97.0,96.0,96.0,97.0,97.0,97.0,97.0,96.0,94.0,90.0,82.0,72.0,66.0,72.0,93.0,85.0,97.0,97.0
2013,98.0,98.0,98.0,97.0,96.0,86.0,94.0,94.0,95.0,92.0,93.0,91.0,88.0,81.0,75.0,69.0,64.0,62.0,53.0,55.0,57.0,57.0,54.0,60.0
2014,60.0,62.0,66.0,82.0,94.0,94.0,93.0,94.0,93.0,93.0,96.0,93.0,93.0,93.0,90.0,81.0,74.0,69.0,64.0,60.0,71.0,73.0,84.0,93.0
2015,84.0,87.0,90.0,84.0,81.0,86.0,93.0,97.0,86.0,89.0,83.0,83.0,86.0,83.0,77.0,72.0,66.0,59.0,59.0,57.0,55.0,53.0,53.0,55.0
2016,96.0,95.0,95.0,94.0,90.0,85.0,79.0,72.0,72.0,73.0,73.0,70.0,70.0,65.0,75.0,75.0,72.0,69.0,59.0,52.0,47.0,40.0,38.0,42.0
2017,76.33333333333333,85.66666666666667,93.66666666666667,96.66666666666667,98.66666666666667,98.0,87.33333333333333,87.33333333333333,89.0,88.0,94.33333333333333,96.66666666666667,97.66666666666667,98.66666666666667,95.66666666666667,72.33333333333333,63.0,51.666666666666664,44.0,39.0,33.333333333333336,32.666666666666664,30.333333333333332,32.333333333333336
2018,97.0,97.0,95.0,94.0,96.0,93.0,90.0,86.0,85.0,91.0,88.0,92.0,89.0,94.0,87.0,85.0,79.0,80.0,76.0,74.0,58.0,54.0,53.0,54.0
2019,85.0,87.0,84.0,90.0,93.0,90.0,90.0,87.0,93.0,97.0,93.0,96.0,93.0,90.0,96.0,87.0,74.0,66.0,64.0,67.0,65.0,67.0,69.0,77.0
2020,63.0,72.0,77.0,78.0,89.0,84.0,85.0,94.0,97.0,97.0,94.0,90.0,84.0,88.0,74.0,64.0,58.0,53.0,48.0,40.0,34.0,33.0,32.0,32.0
2021,69.0,82.0,79.0,84.0,88.0,90.0,94.0,94.0,94.0,94.0,94.0,94.0,94.0,88.0,77.0,70.0,63.0,55.0,51.0,45.0,43.0,46.0,51.0,58.0
2022,87.0,90.0,90.0,91.0,91.0,91.0,91.0,91.0,90.0,96.0,96.0,94.0,96.0,96.0,94.0,88.0,76.0,76.0,68.0,66.0,64.0,67.0,72.0,87.0
2023,79.66666666666667,86.33333333333333,90.0,89.33333333333333,92.0,90.0,84.33333333333333,85.33333333333333,88.0,87.66666666666667,94.0,95.0,95.33333333333333,94.66666666666667,88.33333333333333,70.66666666666667,64.0,53.666666666666664,46.666666666666664,42.666666666666664,36.0,34.333333333333336,32.333333333333336,35.0
2024,55.0,62.0,70.33333333333333,88.0,83.0,88.0,94.0,94.0,94.0,94.0,100.0,100.0,100.0,100.0,100.0,100.0,100.0,100.0,100.0,100.0,100.0,100.0,100.0,100.0
2025,53.0,60.0,71.0,69.0,71.0,74.0,69.0,79.0,93.0,96.0,100.0,100.0,100.0,97.0,78.0,63.0,61.0,63.0,63.0,61.0,59.0,59.0,60.0,63.0
2026,66.0,73.0,75.0,78.0,81.0,84.0,84.0,78.0,81.0,86.0,90.0,90.0,90.0,89.0,90.0,80.0,80.0,76.0,73.0,73.0,68.0,68.0,64.0,68.0
2027,70.0,72.0,79.0,82.0,82.0,85.0,82.0,82.0,76.0,76.0,74.0,74.0,71.0,69.0,65.0,90.0,82.0,76.0,69.0,71.0,56.0,53.0,47.0,52.0
2028,44.0,46.0,53.0,60.0,64.0,68.0,72.0,88.0,96.0,100.0,100.0,100.0,100.0,100.0,98.0,100.0,100.0,100.0,100.0,100.0,100.0,100.0,100.0,100.0
2029,88.0,94.0,94.0,94.0,94.0,94.0,83.0,88.0,88.0,88.0,88.0,88.0,94.0,88.0,88.0,88.0,83.0,78.0,74.0,78.0,78.0,78.0,78.0,88.0
2030,54.333333333333336,61.0,64.0,67.0,74.0,79.66666666666667,84.33333333333333,91.66666666666667,90.66666666666667,94.66666666666667,98.66666666666667,97.0,100.0,90.0,79.0,71.33333333333333,62.333333333333336,51.666666666666664,46.333333333333336,46.333333333333336,41.0,39.666666666666664,40.666666666666664,47.333333333333336
2031,100.0,100.0,100.0,100.0,100.0,100.0,100.0,100.0,100.0,100.0,100.0,100.0,100.0,100.0,100.0,94.0,83.0,78.0,70.0,66.0,62.0,65.0,65.0,100.0
2032,96.66666666666667,98.0,95.66666666666667,96.0,98.0,98.0,97.0,95.0,94.66666666666667,94.66666666666667,94.66666666666667,95.33333333333333,92.33333333333333,90.0,83.0,83.66666666666667,83.0,79.66666666666667,70.33333333333333,65.33333333333333,57.666666666666664,55.333333333333336,56.333333333333336,57.0
2033,44.0,50.0,62.0,62.0,78.0,81.0,87.0,87.0,84.0,87.0,86.0,86.0,93.0,90.0,90.0,84.0,73.0,62.0,51.0,46.0,29.0,28.0,28.0,28.0
2034,58.0,69.66666666666667,72.33333333333333,80.33333333333333,76.66666666666667,77.33333333333333,80.66666666666667,86.33333333333333,87.0,89.66666666666667,89.66666666666667,90.66666666666667,92.66666666666667,87.66666666666667,78.33333333333333,72.0,64.66666666666667,57.333333333333336,53.0,49.0,46.333333333333336,57.666666666666664,67.0,73.33333333333333
2035,44.0,55.0,62.0,78.0,76.0,75.0,80.0,88.0,90.0,90.0,94.0,91.0,93.0,81.0,93.0,93.0,93.0,93.0,89.0,76.0,52.0,51.0,48.0,50.0
2036,62.0,70.0,70.0,83.0,94.0,94.0,100.0,100.0,100.0,100.0,100.0,94.0,88.0,88.0,88.0,77.0,77.0,68.0,63.0,67.0,67.0,67.0,63.0,62.0
2037,94.0,94.0,94.0,88.0,94.0,88.0,94.0,88.0,88.0,88.0,100.0,100.0,100.0,100.0,94.0,94.0,94.0,88.0,83.0,79.0,79.0,74.0,79.0,89.0
2038,81.0,81.66666666666667,83.66666666666667,86.66666666666667,86.0,87.0,87.66666666666667,85.66666666666667,85.0,86.66666666666667,89.33333333333333,79.0,89.0,77.66666666666667,68.0,74.0,70.0,62.333333333333336,63.666666666666664,68.0,66.0,70.0,74.0,74.0
2039,88.0,94.0,83.0,83.0,83.0,83.0,83.0,83.0,78.0,82.0,82.0,82.0,72.0,72.0,72.0,82.0,72.0,72.0,72.0,67.0,63.0,67.0,63.0,67.0
2040,86.0,84.0,80.0,81.0,85.0,86.0,93.0,94.0,89.0,85.0,82.0,82.0,83.0,80.0,75.0,73.0,66.0,66.0,66.0,62.0,61.0,58.0,58.0,59.0
2041,22.0,23.0,31.0,39.0,44.0,50.0,56.0,61.0,63.0,65.0,68.0,67.0,64.0,78.0,72.0,70.0,52.0,40.0,35.0,30.0,26.0,23.0,22.0,24.0
2042,86.33333333333333,88.0,88.0,89.66666666666667,89.66666666666667,92.0,96.33333333333333,96.33333333333333,92.33333333333333,96.66666666666667,95.33333333333333,94.33333333333333,91.66666666666667,83.0,70.0,62.0,59.0,55.333333333333336,54.333333333333336,55.666666666666664,56.333333333333336,60.0,70.33333333333333,79.66666666666667
2043,90.0,91.0,93.0,95.0,96.0,91.0,93.0,88.0,92.0,91.0,78.0,78.0,83.0,84.0,68.0,57.0,57.0,54.0,63.0,65.0,56.0,52.0,46.0,45.0
2044,58.0,65.0,66.0,64.0,67.0,61.0,92.0,96.0,98.0,98.0,97.0,96.0,93.0,93.0,86.0,81.0,72.0,64.0,62.0,53.0,54.0,49.0,50.0,55.0
2045,81.0,88.0,89.0,91.0,89.0,91.0,93.0,94.0,95.0,96.0,97.0,98.0,98.0,93.0,86.0,78.0,72.0,63.0,57.0,53.0,52.0,54.0,58.0,80.0
2046,37.0,40.0,50.0,61.0,61.0,65.0,73.0,73.0,83.0,83.0,83.0,83.0,83.0,83.0,65.0,55.0,48.0,40.0,38.0,38.0,34.0,36.0,36.0,43.0
2047,84.33333333333333,87.0,86.66666666666667,89.66666666666667,87.0,86.0,88.66666666666667,88.66666666666667,90.66666666666667,92.66666666666667,90.66666666666667,92.66666666666667,89.0,85.0,80.66666666666667,79.33333333333333,73.33333333333333,68.66666666666667,70.66666666666667,74.33333333333333,76.66666666666667,76.0,79.0,82.33333333333333
2048,76.33333333333333,85.66666666666667,90.33333333333333,89.0,92.0,92.0,89.33333333333333,94.0,90.33333333333333,92.0,93.0,91.0,92.66666666666667,85.33333333333333,72.33333333333333,63.666666666666664,58.666666666666664,55.666666666666664,54.333333333333336,50.333333333333336,50.333333333333336,50.333333333333336,54.333333333333336,64.0
2049,73.0,77.0,72.0,72.0,88.66666666666667,86.66666666666667,89.66666666666667,90.0,91.0,92.0,91.0,90.0,77.0,64.0,64.0,60.0,60.0,60.0,60.0,64.0,64.0,68.0,68.0,73.0
2050,88.0,94.0,94.0,100.0,88.0,94.0,94.0,88.0,94.0,94.0,88.0,88.0,88.0,88.0,82.0,82.0,76.0,72.0,72.0,72.0,72.0,58.0,55.0,58.0
2051,75.0,80.0,84.0,81.0,81.0,81.0,83.0,83.0,80.0,80.0,78.0,80.0,80.0,81.0,78.0,75.0,75.0,76.0,75.0,73.0,70.0,76.0,73.0,78.0
2052,79.0,85.0,89.0,89.0,94.0,94.0,94.0,95.0,94.0,94.0,93.0,94.0,93.0,99.0,84.0,80.0,97.0,93.0,82.0,76.0,74.0,82.0,86.0,98.0
2053,55.666666666666664,62.666666666666664,71.66666666666667,82.33333333333333,83.33333333333333,74.66666666666667,89.33333333333333,89.66666666666667,91.66666666666667,93.0,93.33333333333333,94.0,94.33333333333333,93.0,80.0,72.66666666666667,68.33333333333333,61.0,62.666666666666664,64.66666666666667,67.0,73.66666666666667,80.66666666666667,81.66666666666667
2054,74.0,82.0,85.0,85.0,88.0,90.0,94.0,94.0,93.0,96.0,94.0,94.0,87.0,85.0,79.0,70.0,65.0,52.0,40.0,44.0,47.0,57.0,65.0,65.0
2055,55.0,63.0,65.0,68.0,77.0,84.0,83.0,86.0,85.0,87.0,88.0,89.0,90.0,89.0,88.0,81.0,79.0,72.0,68.0,58.0,73.0,68.0,70.0,71.0
2056,88.0,100.0,99.0,100.0,100.0,100.0,100.0,100.0,100.0,100.0,100.0,100.0,95.0,79.0,71.0,65.0,86.0,64.0,59.0,38.0,42.0,50.0,52.0,57.0
2057,93.0,97.0,97.0,94.0,82.0,76.0,76.0,93.0,90.0,90.0,87.0,90.0,87.0,81.0,75.0,68.0,72.0,67.0,67.0,70.0,60.0,57.0,57.0,57.0
2058,61.0,68.0,72.0,74.0,79.0,76.0,79.0,82.0,84.0,85.0,85.0,87.0,84.0,76.0,69.0,61.0,55.0,50.0,52.0,48.0,50.0,55.0,68.0,77.0
2059,90.0,90.0,87.0,90.0,93.0,93.0,89.0,90.0,86.0,86.0,83.0,89.0,80.0,86.0,83.0,83.0,80.0,74.0,76.0,68.0,63.0,61.0,61.0,59.0
2060,59.0,63.0,65.0,67.0,63.0,65.0,87.0,96.0,100.0,100.0,96.0,93.0,93.0,90.0,84.0,78.0,70.0,68.0,63.0,59.0,56.0,56.0,54.0,54.0
2061,100.0,100.0,94.0,94.0,100.0,94.0,100.0,94.0,94.0,94.0,87.0,87.0,87.0,93.0,87.0,87.0,82.0,76.0,76.0,67.0,62.0,58.0,51.0,51.0
2062,59.0,59.0,59.0,63.0,65.0,90.0,90.0,90.0,90.0,90.0,90.0,81.0,78.0,75.0,67.0,67.0,67.0,62.0,65.0,60.0,60.0,62.0,57.0,60.0
2063,84.66666666666667,94.0,92.66666666666667,87.66666666666667,94.0,93.66666666666667,89.66666666666667,88.0,82.0,90.66666666666667,88.0,91.33333333333333,82.0,86.0,82.0,82.0,76.0,76.0,70.33333333333333,76.0,67.0,67.0,62.0,62.0
2064,53.0,60.0,65.0,69.0,71.0,74.0,74.0,79.0,82.0,76.0,76.0,78.0,79.0,74.0,67.0,63.0,57.0,54.0,57.0,54.0,49.0,49.0,59.0,59.0
2065,84.0,81.0,84.0,87.0,90.0,90.0,90.0,93.0,93.0,93.0,93.0,96.0,86.0,73.0,59.0,57.0,55.0,57.0,59.0,59.0,59.0,70.0,73.0,76.0
2066,53.333333333333336,58.333333333333336,65.66666666666667,66.33333333333333,73.33333333333333,74.66666666666667,85.66666666666667,94.33333333333333,95.66666666666667,99.0,98.66666666666667,98.66666666666667,95.33333333333333,88.0,76.33333333333333,67.0,63.0,62.333333333333336,61.666666666666664,59.0,59.0,61.333333333333336,61.0,62.333333333333336
2067,41.0,47.0,50.0,55.0,59.0,64.0,70.0,77.0,77.0,81.0,85.0,82.0,81.0,91.0,92.0,92.0,91.0,92.0,92.0,94.0,94.0,93.0,90.0,89.0
2068,55.0,62.0,70.0,74.0,69.0,78.0,78.0,74.0,65.0,69.0,74.0,74.0,74.0,65.0,58.0,52.0,46.0,48.0,51.0,54.0,51.0,61.0,54.0,47.0
2069,81.0,78.0,76.0,78.0,76.0,81.0,84.0,81.0,84.0,84.0,93.0,90.0,76.0,73.0,74.0,71.0,71.0,71.0,71.0,76.0,71.0,71.0,76.0,79.0
2070,84.0,87.0,90.0,90.0,93.0,97.0,97.0,97.0,97.0,100.0,93.0,93.0,93.0,93.0,87.0,81.0,83.0,81.0,79.0,79.0,81.0,81.0,87.0,87.0
2071,71.66666666666667,80.0,80.0,75.0,74.33333333333333,78.0,83.66666666666667,86.66666666666667,81.33333333333333,85.33333333333333,84.66666666666667,83.66666666666667,78.0,72.0,68.33333333333333,67.33333333333333,64.0,61.0,58.0,59.333333333333336,65.33333333333333,63.666666666666664,64.66666666666667,74.66666666666667
2072,52.0,55.0,62.0,66.0,66.0,70.0,69.0,65.0,65.0,65.0,65.0,65.0,83.0,94.0,88.0,83.0,78.0,61.0,57.0,51.0,39.0,44.0,41.0,49.0
2073,71.0,73.0,78.0,87.0,84.0,81.0,84.0,87.0,81.0,81.0,84.0,81.0,84.0,84.0,81.0,84.0,81.0,78.0,76.0,73.0,73.0,70.0,68.0,73.0
2074,55.0,62.0,66.0,70.0,66.0,100.0,100.0,100.0,100.0,100.0,94.0,94.0,94.0,94.0,88.0,77.0,72.0,63.0,63.0,63.0,52.0,52.0,52.0,55.0
2075,76.66666666666667,82.0,85.0,89.33333333333333,92.0,92.33333333333333,95.0,95.66666666666667,94.33333333333333,94.33333333333333,93.33333333333333,94.33333333333333,92.0,89.0,80.66666666666667,77.33333333333333,71.33333333333333,66.0,61.333333333333336,60.333333333333336,59.0,58.666666666666664,62.333333333333336,65.66666666666667
2076,69.0,78.0,83.0,83.0,83.0,83.0,88.0,88.0,88.0,94.0,94.0,94.0,94.0,94.0,94.0,94.0,94.0,94.0,78.0,62.0,55.0,52.0,58.0,61.0
2077,74.0,81.0,81.0,88.0,93.0,94.0,96.0,96.0,95.0,95.0,96.0,96.0,96.0,90.0,81.0,73.0,67.0,62.0,57.666666666666664,53.333333333333336,48.333333333333336,53.333333333333336,55.0,57.666666666666664
2078,89.0,91.0,93.0,95.0,94.0,92.0,86.0,86.0,84.0,79.0,78.0,80.0,77.0,74.0,66.0,77.0,73.0,71.0,76.0,65.0,53.0,52.0,46.0,60.0
2079,29.666666666666668,32.0,38.333333333333336,46.0,51.666666666666664,57.666666666666664,57.0,60.666666666666664,63.333333333333336,65.66666666666667,58.333333333333336,67.33333333333333,69.66666666666667,70.0,70.33333333333333,65.33333333333333,61.333333333333336,54.0,46.0,40.0,31.333333333333332,26.333333333333332,25.0,21.0
2080,46.0,43.0,52.0,58.0,66.0,66.0,65.0,74.0,69.0,69.0,74.0,74.0,78.0,78.0,78.0,69.0,58.0,55.0,52.0,49.0,38.0,34.0,34.0,30.0
2081,93.0,90.0,90.0,90.0,93.0,96.0,96.0,90.0,87.0,82.0,76.0,76.0,69.0,67.0,67.0,74.0,71.0,71.0,58.0,58.0,54.0,45.0,53.0,55.0
2082,41.0,42.0,55.0,72.0,50.0,61.0,72.0,78.0,78.0,77.0,74.0,78.0,78.0,81.0,77.0,59.0,42.0,34.0,22.0,22.0,21.0,23.0,22.0,20.0
2083,8.0,12.0,24.0,30.0,33.0,31.0,34.0,34.0,33.0,38.0,37.0,35.0,35.0,40.0,40.0,27.0,21.0,17.0,15.0,12.0,7.0,7.0,6.0,5.0
2084,30.0,36.0,40.0,43.0,44.0,50.0,54.0,56.0,60.0,60.0,60.0,65.0,65.0,67.0,64.0,62.0,51.0,43.0,38.0,30.0,45.0,42.0,41.0,45.0
2085,82.0,87.66666666666667,96.66666666666667,94.66666666666667,96.0,96.66666666666667,97.0,97.0,97.33333333333333,97.66666666666667,99.33333333333333,100.0,100.0,96.66666666666667,92.33333333333333,81.33333333333333,73.33333333333333,68.0,68.0,80.0,74.66666666666667,79.33333333333333,78.66666666666667,88.33333333333333
2086,25.0,26.0,36.0,44.0,50.0,56.0,52.0,60.0,59.0,68.0,68.0,68.0,72.0,77.0,72.0,56.0,47.0,36.0,21.0,20.0,19.0,18.0,18.0,17.0
2087,25.333333333333332,35.333333333333336,45.0,43.333333333333336,41.666666666666664,45.0,54.0,50.666666666666664,51.0,52.666666666666664,51.333333333333336,50.666666666666664,52.666666666666664,54.666666666666664,52.666666666666664,47.0,42.333333333333336,45.0,38.666666666666664,31.666666666666668,36.0,42.333333333333336,48.666666666666664,50.666666666666664
2088,59.0,72.0,79.0,82.0,79.0,79.0,77.0,79.0,82.0,87.0,87.0,91.0,87.0,88.0,82.0,74.0,68.0,65.0,54.0,50.0,44.0,44.0,44.0,52.0
2089,85.33333333333333,87.33333333333333,90.66666666666667,90.66666666666667,90.66666666666667,90.0,88.33333333333333,91.33333333333333,89.0,85.66666666666667,81.33333333333333,80.33333333333333,87.66666666666667,92.33333333333333,90.66666666666667,93.33333333333333,90.0,82.33333333333333,79.33333333333333,79.66666666666667,76.33333333333333,76.33333333333333,77.33333333333333,78.33333333333333
2090,100.0,100.0,100.0,100.0,100.0,100.0,100.0,100.0,100.0,100.0,100.0,100.0,96.0,96.0,92.0,85.0,90.0,92.0,94.0,82.0,86.0,80.0,71.0,67.0
2091,71.0,73.0,81.0,85.0,84.0,87.0,90.0,85.0,85.0,84.0,79.0,80.0,79.0,77.0,77.0,69.0,60.0,57.0,55.0,56.0,55.0,56.0,60.0,66.0
2092,70.0,79.0,84.0,89.0,89.0,89.0,94.0,94.0,94.0,94.0,94.0,94.0,94.0,94.0,79.0,70.0,70.0,59.0,66.0,79.0,59.0,62.0,55.0,70.0
2093,89.0,79.0,79.0,84.0,79.0,79.0,84.0,84.0,78.0,74.0,78.0,78.0,74.0,74.0,70.0,66.0,52.0,49.0,49.0,52.0,58.0,58.0,58.0,58.0
2094,97.0,98.0,98.0,99.0,99.0,98.0,96.0,96.0,95.0,96.0,95.0,89.0,83.0,78.0,73.0,85.0,69.0,58.0,60.0,53.0,55.0,54.0,53.0,60.0
2095,51.0,54.0,57.0,58.0,84.0,96.0,90.0,97.0,96.0,96.0,97.0,81.0,83.0,75.0,77.0,66.0,66.0,60.0,55.0,58.0,60.0,62.0,59.0,54.0
2096,51.0,56.0,54.0,56.0,58.0,62.0,69.0,76.0,84.0,84.0,87.0,90.0,87.0,84.0,76.0,72.0,53.0,51.0,45.0,43.0,39.0,38.0,40.0,46.0
2097,54.0,64.0,65.0,67.0,64.0,90.0,91.0,96.0,96.0,93.0,88.0,82.0,86.0,82.0,79.0,72.0,67.0,60.0,54.0,57.0,51.0,49.0,50.0,53.0
2098,87.0,90.0,90.0,93.0,93.0,84.0,84.0,82.0,81.0,81.0,81.0,81.0,82.0,79.0,79.0,76.0,71.0,71.0,69.0,69.0,67.0,71.0,74.0,79.0
2099,100.0,99.66666666666667,99.66666666666667,97.33333333333333,100.0,100.0,100.0,99.0,97.0,97.0,97.0,98.0,99.0,94.0,90.0,89.0,88.0,89.0,78.0,68.0,61.0,57.0,52.0,49.0
2100,84.0,90.0,78.0,87.0,94.0,94.0,94.0,97.0,98.0,96.0,98.0,99.0,100.0,96.0,89.0,81.0,77.0,62.0,59.0,56.0,55.0,51.0,53.0,55.0
2101,74.66666666666667,81.0,83.66666666666667,88.33333333333333,86.66666666666667,89.0,90.33333333333333,86.66666666666667,86.66666666666667,88.33333333333333,92.0,91.33333333333333,92.33333333333333,86.33333333333333,80.66666666666667,73.0,66.0,59.333333333333336,55.666666666666664,55.333333333333336,56.333333333333336,64.66666666666667,65.66666666666667,66.33333333333333
2102,84.0,88.0,88.0,87.0,87.0,87.0,88.0,88.0,88.0,91.0,91.0,91.0,91.0,85.0,74.0,66.0,57.0,56.0,54.0,59.0,70.0,74.0,79.0,82.0
2103,74.0,78.0,83.0,83.0,83.0,88.0,94.0,100.0,100.0,100.0,100.0,100.0,100.0,94.0,74.0,74.0,59.666666666666664,61.333333333333336,58.333333333333336,55.0,55.0,55.0,58.0,58.0
2104,79.0,84.0,88.0,90.0,88.0,91.0,88.0,84.0,85.0,85.0,87.0,91.0,87.0,79.0,72.0,67.0,63.0,57.0,54.0,55.0,54.0,53.0,55.0,90.0
2105,81.0,84.0,82.0,87.0,93.0,93.0,93.0,96.0,93.0,93.0,93.0,96.0,96.0,76.0,74.0,66.0,69.0,62.0,58.0,57.0,53.0,57.0,58.0,79.0
2106,88.0,94.0,94.0,94.0,94.0,94.0,94.0,88.0,83.0,83.0,83.0,83.0,83.0,78.0,70.0,66.0,58.0,62.0,62.0,61.0,58.0,51.0,50.0,47.0
2107,69.0,80.0,86.0,80.0,86.0,83.0,80.0,80.0,80.0,76.0,76.0,76.0,82.0,80.0,74.0,71.0,71.0,63.0,61.0,59.0,53.0,49.0,53.0,53.0
2108,62.0,78.0,78.0,78.0,78.0,74.0,78.0,78.0,78.0,78.0,83.0,83.0,83.0,78.0,74.0,62.0,59.0,49.0,47.0,62.0,70.0,52.0,55.0,59.0
2109,79.0,87.0,93.0,90.0,94.0,96.0,96.0,97.0,97.0,96.0,94.0,100.0,97.0,97.0,85.0,77.0,70.0,59.0,62.0,59.0,59.0,63.0,74.0,85.0
2110,85.0,90.0,90.0,88.0,94.0,96.0,94.0,94.0,97.0,90.0,93.0,93.0,96.0,90.0,88.0,80.0,72.0,68.0,61.0,54.0,79.0,72.0,72.0,77.0
2111,72.0,74.0,77.0,77.0,80.0,82.0,82.0,79.0,79.0,82.0,82.0,85.0,85.0,85.0,80.0,72.0,63.0,59.0,56.0,58.0,60.0,60.0,64.0,65.0
2112,64.33333333333333,72.66666666666667,71.66666666666667,74.33333333333333,76.33333333333333,79.0,76.0,81.0,86.33333333333333,89.66666666666667,90.33333333333333,91.0,91.66666666666667,89.0,79.33333333333333,70.66666666666667,61.0,55.333333333333336,51.0,43.333333333333336,41.0,38.666666666666664,40.0,46.666666666666664
2113,85.33333333333333,86.33333333333333,87.33333333333333,91.66666666666667,92.66666666666667,91.66666666666667,89.0,89.0,87.66666666666667,86.0,82.66666666666667,78.66666666666667,82.66666666666667,81.0,79.66666666666667,74.66666666666667,73.1111111111111,70.33333333333333,67.0,62.666666666666664,57.0,55.333333333333336,53.666666666666664,55.0
2114,75.33333333333333,81.0,83.0,82.33333333333333,83.0,86.0,88.0,88.0,90.0,90.0,90.0,90.0,90.0,84.0,76.33333333333333,69.66666666666667,65.66666666666667,63.0,58.333333333333336,55.666666666666664,55.666666666666664,61.0,60.333333333333336,63.666666666666664
2115,82.0,88.0,88.0,88.0,90.0,91.0,87.0,82.0,84.0,84.0,87.0,84.0,84.0,76.0,64.0,60.0,56.0,53.0,50.0,53.0,51.0,53.0,57.0,62.0
2116,100.0,93.0,93.0,93.0,96.0,97.0,93.0,96.0,96.0,93.0,89.0,90.0,85.0,89.0,86.0,82.0,71.0,58.0,54.0,51.0,44.0,47.0,42.0,44.0
2117,81.33333333333333,89.0,87.0,88.0,87.0,87.0,87.0,88.0,88.0,91.0,92.0,89.0,88.0,91.0,85.33333333333333,79.0,72.0,72.0,69.0,66.0,66.0,68.0,67.0,70.0
2118,85.33333333333333,87.33333333333333,90.66666666666667,90.66666666666667,90.66666666666667,90.0,88.33333333333333,91.33333333333333,89.0,85.66666666666667,81.33333333333333,80.33333333333333,87.66666666666667,92.33333333333333,90.66666666666667,93.33333333333333,90.0,82.33333333333333,79.33333333333333,79.66666666666667,76.33333333333333,76.33333333333333,77.33333333333333,78.33333333333333
2119,61.333333333333336,69.0,70.33333333333333,74.0,76.33333333333333,78.33333333333333,78.0,78.66666666666667,75.66666666666667,75.66666666666667,76.0,80.66666666666667,78.66666666666667,71.33333333333333,66.33333333333333,61.0,56.666666666666664,57.0,58.0,60.333333333333336,58.666666666666664,59.0,52.333333333333336,54.0
2120,93.0,93.0,90.0,90.0,93.0,96.0,97.0,82.0,87.0,81.0,87.0,84.0,81.0,79.0,76.0,82.0,81.0,66.0,70.0,70.0,63.0,62.0,64.0,64.0
2121,55.77777777777777,66.8888888888889,71.66666666666667,78.0,77.0,77.44444444444444,72.66666666666667,74.22222222222223,73.22222222222223,75.33333333333333,81.55555555555556,84.1111111111111,84.77777777777777,81.55555555555556,76.1111111111111,72.22222222222223,67.55555555555556,65.22222222222223,62.0,62.666666666666664,62.666666666666664,64.77777777777779,75.0,77.33333333333333
2122,46.0,56.0,64.0,68.0,77.0,77.0,77.0,77.0,82.0,88.0,88.0,94.0,94.0,100.0,100.0,94.0,72.0,60.0,56.0,53.0,50.0,47.0,44.0,50.0
2123,78.66666666666667,86.33333333333333,89.66666666666667,92.66666666666667,92.0,93.66666666666667,90.0,90.33333333333333,89.66666666666667,90.66666666666667,90.33333333333333,90.66666666666667,89.66666666666667,84.33333333333333,73.66666666666667,65.0,58.666666666666664,56.333333333333336,58.0,59.333333333333336,58.333333333333336,58.333333333333336,62.0,74.66666666666667
2124,72.0,70.0,72.0,74.0,74.0,72.0,74.0,74.0,72.0,74.0,77.0,77.0,72.0,70.0,85.0,70.0,63.0,68.0,61.0,63.0,61.0,65.0,67.0,70.0
2125,65.0,74.33333333333333,80.33333333333333,82.0,83.66666666666667,83.66666666666667,88.66666666666667,92.33333333333333,92.33333333333333,92.33333333333333,94.0,96.0,96.0,94.33333333333333,84.0,71.66666666666667,63.333333333333336,56.666666666666664,53.666666666666664,49.333333333333336,50.666666666666664,50.666666666666664,73.33333333333333,85.33333333333333
2126,50.0,64.0,94.0,96.0,98.0,99.0,94.0,92.0,89.0,91.0,90.0,92.0,89.0,84.0,81.0,76.0,74.0,68.0,58.0,56.0,54.0,54.0,54.0,56.0
2127,19.0,27.0,29.0,31.0,38.0,47.0,47.0,59.0,55.0,68.0,68.0,68.0,73.0,73.0,63.0,47.0,36.0,20.0,13.0,12.0,12.0,11.0,11.0,11.0
2128,52.333333333333336,57.333333333333336,62.333333333333336,66.0,72.0,70.66666666666667,68.33333333333333,80.33333333333333,85.66666666666667,85.33333333333333,89.66666666666667,90.33333333333333,89.66666666666667,93.66666666666667,92.0,89.0,87.0,84.33333333333333,89.0,85.33333333333333,90.33333333333333,85.0,84.33333333333333,84.66666666666667
2129,73.0,75.0,73.0,76.0,76.0,76.0,76.0,78.0,78.0,81.0,78.0,78.0,81.0,78.0,73.0,73.0,71.0,69.0,66.0,62.0,64.0,66.0,69.0,71.0
2130,94.0,94.0,100.0,94.0,94.0,100.0,94.0,94.0,94.0,88.0,88.0,88.0,88.0,88.0,76.0,76.0,76.0,71.0,67.0,62.0,58.0,48.0,48.0,48.0
2131,48.0,55.0,59.0,62.0,68.0,72.0,71.0,62.0,59.0,66.0,98.0,98.0,98.0,98.0,91.0,88.0,75.0,53.0,58.0,48.0,51.0,48.0,50.0,53.0
2132,48.333333333333336,55.666666666666664,64.33333333333333,71.66666666666667,75.0,79.0,81.0,83.66666666666667,87.33333333333333,86.0,89.33333333333333,91.33333333333333,91.33333333333333,90.66666666666667,88.66666666666667,85.33333333333333,72.0,65.0,52.0,47.333333333333336,43.333333333333336,42.0,39.0,38.666666666666664
2133,81.0,78.0,81.0,81.0,84.0,81.0,81.0,81.0,78.0,78.0,81.0,81.0,81.0,81.0,84.0,81.0,76.0,70.0,68.0,71.0,75.0,75.0,78.0,76.0
2134,94.0,84.0,79.0,81.0,83.0,85.0,84.0,85.0,84.0,84.0,86.0,85.0,85.0,80.0,72.0,64.0,60.0,56.0,51.0,52.0,51.0,58.0,88.0,89.0
2135,33.0,47.0,53.0,57.0,61.0,70.0,70.0,75.0,75.0,70.0,75.0,81.0,81.0,87.0,70.0,70.0,62.0,50.0,39.0,34.0,32.0,21.0,23.0,15.0
2136,55.0,58.0,69.0,69.0,71.0,76.0,79.0,79.0,81.0,96.0,96.0,96.0,96.0,100.0,96.0,84.0,84.0,73.0,61.0,63.0,66.0,73.0,73.0,70.0
2137,91.0,64.0,65.0,67.0,70.0,73.0,74.0,72.0,72.0,75.0,74.0,69.0,90.0,91.0,91.0,85.0,73.0,70.0,68.0,60.0,57.0,52.0,56.0,60.0
2138,62.0,66.0,66.0,65.0,63.0,66.0,65.0,66.0,68.0,68.0,74.0,75.0,73.0,79.0,79.0,74.0,68.0,55.0,52.0,50.0,49.0,57.0,59.0,60.0
2139,77.0,85.0,90.0,90.0,94.0,94.0,94.0,94.0,94.0,94.0,90.0,94.0,94.0,85.0,74.0,66.0,56.0,56.0,59.0,70.0,56.0,60.0,62.0,68.0
2140,94.0,94.0,94.0,100.0,94.0,94.0,94.0,88.0,82.0,82.0,94.0,82.0,87.0,93.0,87.0,87.0,87.0,76.0,76.0,66.0,62.0,58.0,54.0,54.0
2141,14.0,19.0,25.0,26.0,27.0,34.0,42.0,49.0,47.0,49.0,52.0,54.0,56.0,59.0,56.0,50.0,42.0,42.0,30.0,24.0,24.0,23.0,14.0,13.0
2142,12.0,26.0,34.0,38.0,46.0,46.0,52.0,52.0,54.0,60.0,72.0,75.0,74.0,74.0,62.0,50.0,41.0,30.0,24.0,19.0,18.0,19.0,18.0,21.0
2143,62.0,73.0,74.0,76.0,80.0,71.0,71.0,69.0,70.0,72.0,73.0,77.0,74.0,74.0,92.0,90.0,83.0,80.0,73.0,59.0,54.0,43.0,40.0,44.0
2144,72.0,82.0,82.0,88.0,84.0,82.0,84.0,84.0,85.0,88.0,88.0,88.0,88.0,84.0,77.0,68.0,61.0,63.0,54.0,58.0,63.0,61.0,63.0,70.0
2145,50.0,51.0,92.0,93.0,91.0,94.0,95.0,98.0,97.0,98.0,98.0,97.0,98.0,98.0,94.0,92.0,80.0,72.0,67.0,62.0,55.0,50.0,48.0,49.0
2146,57.0,65.0,69.0,72.0,84.0,88.0,88.0,90.0,94.0,94.0,94.0,94.0,94.0,90.66666666666667,88.0,82.0,77.0,72.0,56.0,56.0,63.0,85.0,76.0,84.0
2147,27.0,28.0,29.0,43.0,48.0,66.0,66.0,69.0,61.0,68.0,76.0,82.0,86.0,89.0,82.0,77.0,54.0,48.0,42.0,37.0,32.0,28.0,26.0,26.0
2148,80.0,83.0,87.0,88.0,92.0,95.0,95.0,96.0,95.0,94.0,97.0,97.0,99.0,98.0,88.0,77.0,75.0,60.0,55.0,49.0,46.0,45.0,59.0,66.0
2149,86.0,87.0,86.0,88.0,84.0,89.0,88.0,88.0,94.0,94.0,90.0,78.0,74.0,72.0,61.0,61.0,59.0,56.0,65.0,65.0,70.0,73.0,67.0,72.0
2150,33.0,31.0,33.0,31.0,32.0,35.0,38.0,40.0,43.0,43.0,44.0,46.0,44.0,42.0,42.0,36.0,29.0,25.0,25.0,28.0,30.0,31.0,32.0,29.0
2151,85.0,96.0,96.0,94.0,91.0,91.0,91.0,91.0,91.0,85.0,88.0,91.0,91.0,96.0,94.0,85.0,82.0,85.0,80.0,80.0,78.0,77.0,80.0,85.0
2152,83.0,88.0,83.0,88.0,88.0,94.0,88.0,88.0,94.0,94.0,100.0,94.0,94.0,78.0,88.0,78.0,69.0,69.0,58.0,62.0,62.0,70.0,74.0,83.0
2153,86.0,86.0,88.0,87.66666666666667,86.66666666666667,87.66666666666667,87.66666666666667,88.0,89.0,92.33333333333333,98.0,97.66666666666667,96.33333333333333,97.0,94.33333333333333,94.0,84.0,75.0,68.0,65.66666666666667,64.0,65.33333333333333,67.66666666666667,81.0
2154,94.0,97.0,97.0,100.0,100.0,100.0,94.0,94.0,84.0,85.0,91.0,87.0,82.0,76.0,69.0,67.0,67.0,69.0,62.0,66.0,60.0,48.0,48.0,53.0
2155,91.0,90.0,96.0,96.0,96.0,96.0,96.0,96.0,96.0,96.0,100.0,100.0,100.0,96.0,88.0,80.0,75.0,72.0,82.0,90.0,90.0,82.0,77.0,82.0
2156,57.0,66.0,71.0,65.0,69.0,71.0,72.0,74.0,81.0,75.0,81.0,90.0,91.0,96.0,84.0,75.0,79.0,82.0,79.0,68.0,70.0,68.0,66.0,72.0
2157,26.0,26.0,33.0,42.0,49.0,51.0,52.0,52.0,47.0,47.0,65.0,64.0,58.0,60.0,60.0,50.0,40.0,35.0,30.0,26.333333333333332,26.0,22.0,18.0,19.0
2158,87.0,84.0,84.0,87.0,84.0,87.0,84.0,90.0,90.0,90.0,90.0,96.0,90.0,93.0,90.0,81.0,78.0,68.0,66.0,71.0,73.0,76.0,76.0,81.0
2159,58.0,61.0,65.0,69.0,69.0,73.0,69.0,73.0,78.0,88.0,100.0,100.0,100.0,100.0,88.0,70.0,70.0,52.0,49.0,46.0,40.0,46.0,43.0,51.0
2160,34.0,35.0,43.0,48.0,52.0,52.0,54.0,56.0,56.0,56.0,56.0,59.0,63.0,58.0,63.0,59.0,49.0,39.0,32.0,26.0,25.0,23.0,22.0,20.0
2161,69.0,70.0,71.0,78.0,80.0,80.33333333333333,85.0,100.0,100.0,100.0,100.0,100.0,100.0,98.0,93.0,89.0,79.0,72.0,67.0,68.0,69.0,69.0,64.33333333333333,74.0
2162,81.0,78.0,81.0,84.0,81.0,81.0,78.0,75.0,69.0,81.0,80.0,86.0,80.0,68.0,65.0,68.0,63.0,63.0,61.0,70.0,68.0,70.0,78.0,78.0
2163,59.666666666666664,72.66666666666667,79.0,82.33333333333333,82.0,82.0,81.0,80.66666666666667,80.0,82.66666666666667,84.33333333333333,88.33333333333333,88.33333333333333,84.0,74.0,65.33333333333333,60.333333333333336,50.666666666666664,44.333333333333336,51.666666666666664,51.333333333333336,46.0,57.666666666666664,59.333333333333336
2164,21.0,22.0,24.0,25.0,27.0,25.0,33.0,35.666666666666664,37.0,37.0,34.0,26.0,25.0,28.0,28.0,26.0,23.0,24.0,23.0,17.0,16.0,15.0,13.0,14.0
2165,84.0,93.0,100.0,97.0,97.0,92.0,100.0,96.0,100.0,100.0,96.0,96.0,97.0,87.0,71.0,67.0,60.0,58.0,57.0,57.0,54.666666666666664,60.0,67.0,76.0
2166,56.0,65.0,70.0,76.0,78.0,81.0,81.0,83.0,89.0,90.0,90.0,92.0,100.0,100.0,100.0,100.0,100.0,100.0,100.0,100.0,100.0,100.0,100.0,100.0
2167,20.0,24.0,29.0,34.0,39.0,47.0,50.0,39.0,44.0,44.0,53.0,51.0,60.0,70.0,53.0,35.0,33.0,27.0,31.0,22.0,22.0,25.0,25.0,16.0
2168,58.0,60.0,65.0,93.0,99.0,99.0,99.0,99.0,99.0,99.0,99.0,99.0,99.0,99.0,99.0,93.0,88.0,80.0,80.0,87.0,77.0,79.0,81.0,92.0
2169,51.0,55.0,63.0,69.0,69.0,66.0,76.0,82.0,87.0,84.0,84.0,82.0,90.0,84.0,91.0,96.0,96.0,96.0,96.0,96.0,96.0,93.0,93.0,87.0
2170,94.0,94.0,94.0,100.0,94.0,94.0,94.0,100.0,100.0,100.0,93.0,100.0,100.0,93.0,87.0,87.0,87.0,81.0,66.0,58.0,54.0,47.0,51.0,50.0
2171,90.0,96.0,100.0,97.0,100.0,100.0,100.0,100.0,100.0,100.0,100.0,100.0,100.0,96.0,96.0,88.0,82.0,74.0,68.0,66.0,66.0,68.0,65.0,70.0
2172,45.0,46.0,46.0,50.0,50.0,51.0,51.0,55.0,53.0,53.0,56.0,54.0,56.0,58.0,62.0,66.0,58.0,50.0,51.0,48.0,48.0,44.0,47.0,51.0
2173,50.333333333333336,57.333333333333336,63.0,63.0,70.66666666666667,76.0,81.33333333333333,85.0,88.66666666666667,94.33333333333333,92.66666666666667,93.0,96.0,86.66666666666667,74.66666666666667,64.66666666666667,50.0,41.333333333333336,39.666666666666664,36.333333333333336,33.666666666666664,37.666666666666664,41.333333333333336,46.666666666666664
2174,81.0,78.0,81.0,90.0,90.0,93.0,90.0,90.0,93.0,90.0,87.0,93.0,87.0,72.0,61.0,61.0,56.0,55.0,61.0,61.0,63.0,70.0,76.0,78.0
2175,40.0,60.0,84.0,91.0,90.0,92.0,94.0,94.0,94.0,94.0,95.0,95.0,95.0,96.0,95.0,95.0,94.0,95.0,85.0,75.0,53.0,46.0,40.0,38.0
2176,94.0,93.0,92.0,91.0,94.0,96.0,95.0,92.0,90.0,88.0,86.0,90.0,90.0,82.0,76.0,68.0,79.0,64.0,49.0,57.0,56.0,58.0,62.0,61.0
2177,62.666666666666664,64.33333333333333,69.66666666666667,72.66666666666667,78.0,81.33333333333333,82.0,84.33333333333333,82.66666666666667,84.66666666666667,82.33333333333333,81.66666666666667,83.33333333333333,77.0,71.0,65.0,63.333333333333336,61.333333333333336,62.666666666666664,74.33333333333333,72.33333333333333,69.0,69.66666666666667,74.0
2178,79.0,79.0,79.0,60.0,60.0,60.0,60.0,58.0,58.0,60.0,64.0,69.0,73.0,73.0,71.0,66.0,61.0,55.0,53.0,51.0,52.0,49.0,50.0,54.0
2179,44.0,51.0,60.0,66.0,76.0,79.0,79.0,81.0,84.0,87.0,87.0,87.0,90.0,90.0,90.0,81.0,76.0,62.0,52.0,46.0,40.0,35.0,32.0,33.0
2180,63.333333333333336,67.66666666666667,71.33333333333333,73.0,73.33333333333333,73.33333333333333,77.0,75.0,78.33333333333333,82.33333333333333,82.66666666666667,87.33333333333333,92.0,93.66666666666667,92.0,82.66666666666667,65.66666666666667,54.0,52.0,50.333333333333336,56.0,61.0,63.333333333333336,67.0
2181,69.0,69.0,76.0,79.0,76.0,76.0,79.0,79.0,84.0,88.0,88.0,91.0,90.0,90.0,87.0,82.0,88.0,90.0,90.0,72.0,65.0,63.0,70.0,79.0
2182,86.0,87.0,88.0,89.0,89.0,88.0,88.0,90.0,89.0,93.0,93.0,92.0,93.0,93.0,87.0,82.0,71.0,70.0,64.0,63.0,64.0,64.0,71.0,74.0
2183,79.0,84.0,89.0,94.0,94.0,94.0,94.0,94.0,94.0,94.0,94.0,94.0,100.0,89.0,79.0,70.0,66.0,59.0,49.0,46.0,46.0,52.0,66.0,70.0
2184,52.0,62.0,62.0,69.0,74.0,73.0,78.0,83.0,94.0,94.0,88.0,88.0,100.0,100.0,100.0,100.0,100.0,94.0,94.0,94.0,100.0,100.0,94.0,88.0
2185,49.0,62.0,66.0,70.0,70.0,74.0,74.0,74.0,65.0,65.0,73.0,88.0,88.0,94.0,88.0,78.0,64.0,47.0,53.0,53.0,56.0,56.0,56.0,60.0
2186,49.0,55.0,58.0,66.0,66.0,70.0,74.0,70.0,70.0,65.0,69.0,69.0,65.0,61.0,83.0,88.0,78.0,70.0,58.0,54.0,48.0,39.0,36.0,41.0
2187,96.0,98.0,98.0,97.0,98.0,98.0,97.0,95.0,92.0,94.0,92.0,91.0,89.0,86.0,90.0,88.0,90.0,86.0,80.0,74.0,75.0,65.0,60.0,62.0
2188,77.33333333333333,76.0,81.33333333333333,86.33333333333333,91.0,91.0,95.0,95.0,97.66666666666667,96.0,97.0,98.66666666666667,96.66666666666667,92.66666666666667,79.33333333333333,73.0,67.0,65.33333333333333,61.666666666666664,62.666666666666664,59.666666666666664,62.666666666666664,64.0,71.66666666666667
2189,84.0,87.0,87.0,87.0,87.0,87.0,84.0,90.0,90.0,90.0,93.0,93.0,90.0,93.0,87.0,84.0,81.0,76.0,82.0,84.0,87.0,87.0,84.0,87.0
2190,49.0,52.0,69.0,100.0,94.0,94.0,100.0,94.0,88.0,88.0,88.0,88.0,88.0,82.0,82.0,72.0,68.0,63.0,56.0,52.0,52.0,49.0,49.0,55.0
2191,22.333333333333332,21.333333333333332,28.333333333333332,34.333333333333336,42.333333333333336,52.333333333333336,52.666666666666664,54.666666666666664,57.0,62.666666666666664,65.66666666666667,72.33333333333333,73.33333333333333,76.66666666666667,74.0,66.66666666666667,55.0,47.0,40.666666666666664,31.0,26.666666666666668,24.0,21.0,18.666666666666668
2192,55.666666666666664,58.0,66.66666666666667,89.66666666666667,97.33333333333333,98.66666666666667,97.33333333333333,97.33333333333333,96.33333333333333,97.33333333333333,97.33333333333333,97.33333333333333,98.33333333333333,97.0,95.66666666666667,92.0,85.66666666666667,81.66666666666667,85.0,86.0,78.0,84.0,85.66666666666667,88.0
2193,7.0,9.0,11.0,16.0,19.0,22.0,24.0,26.0,26.0,28.0,31.0,31.0,32.0,34.0,36.0,25.0,20.0,17.0,14.0,10.0,8.0,7.0,6.0,6.0
2194,74.0,88.0,84.0,87.0,89.0,90.0,92.0,92.0,95.0,96.0,96.0,96.0,97.0,96.0,91.0,88.0,84.0,80.0,70.0,67.0,61.0,97.0,94.0,94.0
2195,94.0,100.0,100.0,94.0,88.0,88.0,83.0,78.0,78.0,88.0,88.0,88.0,77.0,77.0,76.0,82.0,72.0,72.0,54.0,62.0,51.0,51.0,48.0,47.0
2196,78.0,87.0,87.0,84.0,84.0,84.0,84.0,84.0,84.0,78.0,81.0,75.0,81.0,80.0,72.0,72.0,72.0,80.0,72.0,68.0,74.0,71.0,68.0,68.0
2197,73.0,78.66666666666667,87.0,87.33333333333333,89.33333333333333,91.0,87.66666666666667,91.33333333333333,88.0,89.33333333333333,91.33333333333333,91.66666666666667,93.33333333333333,90.0,75.0,64.33333333333333,56.0,55.0,53.333333333333336,49.0,47.666666666666664,45.666666666666664,50.333333333333336,59.666666666666664
2198,19.0,27.333333333333332,34.333333333333336,36.333333333333336,37.333333333333336,47.333333333333336,44.666666666666664,47.666666666666664,52.333333333333336,52.0,53.0,53.0,53.666666666666664,56.0,57.333333333333336,51.333333333333336,47.333333333333336,43.333333333333336,39.333333333333336,24.333333333333332,31.333333333333332,32.0,36.0,39.333333333333336
2199,66.66666666666667,80.0,80.0,77.33333333333333,78.0,81.66666666666667,86.66666666666667,88.0,80.0,84.0,85.0,87.66666666666667,80.0,72.66666666666667,69.0,62.0,59.0,55.666666666666664,55.0,54.0,60.666666666666664,62.666666666666664,61.0,67.66666666666667
2200,8.0,10.0,12.0,13.0,17.0,19.0,23.0,26.0,34.0,32.0,33.0,36.0,38.0,36.0,34.0,36.0,26.0,22.0,18.0,15.0,11.0,8.0,6.0,8.0
2201,77.33333333333333,76.33333333333333,77.33333333333333,79.33333333333333,80.0,82.0,85.0,87.0,86.66666666666667,86.66666666666667,89.0,87.66666666666667,87.66666666666667,88.0,82.33333333333333,82.33333333333333,84.33333333333333,81.66666666666667,81.66666666666667,79.0,78.66666666666667,80.0,79.66666666666667,81.66666666666667
2202,77.0,80.0,77.0,80.0,80.0,80.0,80.0,80.0,79.0,79.0,79.0,77.0,79.0,82.0,80.0,77.0,75.0,73.0,72.0,72.0,72.0,65.0,70.0,75.0
2203,62.0,74.0,66.0,89.0,84.0,74.0,78.0,78.0,78.0,84.0,100.0,100.0,94.0,94.0,100.0,100.0,94.0,94.0,94.0,94.0,94.0,94.0,100.0,100.0
2204,75.66666666666667,80.66666666666667,85.0,85.66666666666667,87.66666666666667,85.66666666666667,83.0,87.0,81.33333333333333,81.33333333333333,84.0,83.0,85.33333333333333,78.0,69.66666666666667,65.33333333333333,64.0,63.0,62.333333333333336,60.333333333333336,60.333333333333336,60.666666666666664,60.666666666666664,66.33333333333333
2205,27.0,28.0,31.0,42.0,48.0,54.0,57.0,73.0,77.0,72.0,82.0,80.0,82.0,87.0,88.0,76.0,57.0,54.0,45.0,40.0,34.0,30.0,28.0,28.0
2206,87.33333333333333,88.33333333333333,88.66666666666667,85.66666666666667,87.66666666666667,84.66666666666667,86.0,91.0,91.33333333333333,93.33333333333333,93.66666666666667,94.33333333333333,100.0,94.0,96.0,100.0,100.0,100.0,96.0,93.0,79.0,77.0,84.0,91.0
2207,84.0,90.0,80.0,84.0,84.0,87.0,87.0,78.0,80.0,76.0,79.0,77.0,69.0,62.0,91.0,90.0,88.0,72.0,55.0,48.0,41.0,43.0,46.0,58.0
2208,63.666666666666664,69.33333333333333,70.33333333333333,76.0,77.33333333333333,73.66666666666667,73.66666666666667,68.0,66.66666666666667,66.33333333333333,71.0,68.0,71.0,76.0,83.66666666666667,81.66666666666667,82.66666666666667,82.0,80.66666666666667,76.0,70.0,61.0,70.66666666666667,74.33333333333333
2209,87.0,85.0,90.0,95.0,96.0,96.0,95.0,95.0,94.0,94.0,94.0,95.0,95.0,95.0,93.0,87.0,81.0,71.0,71.0,64.66666666666667,61.333333333333336,57.333333333333336,56.333333333333336,58.0
2210,98.0,98.0,98.0,98.0,99.0,99.0,98.0,90.0,92.0,94.0,91.0,88.0,91.0,93.0,94.0,90.0,79.0,75.0,81.0,81.0,59.0,51.0,48.0,46.0
2211,52.0,57.0,68.0,78.0,83.0,84.0,83.0,84.0,81.0,83.0,89.0,86.0,86.0,83.0,83.0,78.0,59.0,41.0,46.0,42.0,40.0,37.0,36.0,36.0
2212,88.0,92.0,94.0,91.0,89.0,84.0,83.0,82.0,80.0,76.0,73.0,72.0,66.0,80.0,87.0,76.0,72.0,88.0,57.0,58.0,51.0,52.0,53.0,54.0
2213,50.0,52.0,56.0,60.0,63.0,65.0,67.0,67.0,72.0,72.0,72.0,72.0,72.0,72.0,69.0,69.0,67.0,63.0,54.0,53.0,49.0,49.0,46.0,44.0
2214,51.0,58.0,63.0,69.0,73.0,76.0,81.0,89.0,89.0,96.0,96.0,100.0,100.0,96.0,87.0,73.0,63.0,58.0,53.0,65.0,99.0,75.0,65.0,64.0
2215,61.0,65.0,60.0,69.0,74.0,77.0,77.0,82.0,84.0,77.0,79.0,82.0,96.0,90.0,84.0,79.0,82.0,76.0,82.0,91.0,93.0,93.0,93.0,93.0
2216,95.0,95.0,96.0,96.0,96.0,96.0,91.0,90.0,88.0,86.0,86.0,90.0,88.0,91.0,87.0,90.0,79.0,69.0,75.0,64.0,53.0,52.0,49.0,49.0
2217,32.0,38.0,37.0,38.0,37.0,37.0,40.0,44.0,86.0,88.0,84.0,71.0,55.0,55.0,59.0,67.0,44.0,71.0,66.0,69.0,63.0,53.0,54.0,50.0
2218,91.0,86.0,89.0,90.0,96.0,96.0,96.0,95.0,96.0,95.0,96.0,98.0,99.0,100.0,100.0,100.0,96.0,90.0,96.0,95.0,92.0,94.0,99.0,100.0
2219,59.0,63.0,65.0,67.0,67.0,70.0,67.0,67.0,68.0,64.0,79.0,86.0,87.0,84.0,82.0,76.0,69.0,64.0,65.0,63.0,56.0,54.0,53.0,58.0
2220,94.0,95.0,95.0,96.0,92.0,87.0,75.0,76.0,73.0,72.0,67.0,65.0,71.0,75.0,65.0,70.0,69.0,61.0,54.0,56.0,59.0,60.0,65.0,65.0
2221,54.0,60.0,67.0,71.0,75.0,78.0,79.0,87.0,93.0,93.0,93.0,92.0,91.0,95.0,98.0,98.0,98.0,97.0,96.0,96.0,96.0,96.0,95.0,96.0
2222,100.0,100.0,100.0,100.0,100.0,100.0,100.0,100.0,100.0,96.0,93.0,94.0,98.0,96.0,84.0,87.0,72.0,68.0,70.0,83.0,67.0,64.0,76.0,66.0
2223,96.0,96.0,100.0,96.0,93.0,96.0,100.0,97.0,97.0,96.0,93.0,93.0,93.0,90.0,93.0,75.0,67.0,63.0,54.0,48.0,44.0,41.0,40.0,42.0
2224,48.0,63.0,68.0,71.0,74.0,79.0,86.0,89.0,89.0,93.0,93.0,95.0,95.0,93.0,83.0,72.0,58.0,50.0,45.0,43.0,39.0,36.0,43.0,60.0
2225,100.0,97.0,97.0,100.0,100.0,100.0,100.0,100.0,100.0,100.0,100.0,100.0,82.66666666666667,96.0,100.0,100.0,100.0,100.0,100.0,100.0,100.0,100.0,100.0,100.0
2226,73.0,82.0,90.0,89.0,86.0,86.0,87.0,86.0,90.0,89.0,91.0,92.0,91.0,78.0,84.0,91.0,87.0,85.0,80.0,72.0,65.0,60.0,60.0,58.0
2227,87.0,90.0,94.0,87.0,87.0,90.0,94.0,94.0,90.0,96.0,97.0,97.0,94.0,85.0,80.0,72.0,61.0,58.0,59.0,57.0,79.0,79.0,91.0,94.0
2228,65.0,78.0,83.0,90.0,90.0,93.0,90.0,93.0,92.0,93.0,80.0,80.0,83.0,83.0,77.0,64.0,58.0,54.0,51.0,52.0,50.0,47.0,46.0,45.0
2229,12.0,13.0,16.0,19.0,21.0,25.0,31.0,32.0,36.0,36.0,38.0,36.0,38.0,45.0,52.0,39.0,28.0,22.0,18.0,14.0,12.0,11.0,10.0,10.0
2230,71.33333333333333,76.0,79.0,84.33333333333333,87.33333333333333,87.33333333333333,93.0,94.0,95.0,97.0,96.66666666666667,98.0,96.0,96.0,87.33333333333333,75.0,66.33333333333333,61.666666666666664,56.666666666666664,56.0,54.333333333333336,55.0,60.0,70.0
2231,87.0,84.0,84.0,84.0,84.0,84.0,86.0,86.0,90.0,90.0,83.0,87.0,83.0,90.0,86.0,84.0,87.0,86.0,84.0,84.0,81.0,81.0,78.0,78.0
2232,61.333333333333336,68.33333333333333,73.0,77.0,83.33333333333333,86.33333333333333,87.0,88.0,91.0,91.0,89.0,91.33333333333333,90.66666666666667,87.33333333333333,75.33333333333333,63.0,54.666666666666664,51.333333333333336,46.0,41.666666666666664,45.666666666666664,48.666666666666664,53.0,56.333333333333336
2233,88.0,83.0,88.0,88.0,88.0,88.0,88.0,88.0,88.0,100.0,100.0,94.0,94.0,94.0,94.0,88.0,88.0,83.0,83.0,78.0,78.0,78.0,83.0,83.0
2234,36.0,43.0,62.0,66.0,74.0,79.0,81.0,79.0,90.0,87.0,87.0,79.0,94.0,94.0,87.0,85.0,88.0,94.0,93.0,93.0,94.0,94.0,90.0,90.0
2235,82.0,82.0,84.0,87.0,87.0,90.0,96.0,96.0,100.0,100.0,100.0,100.0,96.0,87.0,76.0,60.0,60.0,62.0,62.0,62.0,65.0,65.0,69.0,88.0
2236,93.0,95.0,95.0,94.0,95.0,95.0,95.0,100.0,96.0,96.0,96.0,97.0,98.0,98.0,97.0,92.0,81.0,72.0,69.0,62.0,59.0,63.0,68.0,92.0
2237,20.0,22.0,24.0,27.0,22.0,20.0,22.0,23.0,49.0,55.0,61.0,62.0,64.0,67.0,64.0,53.0,42.0,24.333333333333332,20.0,19.0,17.0,14.0,13.0,12.0
2238,94.66666666666667,96.66666666666667,96.66666666666667,96.66666666666667,97.66666666666667,96.66666666666667,96.33333333333333,96.33333333333333,96.66666666666667,95.33333333333333,95.33333333333333,95.33333333333333,89.66666666666667,82.66666666666667,80.66666666666667,82.66666666666667,80.66666666666667,75.33333333333333,62.666666666666664,53.333333333333336,46.666666666666664,44.0,44.666666666666664,44.0
2239,46.0,46.0,55.333333333333336,58.666666666666664,68.66666666666667,73.66666666666667,78.0,80.66666666666667,78.33333333333333,79.0,82.33333333333333,81.33333333333333,86.0,94.0,83.0,76.33333333333333,66.0,56.666666666666664,49.333333333333336,43.0,34.0,30.666666666666668,29.0,27.333333333333332
2240,100.0,100.0,99.0,83.0,76.0,75.0,74.0,86.0,100.0,100.0,100.0,100.0,100.0,100.0,84.0,82.0,69.0,67.0,68.0,64.0,62.0,61.0,64.0,65.0
2241,100.0,100.0,100.0,100.0,100.0,100.0,100.0,100.0,100.0,100.0,100.0,100.0,100.0,100.0,100.0,100.0,92.0,78.0,70.0,71.0,66.0,65.0,69.0,67.0
2242,56.333333333333336,67.0,75.0,63.333333333333336,64.0,66.0,75.33333333333333,76.0,82.0,84.66666666666667,89.66666666666667,94.0,96.33333333333333,86.0,74.0,72.66666666666667,60.0,55.0,48.666666666666664,43.666666666666664,42.333333333333336,40.333333333333336,41.0,45.0
2243,38.0,43.0,48.0,54.0,58.0,57.0,57.0,51.0,51.0,51.0,54.0,54.0,78.0,78.0,78.0,65.0,54.0,54.0,42.0,34.0,28.0,30.0,31.0,33.0
2244,95.33333333333333,98.0,98.0,98.0,98.0,98.0,98.0,97.0,89.0,86.0,84.0,90.0,93.0,90.0,87.0,76.0,66.0,69.0,67.0,60.0,54.0,49.0,52.0,50.0
2245,64.0,70.66666666666667,77.0,75.66666666666667,76.66666666666667,81.0,84.33333333333333,80.33333333333333,79.0,72.33333333333333,80.66666666666667,83.66666666666667,87.33333333333333,80.0,72.0,70.33333333333333,65.33333333333333,62.666666666666664,59.666666666666664,55.0,55.666666666666664,52.333333333333336,50.333333333333336,56.0
2246,71.33333333333333,82.0,83.66666666666667,86.0,85.33333333333333,87.33333333333333,86.33333333333333,88.0,88.33333333333333,90.33333333333333,89.66666666666667,88.66666666666667,86.33333333333333,81.33333333333333,68.33333333333333,63.666666666666664,59.0,59.333333333333336,55.666666666666664,54.333333333333336,57.0,57.666666666666664,64.0,84.33333333333333
2247,90.33333333333333,89.0,92.33333333333333,91.66666666666667,94.33333333333333,92.66666666666667,94.66666666666667,96.33333333333333,93.0,97.0,97.0,99.0,99.0,93.0,86.66666666666667,80.0,70.0,68.33333333333333,63.0,64.0,64.0,65.66666666666667,69.66666666666667,80.33333333333333
2248,22.333333333333332,21.333333333333332,28.333333333333332,34.333333333333336,42.333333333333336,52.333333333333336,52.666666666666664,54.666666666666664,57.0,62.666666666666664,65.66666666666667,72.33333333333333,73.33333333333333,76.66666666666667,74.0,66.66666666666667,55.0,47.0,40.666666666666664,31.0,26.666666666666668,24.0,21.0,18.666666666666668
2249,100.0,100.0,100.0,100.0,100.0,100.0,93.0,93.0,93.0,93.0,93.0,93.0,93.0,93.0,93.0,87.0,76.0,76.0,67.0,62.0,55.0,51.0,44.0,44.0
2250,26.666666666666668,27.333333333333332,34.333333333333336,43.0,47.666666666666664,51.333333333333336,54.666666666666664,58.333333333333336,60.666666666666664,63.666666666666664,67.33333333333333,73.33333333333333,74.66666666666667,77.0,75.33333333333333,70.0,57.0,49.333333333333336,43.333333333333336,36.666666666666664,32.0,31.0,30.0,28.666666666666668
2251,21.0,23.0,29.0,32.666666666666664,37.333333333333336,43.666666666666664,43.666666666666664,47.0,49.0,51.333333333333336,54.333333333333336,61.333333333333336,62.0,64.33333333333333,64.66666666666667,58.0,49.666666666666664,40.0,35.0,27.666666666666668,22.0,21.0,20.666666666666668,19.333333333333332
2252,91.0,95.33333333333333,96.0,97.66666666666667,97.66666666666667,96.0,95.0,96.0,96.0,96.66666666666667,97.0,95.66666666666667,94.33333333333333,92.66666666666667,96.66666666666667,96.0,94.33333333333333,95.66666666666667,96.66666666666667,96.0,94.66666666666667,93.33333333333333,93.0,91.66666666666667
2253,13.0,12.0,15.0,16.0,16.0,28.0,28.0,30.0,38.0,40.0,35.0,40.0,37.0,37.0,30.0,22.0,16.0,12.0,11.0,10.0,9.0,9.0,9.0,8.0
2254,35.0,40.0,51.0,62.0,62.0,67.0,69.0,73.0,76.0,73.0,84.0,84.0,78.0,84.0,84.0,68.0,64.0,54.0,43.0,37.0,29.0,24.0,15.0,15.0
2255,41.0,41.0,48.0,72.0,75.0,83.0,86.0,86.0,77.0,74.0,80.0,83.0,83.0,80.0,71.0,58.0,42.0,38.0,30.0,29.0,34.0,29.0,29.0,33.0
2256,74.0,81.0,82.0,74.0,75.0,77.0,78.0,82.0,80.0,84.0,86.0,81.0,81.0,100.0,100.0,100.0,100.0,88.0,68.0,61.333333333333336,59.333333333333336,53.666666666666664,60.0,60.666666666666664
2257,94.0,100.0,100.0,100.0,100.0,100.0,100.0,100.0,100.0,100.0,100.0,100.0,93.0,81.0,81.0,81.0,81.0,71.0,58.0,47.0,41.0,39.0,41.0,41.0
2258,46.0,50.333333333333336,59.0,65.66666666666667,72.33333333333333,74.0,75.33333333333333,80.33333333333333,82.33333333333333,86.0,88.0,90.0,90.0,92.33333333333333,87.66666666666667,77.0,59.0,48.666666666666664,40.666666666666664,39.0,37.333333333333336,36.666666666666664,35.666666666666664,35.333333333333336
2259,81.33333333333333,80.66666666666667,82.0,87.66666666666667,88.33333333333333,85.0,87.33333333333333,84.33333333333333,87.0,85.0,89.33333333333333,92.66666666666667,94.33333333333333,95.66666666666667,93.0,95.0,95.66666666666667,93.33333333333333,90.33333333333333,86.66666666666667,76.66666666666667,76.0,76.33333333333333,81.0
2260,62.0,70.0,74.0,74.0,78.0,88.0,100.0,94.0,100.0,94.0,100.0,94.0,94.0,94.0,84.0,74.0,70.0,59.0,52.0,49.0,44.0,49.0,49.0,59.0
2261,21.0,27.0,46.0,65.0,67.0,70.0,72.0,74.0,80.0,83.0,90.0,93.0,93.0,93.0,90.0,90.0,84.0,75.0,63.0,51.0,54.0,52.0,52.0,54.0
2262,14.0,16.0,19.0,18.0,25.0,26.0,36.0,37.0,40.0,40.0,48.0,50.0,52.0,57.0,53.0,38.0,30.0,21.0,17.0,12.0,10.0,9.0,9.0,9.0
2263,66.33333333333333,76.66666666666667,79.0,82.0,82.0,81.33333333333333,80.0,78.66666666666667,79.66666666666667,81.0,88.66666666666667,89.33333333333333,89.33333333333333,86.66666666666667,82.33333333333333,79.66666666666667,74.66666666666667,71.66666666666667,71.0,70.33333333333333,67.0,62.333333333333336,66.0,71.0
2264,77.66666666666667,83.0,83.0,82.33333333333333,86.33333333333333,85.0,89.33333333333333,89.33333333333333,92.0,91.0,89.0,89.0,88.0,91.33333333333333,88.0,88.0,85.33333333333333,83.0,82.66666666666667,82.33333333333333,82.33333333333333,78.0,81.66666666666667,81.66666666666667
2265,74.66666666666667,85.0,91.0,91.0,93.0,92.66666666666667,89.0,91.33333333333333,84.0,81.33333333333333,81.33333333333333,79.0,79.0,70.66666666666667,68.0,68.33333333333333,66.33333333333333,62.0,65.33333333333333,64.0,59.666666666666664,59.666666666666664,61.0,66.66666666666667
2266,49.0,55.0,55.0,94.0,100.0,94.0,100.0,94.0,94.0,88.0,88.0,94.0,88.0,88.0,82.0,68.0,68.0,63.0,56.0,52.0,49.0,49.0,49.0,52.0
2267,81.33333333333333,80.66666666666667,81.66666666666667,85.66666666666667,87.33333333333333,85.33333333333333,87.0,87.0,86.33333333333333,86.0,84.33333333333333,83.33333333333333,83.66666666666667,80.33333333333333,79.0,77.33333333333333,73.66666666666667,70.66666666666667,69.33333333333333,67.66666666666667,64.0,67.0,66.0,83.0
2268,22.0,26.0,31.0,35.0,36.0,37.0,40.0,46.0,52.0,54.0,58.0,60.0,60.0,58.0,58.0,53.0,43.0,42.0,42.0,36.0,31.0,30.0,24.0,17.0
2269,61.0,63.0,75.0,80.0,84.0,81.0,87.0,87.0,93.0,90.0,93.0,93.0,93.0,93.0,97.0,90.0,84.0,76.0,68.0,62.0,60.0,58.0,62.0,60.0
2270,93.0,97.0,93.0,92.0,92.0,96.0,96.0,96.0,96.0,100.0,96.0,96.0,96.0,100.0,96.0,100.0,92.0,85.0,73.0,66.0,57.0,56.0,53.0,54.0
2271,57.333333333333336,62.0,68.66666666666667,73.66666666666667,76.0,83.0,83.0,82.0,82.0,88.0,82.0,88.0,88.0,94.0,82.0,79.66666666666667,72.66666666666667,61.333333333333336,57.0,54.0,51.0,48.666666666666664,49.333333333333336,50.666666666666664
2272,84.0,84.0,87.0,85.0,87.0,88.0,88.0,90.0,91.0,92.0,92.0,92.0,92.0,87.0,74.0,63.0,54.0,50.0,53.0,69.0,76.0,61.0,58.0,71.0
2273,84.0,87.0,90.0,84.0,84.0,84.0,84.0,84.0,87.0,87.0,87.0,87.0,87.0,87.0,84.0,82.0,84.0,81.0,81.0,82.0,82.0,81.0,81.0,81.0
2274,67.33333333333333,80.66666666666667,81.0,87.0,85.66666666666667,85.33333333333333,87.66666666666667,88.0,86.33333333333333,87.66666666666667,87.33333333333333,87.33333333333333,85.66666666666667,83.33333333333333,78.33333333333333,74.33333333333333,70.0,66.0,62.666666666666664,61.666666666666664,62.333333333333336,61.0,62.0,66.66666666666667
2275,89.33333333333333,90.33333333333333,93.33333333333333,95.0,95.33333333333333,95.66666666666667,95.0,94.66666666666667,94.33333333333333,94.33333333333333,93.33333333333333,94.66666666666667,96.0,94.66666666666667,93.0,87.33333333333333,79.0,76.66666666666667,70.66666666666667,68.33333333333333,61.333333333333336,61.0,61.0,61.0
2276,55.0,59.0,63.0,65.0,63.0,64.0,60.0,62.0,71.0,76.0,76.0,82.0,94.0,88.0,82.0,71.0,69.0,65.0,58.0,53.0,51.0,45.0,52.0,53.0
2277,19.0,20.0,23.0,24.0,38.0,41.0,41.0,43.0,46.0,52.0,52.0,59.0,59.0,59.0,55.0,46.0,41.0,37.0,34.0,22.0,18.0,17.0,17.0,16.0
2278,79.0,82.0,85.0,88.0,88.0,90.0,93.0,93.0,90.0,96.0,94.0,94.0,96.0,82.0,72.0,67.0,56.0,49.0,51.0,70.0,61.0,57.0,57.0,70.0
2279,28.0,32.0,33.0,41.0,49.0,61.0,61.0,53.0,54.0,52.0,59.0,63.0,63.0,66.0,68.0,63.0,51.0,44.0,28.0,29.0,28.0,27.0,27.0,27.0
2280,96.0,96.0,97.0,100.0,100.0,97.0,97.0,97.0,97.0,100.0,100.0,96.0,93.0,83.0,72.0,65.0,65.0,70.0,72.0,75.0,75.0,81.0,81.0,84.0
2281,83.0,88.0,92.0,100.0,100.0,100.0,99.0,99.0,100.0,100.0,100.0,100.0,98.0,86.0,72.0,64.0,62.0,58.0,58.0,56.0,56.0,58.0,62.0,78.0
2282,62.0,66.0,70.0,74.0,66.0,70.0,70.0,70.0,83.0,88.0,88.0,83.0,94.0,83.0,78.0,73.0,77.0,65.33333333333333,60.0,56.0,53.0,52.0,56.0,59.0
2283,90.0,93.0,90.0,93.0,93.0,93.0,93.0,93.0,93.0,93.0,93.0,93.0,87.0,80.0,75.0,72.0,70.0,70.0,70.0,70.0,73.0,78.0,84.0,87.0
2284,67.0,72.0,75.0,77.33333333333333,78.0,79.0,80.66666666666667,83.33333333333333,83.66666666666667,84.0,86.66666666666667,84.33333333333333,84.0,75.0,69.33333333333333,65.33333333333333,63.333333333333336,60.333333333333336,56.333333333333336,57.333333333333336,74.0,68.33333333333333,64.0,68.33333333333333
2285,74.0,77.0,74.0,74.0,77.0,72.0,74.0,74.0,76.0,74.0,79.0,77.0,79.0,72.0,68.0,65.0,63.0,67.0,67.0,63.0,63.0,67.0,77.0,72.0
2286,85.0,82.0,85.0,82.0,82.0,82.0,88.0,85.0,85.0,88.0,91.0,88.0,88.0,88.0,85.0,82.0,75.0,70.0,70.0,66.0,66.0,72.0,82.0,85.0
2287,100.0,100.0,100.0,100.0,100.0,100.0,90.0,85.0,88.0,79.0,100.0,94.0,92.0,100.0,100.0,94.0,72.0,64.0,62.0,60.0,59.0,54.0,50.0,48.0
2288,54.0,65.0,70.0,74.0,74.0,77.0,77.0,79.0,88.0,82.0,85.0,90.0,88.0,88.0,79.0,74.0,70.0,59.0,58.0,54.0,56.0,54.0,82.0,77.0
2289,12.0,11.0,13.0,14.0,13.0,16.0,11.0,17.0,20.0,21.0,22.0,22.0,24.0,24.0,26.0,24.0,20.0,17.0,15.0,13.0,12.0,10.0,10.0,10.0
2290,84.0,86.0,88.0,93.0,90.0,90.0,91.0,91.0,91.0,93.0,96.0,96.0,94.0,93.0,85.0,79.0,76.0,71.0,66.0,66.0,65.0,70.0,74.0,80.0
2291,100.0,100.0,100.0,100.0,94.0,94.0,94.0,94.0,94.0,94.0,88.0,88.0,88.0,88.0,82.0,76.0,76.0,67.0,67.0,71.0,58.0,55.0,55.0,55.0
2292,95.0,97.0,98.0,99.0,98.0,91.0,88.0,92.0,91.0,89.0,93.0,92.0,94.0,92.0,84.0,75.0,68.0,63.0,59.0,56.0,58.0,55.0,59.0,67.0
2293,54.666666666666664,72.0,79.66666666666667,76.33333333333333,82.0,66.0,77.0,80.33333333333333,82.66666666666667,87.0,88.66666666666667,89.0,78.0,89.66666666666667,76.33333333333333,67.0,64.66666666666667,74.0,59.0,52.0,49.666666666666664,51.0,62.0,63.333333333333336
2294,19.0,28.0,30.0,33.0,38.0,44.0,44.0,49.0,54.0,50.0,52.0,46.0,53.0,55.0,53.0,48.0,37.0,34.0,29.0,21.0,30.0,32.0,39.0,45.0
2295,26.0,31.0,42.0,50.0,46.0,52.0,60.0,62.0,66.0,71.0,68.0,77.0,86.0,73.0,74.0,53.0,52.0,31.0,23.0,18.0,15.0,15.0,14.0,14.0
2296,98.0,98.0,98.0,97.0,97.0,96.0,90.0,82.0,90.0,85.0,82.0,84.0,83.0,85.0,83.0,76.0,73.0,67.0,67.0,55.0,80.0,66.0,63.0,71.0
2297,32.333333333333336,34.333333333333336,38.333333333333336,42.666666666666664,47.333333333333336,51.666666666666664,53.333333333333336,52.666666666666664,53.333333333333336,52.666666666666664,56.333333333333336,59.333333333333336,60.0,60.0,63.333333333333336,59.333333333333336,49.0,40.666666666666664,31.0,29.333333333333332,28.666666666666668,26.666666666666668,26.666666666666668,26.0
2298,80.0,79.0,94.0,91.0,90.0,91.0,91.0,90.0,90.0,90.0,90.0,90.0,90.0,90.0,88.0,84.0,77.0,67.0,68.66666666666667,61.0,58.0,64.0,66.0,67.0
2299,45.0,49.0,60.0,75.0,80.0,71.0,68.0,76.0,74.0,79.0,74.66666666666667,82.0,82.0,79.0,82.0,55.0,46.0,42.0,34.0,25.0,21.0,22.0,21.0,29.0
2300,94.0,100.0,94.0,100.0,94.0,94.0,100.0,88.0,94.0,94.0,88.0,88.0,88.0,82.0,82.0,67.0,67.0,62.0,58.0,55.0,58.0,62.0,58.0,58.0
2301,54.333333333333336,60.0,64.66666666666667,71.0,72.0,74.33333333333333,74.66666666666667,78.33333333333333,78.33333333333333,80.0,80.0,84.66666666666667,93.0,86.33333333333333,81.66666666666667,77.0,77.33333333333333,77.33333333333333,82.66666666666667,91.0,91.33333333333333,92.33333333333333,94.66666666666667,92.0
2302,98.0,96.0,96.0,96.0,98.0,99.0,98.0,96.0,87.0,92.0,94.0,91.0,92.0,82.0,79.0,76.0,98.0,72.0,70.0,61.0,69.0,67.0,69.0,74.0
2303,68.0,73.0,79.0,81.0,82.0,83.0,76.66666666666667,81.0,81.0,81.0,83.0,83.0,85.0,89.0,91.0,86.0,77.0,71.0,67.0,66.0,65.0,62.0,57.0,60.0
2304,72.66666666666667,82.66666666666667,85.33333333333333,87.33333333333333,90.0,96.66666666666667,97.66666666666667,97.0,97.0,96.66666666666667,96.0,100.0,97.66666666666667,98.0,88.33333333333333,74.33333333333333,69.66666666666667,59.333333333333336,56.666666666666664,54.666666666666664,54.0,54.333333333333336,60.333333333333336,69.66666666666667
2305,52.0,58.0,84.0,88.0,89.0,90.0,90.0,92.0,94.0,91.0,91.0,91.0,92.0,93.0,91.0,85.0,80.0,75.0,67.0,69.0,61.0,58.0,60.0,83.0
2306,70.0,84.0,94.0,100.0,100.0,100.0,94.0,100.0,83.0,78.0,78.0,74.0,74.0,69.0,69.0,69.0,65.0,65.0,70.0,66.0,62.0,58.0,62.0,65.0
2307,22.0,22.0,29.0,30.0,50.0,44.0,47.0,60.0,60.0,64.0,66.0,77.0,69.0,83.0,83.0,72.0,56.0,41.0,33.0,30.0,25.0,22.0,17.0,14.0
2308,76.0,78.0,84.0,87.0,90.0,90.0,93.0,96.0,96.0,96.0,96.0,96.0,93.0,87.0,84.0,84.0,78.0,76.0,78.0,79.0,82.0,82.0,82.0,87.0
2309,89.0,84.0,89.0,89.0,94.0,100.0,100.0,100.0,94.0,94.0,100.0,100.0,94.0,94.0,79.0,66.0,66.0,55.0,49.0,52.0,52.0,52.0,59.0,70.0
2310,66.0,71.0,70.0,76.0,76.0,76.0,75.0,75.0,78.0,78.0,78.0,78.0,78.0,78.0,78.0,78.0,76.0,68.0,68.0,66.0,64.0,62.0,60.0,58.0
2311,88.0,94.0,88.0,88.0,88.0,94.0,94.0,94.0,94.0,94.0,94.0,94.0,88.0,83.0,73.0,69.0,69.0,69.0,69.0,78.0,73.0,78.0,78.0,83.0
2312,53.0,63.666666666666664,74.33333333333333,79.33333333333333,79.0,82.0,78.66666666666667,81.66666666666667,81.0,82.0,83.0,88.66666666666667,88.0,85.33333333333333,73.33333333333333,65.66666666666667,58.666666666666664,52.333333333333336,43.333333333333336,46.666666666666664,42.0,43.0,55.666666666666664,56.333333333333336
2313,66.0,71.0,72.0,74.0,77.0,79.0,83.0,86.0,88.0,92.0,96.0,98.0,97.0,100.0,100.0,95.0,91.0,84.0,95.0,100.0,97.0,99.0,99.0,100.0
2314,53.0,58.0,64.0,69.0,73.0,74.0,76.0,82.0,84.0,81.0,82.0,82.0,83.0,92.0,95.0,95.0,96.0,96.0,96.0,95.0,95.33333333333333,96.0,95.0,95.0
2315,13.0,16.0,26.0,33.0,34.0,40.0,49.0,56.0,58.0,53.0,63.0,65.0,65.0,68.0,68.0,56.0,44.0,36.0,25.0,21.0,17.0,16.0,15.0,14.0
2316,70.0,70.0,78.0,83.0,83.0,89.0,89.0,89.0,89.0,89.0,84.0,84.0,94.0,89.0,100.0,94.0,89.0,100.0,100.0,100.0,100.0,100.0,89.0,84.0
2317,82.0,84.0,82.0,82.0,88.0,94.0,96.0,100.0,100.0,100.0,100.0,100.0,100.0,90.0,79.0,74.0,79.0,74.0,70.0,70.0,65.0,63.0,67.0,74.0
2318,27.0,29.0,34.0,52.0,58.0,62.0,66.0,62.0,50.0,66.0,58.0,62.0,66.0,70.0,71.0,55.0,42.0,34.333333333333336,16.0,16.0,16.0,16.0,15.0,13.0
2319,72.0,75.0,71.0,70.66666666666667,79.33333333333333,78.66666666666667,84.0,89.66666666666667,91.33333333333333,94.33333333333333,94.33333333333333,92.66666666666667,92.66666666666667,86.33333333333333,72.33333333333333,67.0,65.33333333333333,61.333333333333336,58.333333333333336,54.0,52.0,49.0,51.333333333333336,62.0
2320,68.0,81.0,90.0,96.0,93.0,100.0,100.0,100.0,100.0,100.0,100.0,100.0,100.0,100.0,93.0,77.0,67.0,63.0,49.0,45.0,39.0,35.0,38.0,36.0
2321,77.0,67.0,71.0,82.0,76.0,76.0,76.0,71.0,71.0,93.0,93.0,93.0,100.0,100.0,100.0,93.0,76.0,71.0,66.0,67.0,63.0,59.0,59.0,59.0
2322,82.0,94.0,85.0,85.0,85.0,82.0,82.0,82.0,85.0,87.0,87.0,88.0,88.0,91.0,88.0,82.0,72.0,72.0,66.0,62.0,74.0,68.0,74.0,72.0
2323,70.66666666666667,78.66666666666667,83.33333333333333,84.33333333333333,87.33333333333333,87.66666666666667,88.66666666666667,88.66666666666667,88.66666666666667,90.66666666666667,92.0,93.0,93.0,93.0,89.33333333333333,79.0,68.66666666666667,63.666666666666664,55.333333333333336,58.666666666666664,58.666666666666664,59.333333333333336,63.333333333333336,67.0
2324,93.0,90.0,87.0,87.0,84.0,84.0,83.0,84.0,83.0,80.0,80.0,77.0,75.0,72.0,69.0,71.0,69.0,64.0,60.0,66.0,59.0,57.0,53.0,57.0
2325,59.0,63.0,65.0,65.0,67.0,69.0,69.0,67.0,67.0,84.0,84.0,87.0,87.0,84.0,81.0,73.0,68.0,65.0,66.0,57.0,54.0,54.0,52.0,58.0
2326,32.333333333333336,39.333333333333336,53.0,51.333333333333336,47.666666666666664,43.0,56.0,52.0,55.0,55.0,55.0,48.0,59.0,59.0,59.0,59.0,50.333333333333336,55.333333333333336,51.0,51.333333333333336,55.333333333333336,55.0,41.0,60.333333333333336
2327,84.0,84.0,83.0,94.0,94.0,83.0,83.0,74.0,74.0,69.0,74.0,69.0,74.0,69.0,69.0,74.0,78.0,78.0,78.0,78.0,70.0,62.0,66.0,74.0
2328,65.0,72.0,82.0,96.0,96.0,75.0,100.0,100.0,100.0,100.0,100.0,100.0,100.0,100.0,87.0,79.0,70.0,60.0,68.0,77.0,79.0,82.0,88.0,93.0
2329,52.0,62.0,65.0,69.0,74.0,78.0,78.0,83.0,88.0,88.0,88.0,83.0,94.0,94.0,100.0,94.0,100.0,94.0,94.0,94.0,94.0,94.0,94.0,94.0
2330,77.0,94.0,97.0,96.0,97.0,97.0,97.0,94.0,94.0,94.0,96.0,100.0,97.0,94.0,85.0,74.0,65.0,59.0,68.0,72.0,70.0,94.0,97.0,94.0
2331,94.0,94.0,88.0,88.0,82.0,77.0,77.0,72.0,77.0,77.0,72.0,63.0,67.0,67.0,67.0,67.0,64.0,72.0,77.0,82.0,94.0,88.0,64.0,59.0
2332,72.0,82.0,85.0,85.0,85.0,82.0,85.0,82.0,82.0,82.0,82.0,82.0,82.0,79.0,77.0,77.0,70.0,65.0,61.0,57.0,52.0,50.0,49.0,52.0
2333,70.0,70.0,72.0,72.0,77.0,74.0,72.0,74.0,74.0,79.0,79.0,79.0,74.0,67.0,63.0,57.0,59.0,57.0,65.0,65.0,65.0,59.0,65.0,65.0
2334,100.0,100.0,100.0,100.0,100.0,100.0,100.0,100.0,100.0,100.0,96.0,92.0,94.0,89.0,96.0,96.0,76.0,77.0,75.0,63.0,62.0,63.0,63.0,66.0
2335,59.0,79.0,84.0,84.0,94.0,94.0,94.0,100.0,89.0,94.0,94.0,100.0,94.0,94.0,84.0,74.0,62.0,56.0,55.0,52.0,49.0,46.0,52.0,52.0
2336,28.0,46.0,72.0,72.0,88.0,82.0,72.0,76.0,87.0,93.0,93.0,100.0,100.0,93.0,100.0,76.0,55.0,48.0,42.0,37.0,31.0,27.0,25.0,25.0
2337,93.0,93.0,97.0,93.0,90.0,87.0,84.0,81.0,83.0,78.0,75.0,74.0,80.0,83.0,83.0,71.0,71.0,66.0,64.0,64.0,62.0,59.0,51.0,53.0
2338,78.33333333333333,78.33333333333333,79.0,74.0,74.0,74.0,79.0,79.0,79.0,84.0,84.0,96.0,89.0,78.66666666666667,70.66666666666667,68.33333333333333,66.33333333333333,62.666666666666664,62.666666666666664,59.0,70.0,66.0,70.0,70.0
2339,96.0,97.0,97.0,100.0,94.0,87.0,81.0,93.0,93.0,90.0,87.0,87.0,87.0,84.0,78.0,73.0,70.0,65.0,61.0,58.0,58.0,60.0,57.666666666666664,59.0
2340,16.333333333333332,22.0,28.0,42.666666666666664,49.0,44.0,44.333333333333336,49.0,45.0,48.0,45.0,56.0,56.0,55.0,60.333333333333336,44.0,34.333333333333336,24.0,25.0,28.0,26.0,25.0,14.333333333333334,13.333333333333334
2341,53.0,59.0,61.0,59.0,57.0,60.0,62.0,65.0,66.0,74.0,82.0,79.0,90.0,94.0,82.0,82.0,71.0,67.0,62.0,54.0,49.0,44.0,42.0,50.0
2342,72.0,71.0,74.66666666666667,75.0,82.0,79.66666666666667,84.33333333333333,85.33333333333333,91.66666666666667,92.0,93.0,91.33333333333333,88.66666666666667,76.66666666666667,66.0,59.666666666666664,56.333333333333336,56.0,57.333333333333336,58.0,57.0,58.333333333333336,62.0,73.0
2343,100.0,100.0,99.0,100.0,100.0,100.0,100.0,100.0,94.0,94.0,94.0,95.0,92.0,86.0,77.0,75.0,73.0,74.0,63.0,57.0,52.0,50.0,55.0,52.0
2344,55.0,63.333333333333336,70.66666666666667,77.66666666666667,78.66666666666667,77.0,86.33333333333333,85.66666666666667,86.33333333333333,87.66666666666667,88.0,90.0,91.0,89.66666666666667,79.33333333333333,72.0,69.66666666666667,66.33333333333333,61.0,57.0,56.333333333333336,66.66666666666667,72.0,73.33333333333333
2345,74.66666666666667,82.33333333333333,82.66666666666667,87.0,91.0,90.0,90.66666666666667,90.66666666666667,90.66666666666667,95.0,95.66666666666667,97.0,96.0,92.66666666666667,79.66666666666667,68.66666666666667,63.0,57.666666666666664,53.333333333333336,53.333333333333336,50.666666666666664,51.666666666666664,57.0,60.0
2346,69.0,75.0,78.0,81.0,83.0,85.0,85.0,86.0,85.0,88.0,89.0,90.0,90.0,89.0,83.0,75.0,76.0,66.0,69.0,69.0,63.0,61.0,60.0,67.0
2347,48.0,57.0,60.0,60.0,67.0,74.0,66.0,71.0,82.0,90.0,87.0,84.0,84.0,81.0,81.0,79.0,93.0,90.0,93.0,90.0,93.0,84.0,84.0,87.0
2348,59.0,68.0,70.0,84.0,89.0,89.0,90.0,90.0,92.0,100.0,100.0,100.0,100.0,100.0,100.0,100.0,100.0,100.0,100.0,100.0,100.0,100.0,100.0,100.0
2349,66.0,76.0,77.0,81.0,86.0,90.0,94.0,95.0,94.0,94.0,95.0,95.0,96.0,90.0,83.0,78.0,68.0,62.0,57.0,52.333333333333336,48.0,51.666666666666664,52.0,57.666666666666664
2350,60.333333333333336,63.0,69.0,76.33333333333333,73.0,82.0,81.0,85.33333333333333,79.0,73.33333333333333,70.66666666666667,71.66666666666667,68.0,72.33333333333333,72.0,65.33333333333333,57.0,54.666666666666664,48.666666666666664,44.0,43.333333333333336,40.666666666666664,41.0,42.333333333333336
2351,63.0,61.0,79.0,88.0,86.0,90.0,93.0,94.0,95.0,98.0,95.0,96.0,97.0,94.0,94.0,69.0,51.0,39.0,33.0,30.0,26.0,25.0,24.0,25.0
2352,50.666666666666664,64.33333333333333,72.33333333333333,79.66666666666667,77.0,73.66666666666667,73.66666666666667,72.33333333333333,68.0,71.33333333333333,77.33333333333333,77.66666666666667,78.66666666666667,80.66666666666667,80.33333333333333,78.66666666666667,79.0,74.33333333333333,73.0,67.0,62.333333333333336,72.66666666666667,74.33333333333333,80.33333333333333
2353,99.22222222222223,99.22222222222223,97.44444444444444,99.0,99.0,95.66666666666667,89.33333333333333,88.66666666666667,87.66666666666667,87.33333333333333,96.66666666666667,91.33333333333333,91.0,98.66666666666667,96.33333333333333,84.33333333333333,78.0,69.66666666666667,72.0,67.0,62.0,62.0,58.0,55.0
2354,61.0,68.0,70.0,71.0,76.0,76.0,75.0,72.0,80.0,73.0,77.0,84.0,92.0,94.0,92.0,81.0,64.55555555555556,54.0,52.0,50.111111111111114,56.0,61.0,63.333333333333336,67.0
2355,57.0,64.33333333333333,71.66666666666667,78.66666666666667,80.0,81.66666666666667,81.0,86.33333333333333,85.33333333333333,81.0,85.33333333333333,81.33333333333333,87.33333333333333,82.33333333333333,82.33333333333333,87.33333333333333,83.33333333333333,76.0,69.66666666666667,66.66666666666667,63.0,60.333333333333336,58.666666666666664,62.0
2356,59.666666666666664,71.33333333333333,79.33333333333333,81.0,85.33333333333333,88.66666666666667,81.0,80.66666666666667,83.33333333333333,86.0,86.0,92.0,92.0,87.66666666666667,75.66666666666667,66.66666666666667,59.333333333333336,51.666666666666664,46.0,46.666666666666664,43.666666666666664,43.333333333333336,56.666666666666664,59.333333333333336
2357,93.66666666666667,95.33333333333333,96.66666666666667,96.66666666666667,96.66666666666667,97.0,96.66666666666667,96.33333333333333,96.33333333333333,96.33333333333333,95.33333333333333,96.33333333333333,97.66666666666667,96.33333333333333,95.33333333333333,87.33333333333333,78.66666666666667,73.66666666666667,69.0,65.66666666666667,62.0,61.333333333333336,61.666666666666664,62.0
2358,95.0,94.0,94.0,94.0,96.0,96.0,96.0,96.0,96.0,96.0,97.0,97.0,97.0,97.0,95.0,92.0,83.0,72.0,68.0,64.0,62.0,57.0,60.0,64.0
2359,84.33333333333333,86.0,87.66666666666667,91.33333333333333,92.0,92.0,94.33333333333333,94.0,93.33333333333333,94.0,95.66666666666667,96.0,96.66666666666667,97.66666666666667,95.33333333333333,87.33333333333333,84.0,75.0,76.0,80.0,87.33333333333333,91.66666666666667,95.0,96.33333333333333
2360,62.0,71.0,74.0,80.0,83.0,84.0,86.0,86.0,88.0,89.0,91.0,91.0,92.0,90.0,86.0,76.0,70.0,58.0,56.0,50.0,48.0,49.0,51.0,56.0
2361,81.66666666666667,86.33333333333333,85.33333333333333,87.66666666666667,88.33333333333333,88.33333333333333,88.33333333333333,89.0,88.66666666666667,90.0,91.0,91.33333333333333,91.33333333333333,91.66666666666667,85.66666666666667,80.33333333333333,71.33333333333333,68.33333333333333,66.66666666666667,63.0,62.0,62.666666666666664,67.0,71.0
2362,80.66666666666667,85.0,88.0,89.66666666666667,87.66666666666667,90.66666666666667,91.33333333333333,93.33333333333333,93.33333333333333,95.66666666666667,96.0,92.66666666666667,91.66666666666667,95.66666666666667,90.0,89.66666666666667,83.66666666666667,77.66666666666667,74.0,66.33333333333333,64.0,65.0,70.66666666666667,71.0
2363,96.0,94.66666666666667,95.33333333333333,97.0,95.0,97.0,95.33333333333333,97.0,94.66666666666667,95.33333333333333,95.33333333333333,94.33333333333333,94.33333333333333,93.66666666666667,92.66666666666667,90.66666666666667,85.0,76.0,78.66666666666667,80.33333333333333,75.33333333333333,68.33333333333333,65.33333333333333,65.33333333333333
2364,80.0,88.0,89.0,89.0,90.0,89.0,87.0,88.0,88.0,91.0,90.0,89.0,89.0,88.0,86.0,83.0,79.0,73.0,71.0,70.0,68.0,69.0,72.0,77.0
2365,51.0,63.0,70.0,75.0,75.0,84.0,86.0,86.0,83.0,77.0,86.0,86.0,96.0,96.0,100.0,97.0,96.0,100.0,86.0,80.0,70.0,65.0,56.0,52.0
2366,93.0,97.0,93.0,87.0,93.0,96.0,93.0,93.0,93.0,97.0,93.0,96.0,90.0,63.0,59.0,59.0,57.0,55.0,57.0,59.0,63.0,68.0,73.0,78.0
2367,53.0,60.0,67.0,72.0,74.0,73.0,76.0,73.0,71.0,74.0,73.0,74.0,98.0,94.0,78.0,65.0,67.0,61.0,52.0,52.0,40.0,46.0,52.0,55.0
2368,68.0,73.0,79.0,83.0,91.0,95.0,95.0,100.0,98.0,98.0,99.0,99.0,98.0,91.0,82.0,71.0,58.0,51.0,50.0,47.0,51.0,49.0,61.0,69.0
2369,57.0,68.0,72.0,85.0,84.0,88.0,88.0,82.0,84.0,88.0,84.0,91.0,91.0,84.0,79.0,82.0,74.0,68.0,58.0,52.0,54.0,52.0,52.0,56.0
2370,78.33333333333333,80.0,82.66666666666667,84.66666666666667,87.66666666666667,88.66666666666667,86.0,87.33333333333333,89.0,89.66666666666667,90.33333333333333,94.0,91.66666666666667,91.66666666666667,84.66666666666667,80.33333333333333,74.66666666666667,74.0,71.66666666666667,67.66666666666667,66.66666666666667,67.0,70.66666666666667,78.0
2371,82.0,88.0,82.0,88.0,76.0,74.0,76.0,82.0,72.0,74.0,77.0,76.0,74.0,64.0,61.0,55.0,50.0,50.0,53.0,61.0,58.0,57.0,51.0,48.0
2372,75.0,75.0,78.0,73.0,73.0,75.0,73.0,73.0,78.0,75.0,75.0,75.0,73.0,75.0,73.0,70.0,70.0,71.0,73.0,73.0,73.0,71.0,74.0,79.0
2373,76.0,82.0,84.0,86.0,78.0,76.0,77.0,68.0,71.0,74.0,69.0,64.0,60.0,62.0,66.0,72.0,69.0,62.0,64.0,52.0,48.0,43.0,50.0,58.0
2374,27.0,31.0,36.0,44.0,54.0,57.0,61.0,61.0,65.0,65.0,70.0,65.0,65.0,56.0,49.0,40.0,33.0,24.0,21.0,18.0,17.0,20.0,20.0,11.0
2375,76.0,82.0,77.0,80.0,81.0,83.0,82.0,80.0,80.0,80.0,82.0,84.0,82.0,83.0,76.0,74.0,69.0,69.0,70.0,62.0,61.0,61.0,64.0,71.0
2376,76.0,75.33333333333333,76.33333333333333,77.66666666666667,81.0,84.33333333333333,81.66666666666667,84.66666666666667,84.33333333333333,85.0,87.33333333333333,88.33333333333333,85.66666666666667,75.33333333333333,69.0,67.33333333333333,66.0,68.0,66.66666666666667,65.0,63.333333333333336,67.33333333333333,70.33333333333333,75.33333333333333
2377,52.0,62.0,70.0,69.0,69.0,69.0,69.0,69.0,65.0,69.0,78.0,74.0,74.0,94.0,94.0,88.0,100.0,94.0,94.0,84.0,74.0,62.0,62.0,70.0
2378,72.0,78.0,80.0,88.0,94.0,94.0,95.0,94.0,96.0,92.0,95.0,91.0,84.0,83.0,79.0,73.0,68.0,61.0,57.0,50.0,45.0,43.0,42.0,43.0
2379,70.0,74.0,81.66666666666667,83.0,82.33333333333333,84.66666666666667,85.33333333333333,81.33333333333333,82.33333333333333,82.66666666666667,79.33333333333333,83.0,80.33333333333333,73.66666666666667,62.0,59.0,59.0,49.0,58.666666666666664,57.666666666666664,62.0,59.666666666666664,64.0,68.33333333333333
2380,92.66666666666667,94.66666666666667,94.1111111111111,96.33333333333333,98.66666666666667,98.33333333333333,97.0,98.0,97.66666666666667,94.66666666666667,90.66666666666667,87.66666666666667,84.0,89.66666666666667,91.66666666666667,89.66666666666667,90.66666666666667,93.33333333333333,93.0,90.0,85.33333333333333,83.33333333333333,84.33333333333333,85.0
2381,94.0,92.33333333333333,91.33333333333333,91.33333333333333,91.66666666666667,87.66666666666667,88.0,88.66666666666667,88.0,88.0,82.0,87.0,94.0,93.0,93.0,87.0,76.0,76.0,76.0,71.0,67.0,62.0,55.0,58.0
2382,63.0,88.0,94.0,94.0,94.0,91.0,94.0,94.0,94.0,94.0,96.0,94.0,97.0,96.0,93.0,87.0,79.0,77.0,77.0,90.0,88.0,85.0,88.0,90.0
2383,96.0,96.0,97.0,96.0,96.0,96.0,96.0,96.0,93.0,89.0,89.0,92.0,91.0,86.0,82.0,84.0,85.0,71.0,76.0,76.0,80.0,75.0,67.0,67.0
2384,55.0,66.0,70.0,78.0,84.0,74.0,79.0,89.0,89.0,89.0,89.0,94.0,94.0,84.0,74.0,66.0,56.0,66.0,59.0,52.0,49.0,52.0,62.0,58.0
2385,58.0,66.0,70.0,76.0,82.0,99.0,100.0,93.66666666666667,94.0,97.33333333333333,97.66666666666667,98.0,98.0,91.66666666666667,86.0,67.0,58.0,52.0,48.0,46.0,48.0,58.0,52.0,61.0
2386,79.0,79.0,85.0,85.0,90.0,88.0,93.0,94.0,82.0,82.0,85.0,82.0,84.0,74.0,70.0,72.0,65.0,62.0,56.0,60.0,63.0,61.0,59.0,72.0
2387,89.0,89.0,94.0,89.0,89.0,89.0,89.0,89.0,94.0,94.0,94.0,100.0,100.0,100.0,94.0,89.0,75.0,71.0,63.0,63.0,100.0,84.0,94.0,94.0
2388,9.666666666666666,15.0,21.333333333333332,25.333333333333332,29.333333333333332,31.333333333333332,30.666666666666668,33.666666666666664,34.0,35.333333333333336,34.0,35.0,35.0,39.0,36.0,25.333333333333332,21.333333333333332,16.333333333333332,14.0,10.666666666666666,8.333333333333334,8.0,6.666666666666667,5.888888888888889
2389,99.0,100.0,100.0,100.0,100.0,100.0,100.0,100.0,100.0,100.0,100.0,99.0,100.0,98.0,69.0,64.0,54.0,50.0,46.0,60.0,60.0,63.0,68.0,70.0
2390,55.0,58.0,62.0,62.0,74.0,94.0,100.0,100.0,100.0,94.0,88.0,88.0,88.0,82.0,82.0,82.0,72.0,68.0,56.0,52.0,52.0,52.0,55.0,63.0
2391,69.0,73.33333333333333,78.0,80.0,80.0,78.0,78.33333333333333,78.0,79.0,79.66666666666667,81.0,81.0,82.0,83.0,84.0,82.0,75.0,73.33333333333333,71.66666666666667,68.33333333333333,66.0,65.33333333333333,63.333333333333336,62.666666666666664
2392,78.0,94.0,94.0,94.0,88.0,94.0,88.0,83.0,82.0,88.0,88.0,88.0,88.0,76.0,82.0,82.0,76.0,82.0,76.0,71.0,67.0,62.0,58.0,62.0
2393,74.0,73.0,84.0,89.0,92.0,91.0,89.0,92.0,93.0,92.0,95.0,96.0,96.0,88.0,74.0,64.0,54.0,56.0,52.0,48.0,44.0,44.0,46.0,53.0
2394,85.0,90.0,90.0,94.0,94.0,96.0,94.0,94.0,96.0,91.0,94.0,94.0,94.0,91.0,79.0,74.0,70.0,63.0,61.0,52.0,49.0,50.0,50.0,53.0
2395,52.0,60.0,69.0,72.0,64.0,71.0,74.0,77.0,82.0,92.0,96.0,96.0,100.0,100.0,92.0,77.0,66.0,48.0,43.0,34.0,30.0,26.0,26.0,26.0
2396,87.33333333333333,91.0,92.33333333333333,93.0,91.33333333333333,92.33333333333333,91.33333333333333,90.0,91.0,92.33333333333333,92.66666666666667,92.33333333333333,91.33333333333333,91.0,85.66666666666667,79.0,66.0,66.0,59.0,89.0,80.33333333333333,74.0,66.0,70.0
2397,96.0,100.0,97.1111111111111,100.0,100.0,100.0,97.0,100.0,100.0,100.0,97.1111111111111,96.0,96.0,100.0,96.0,90.0,85.0,74.0,74.0,68.0,70.0,70.0,63.0,70.0
2398,90.0,90.0,90.0,96.0,93.0,86.0,86.0,87.0,90.0,90.0,90.0,93.0,86.0,86.0,83.0,72.0,62.0,60.0,60.0,58.0,56.0,56.0,56.0,58.0
2399,46.0,55.0,62.0,66.0,70.0,74.0,74.0,78.0,78.0,78.0,88.0,88.0,88.0,94.0,83.0,88.0,88.0,94.0,100.0,100.0,100.0,100.0,100.0,100.0
2400,81.66666666666667,85.0,90.66666666666667,94.66666666666667,94.66666666666667,92.66666666666667,91.66666666666667,91.66666666666667,92.66666666666667,91.66666666666667,94.66666666666667,95.66666666666667,94.66666666666667,91.66666666666667,88.66666666666667,72.66666666666667,63.666666666666664,53.666666666666664,49.333333333333336,43.666666666666664,35.0,34.333333333333336,33.333333333333336,33.666666666666664
2401,16.0,17.0,22.0,31.0,43.0,46.0,28.333333333333332,61.0,65.0,64.0,69.0,69.0,69.0,69.0,55.333333333333336,46.666666666666664,34.333333333333336,25.333333333333332,20.666666666666668,14.333333333333334,12.0,12.0,12.0,9.666666666666666
2402,59.0,71.0,76.0,79.0,82.0,85.0,88.0,84.0,84.0,82.0,84.0,87.0,87.0,87.0,85.0,79.0,74.0,82.0,82.0,72.0,63.0,65.0,52.0,63.0
2403,28.0,30.0,38.0,48.0,55.0,55.0,51.0,39.0,40.0,46.0,44.0,43.0,50.0,56.0,61.0,41.0,32.0,47.0,48.0,41.0,38.0,40.0,33.0,31.0
2404,95.0,94.0,94.0,95.0,92.0,94.0,98.0,100.0,100.0,98.0,99.0,97.0,98.0,95.0,88.0,81.0,77.0,78.0,74.0,74.0,69.0,69.0,71.0,80.0
2405,96.0,96.0,96.0,97.0,96.0,96.0,91.0,94.0,92.0,90.0,89.0,91.0,80.0,70.0,64.0,58.0,56.0,57.0,71.0,61.0,55.0,47.0,47.0,50.0
2406,76.0,79.0,81.0,81.0,81.0,81.0,84.0,84.0,84.0,81.0,87.0,87.0,84.0,84.0,78.0,78.0,76.0,73.0,69.0,71.0,71.0,69.0,76.0,74.0
2407,84.0,83.0,84.0,86.0,83.0,87.0,91.0,84.0,82.0,84.0,80.0,87.0,80.0,76.0,67.0,66.0,61.0,60.666666666666664,58.666666666666664,57.666666666666664,61.333333333333336,57.666666666666664,62.333333333333336,66.66666666666667
2408,93.0,90.0,90.0,87.0,84.0,82.0,72.0,69.0,74.0,90.0,87.0,85.0,84.0,81.0,79.0,78.0,64.0,59.0,61.0,59.0,60.0,58.0,58.0,67.0
2409,70.0,79.0,70.0,79.0,84.0,84.0,94.0,94.0,100.0,100.0,100.0,100.0,94.0,89.0,74.0,74.0,66.0,55.0,49.0,43.0,41.0,46.0,59.0,70.0
2410,21.0,26.0,33.0,41.0,50.0,56.0,58.0,59.0,64.0,64.0,70.0,75.0,72.0,75.0,78.0,75.0,47.0,27.0,33.0,33.0,29.0,20.0,16.0,17.0
2411,54.0,76.0,84.0,84.0,84.0,76.0,88.0,90.0,94.0,94.0,94.0,94.0,94.0,88.0,77.0,74.0,70.0,61.0,52.0,46.0,46.0,46.0,54.0,52.0
2412,23.0,26.0,29.0,37.0,38.0,42.0,40.0,34.0,32.0,35.0,32.0,37.0,39.0,39.0,34.0,27.0,29.0,34.0,25.0,20.0,20.0,18.0,19.0,21.0
2413,18.0,24.0,56.0,60.0,60.0,46.0,42.0,42.0,42.0,42.0,45.0,51.0,47.0,51.0,67.0,38.0,28.0,33.0,31.0,24.0,20.0,19.0,15.0,14.0
2414,88.0,88.0,88.0,88.0,82.0,82.0,88.0,82.0,88.0,82.0,82.0,82.0,82.0,87.0,82.0,76.0,76.0,76.0,66.0,62.0,58.0,58.0,54.0,58.0
2415,59.333333333333336,70.66666666666667,74.0,74.66666666666667,72.0,70.66666666666667,76.0,78.0,79.33333333333333,77.66666666666667,82.66666666666667,81.33333333333333,84.0,77.0,68.33333333333333,62.666666666666664,59.0,56.666666666666664,56.666666666666664,53.666666666666664,56.0,59.0,62.666666666666664,65.33333333333333
2416,52.0,59.0,63.0,67.0,69.0,71.0,71.0,77.0,79.0,84.0,84.0,88.0,88.0,88.0,87.0,74.0,61.0,55.0,50.0,45.0,44.0,94.0,100.0,100.0
2417,21.666666666666668,24.666666666666668,31.0,42.333333333333336,44.0,48.333333333333336,51.333333333333336,52.0,51.0,58.666666666666664,55.666666666666664,65.66666666666667,67.33333333333333,68.0,68.0,52.333333333333336,44.666666666666664,33.77777777777778,23.666666666666668,17.333333333333332,14.333333333333334,14.333333333333334,13.0,12.333333333333334
2418,72.0,73.0,75.0,75.0,81.0,78.0,82.0,85.0,80.0,76.0,78.0,78.0,79.0,76.0,70.0,68.0,74.0,72.0,76.0,70.0,72.0,60.0,58.0,55.0
2419,70.0,79.0,82.0,85.0,82.0,82.0,85.0,85.0,88.0,91.0,94.0,94.0,94.0,90.0,87.0,82.0,79.0,72.0,65.0,56.0,56.0,88.0,91.0,93.0
2420,66.33333333333333,78.0,84.0,86.0,87.0,89.0,91.0,92.0,90.0,91.0,92.0,93.0,88.0,88.0,70.0,66.0,62.0,62.0,50.666666666666664,55.0,62.0,62.0,71.0,83.33333333333333
2421,13.666666666666666,15.333333333333334,17.666666666666668,22.333333333333332,26.0,32.0,35.333333333333336,33.666666666666664,37.666666666666664,33.666666666666664,37.333333333333336,42.0,50.0,49.666666666666664,43.0,32.333333333333336,26.333333333333332,21.666666666666668,20.0,15.666666666666666,13.666666666666666,13.666666666666666,13.333333333333334,10.0
2422,23.0,24.0,26.0,30.0,31.0,31.0,33.0,38.0,32.0,31.0,32.0,33.0,31.0,36.0,49.0,38.0,32.0,27.0,23.0,21.0,19.0,18.0,19.0,18.0
2423,10.0,11.0,15.333333333333334,18.0,22.0,24.666666666666668,28.666666666666668,29.333333333333332,31.666666666666668,33.666666666666664,35.333333333333336,39.666666666666664,36.0,39.0,39.333333333333336,29.333333333333332,23.0,16.0,14.0,12.333333333333334,11.0,9.0,8.666666666666666,8.0
2424,10.0,11.0,15.333333333333334,18.0,22.0,24.666666666666668,28.666666666666668,29.333333333333332,31.666666666666668,33.666666666666664,35.333333333333336,39.666666666666664,36.0,39.0,39.333333333333336,29.333333333333332,23.0,16.0,14.0,12.333333333333334,11.0,9.0,8.666666666666666,8.0
2425,45.666666666666664,53.666666666666664,63.0,61.0,67.33333333333333,73.0,74.66666666666667,82.0,85.66666666666667,81.33333333333333,84.66666666666667,85.66666666666667,85.66666666666667,86.66666666666667,78.33333333333333,75.33333333333333,75.0,63.333333333333336,46.0,36.666666666666664,32.666666666666664,25.666666666666668,25.666666666666668,22.666666666666668
2426,10.333333333333334,12.0,14.0,21.0,19.666666666666668,25.333333333333332,29.0,36.333333333333336,31.0,35.0,40.0,40.0,41.666666666666664,43.0,40.666666666666664,32.333333333333336,21.333333333333332,17.0,13.0,10.666666666666666,10.333333333333334,12.444444444444443,11.888888888888891,7.333333333333333
2427,17.666666666666668,21.333333333333332,23.333333333333332,39.666666666666664,37.666666666666664,37.333333333333336,37.333333333333336,43.666666666666664,56.333333333333336,64.66666666666667,60.0,55.333333333333336,56.0,67.33333333333333,65.33333333333333,52.0,35.666666666666664,27.333333333333332,21.666666666666668,16.666666666666668,15.0,11.333333333333334,12.666666666666666,12.666666666666666
2428,94.0,94.0,94.0,100.0,100.0,100.0,100.0,94.0,88.0,88.0,88.0,88.0,88.0,88.0,82.0,82.0,76.0,66.0,76.0,66.0,62.0,50.0,54.0,54.0
2429,90.0,91.0,92.0,95.33333333333333,94.66666666666667,95.0,94.66666666666667,92.66666666666667,95.66666666666667,94.66666666666667,94.66666666666667,91.66666666666667,91.66666666666667,87.33333333333333,86.33333333333333,85.66666666666667,80.0,79.33333333333333,76.0,74.0,75.33333333333333,77.0,77.33333333333333,83.0
2430,79.0,85.0,82.0,79.0,84.0,87.0,87.0,84.0,90.0,90.0,87.0,87.0,87.0,85.0,76.0,71.0,67.0,63.0,57.0,55.0,55.0,62.333333333333336,61.0,63.0
2431,55.0,74.0,78.0,62.0,74.0,78.0,78.0,83.0,83.0,88.0,88.0,88.0,88.0,89.0,70.0,62.0,56.0,52.0,59.0,55.0,52.0,44.0,49.0,49.0
2432,85.0,79.0,84.0,85.0,91.0,91.0,97.0,97.0,97.0,100.0,97.0,100.0,96.0,90.0,82.0,72.0,70.0,63.0,61.0,59.0,57.0,61.0,63.0,69.0
2433,92.0,85.0,76.0,74.0,65.0,61.0,65.0,65.0,69.0,94.0,94.0,79.33333333333333,75.0,81.33333333333333,83.66666666666667,69.0,67.0,61.666666666666664,61.0,55.666666666666664,56.666666666666664,57.333333333333336,56.0,60.333333333333336
2434,82.0,67.0,58.0,56.0,57.0,58.0,58.0,58.0,58.0,60.0,65.0,69.0,68.0,71.0,73.0,71.0,57.0,64.0,57.0,53.0,54.0,49.0,51.0,54.0
2435,87.66666666666667,92.33333333333333,92.33333333333333,94.66666666666667,93.66666666666667,92.33333333333333,93.0,95.33333333333333,95.33333333333333,96.66666666666667,96.66666666666667,97.33333333333333,98.66666666666667,96.0,80.33333333333333,73.66666666666667,65.66666666666667,58.0,54.333333333333336,58.0,61.333333333333336,63.666666666666664,68.0,72.66666666666667
2436,56.333333333333336,62.0,66.66666666666667,67.0,68.33333333333333,71.33333333333333,84.33333333333333,85.66666666666667,95.66666666666667,95.66666666666667,94.33333333333333,95.33333333333333,95.33333333333333,88.0,79.66666666666667,70.33333333333333,63.333333333333336,61.0,61.666666666666664,61.666666666666664,59.666666666666664,62.666666666666664,66.33333333333333,65.66666666666667
2437,83.0,83.0,88.0,83.0,88.0,88.0,88.0,88.0,88.0,94.0,94.0,94.0,94.0,88.0,94.0,88.0,83.0,78.0,74.0,74.0,83.0,83.0,83.0,83.0
2438,94.0,94.0,94.0,94.0,88.0,88.0,88.0,88.0,88.0,88.0,88.0,82.0,87.0,94.0,93.0,87.0,82.0,82.0,71.0,71.0,67.0,58.0,54.0,54.0
2439,94.0,88.0,94.0,94.0,94.0,94.0,100.0,100.0,100.0,94.0,94.0,94.0,94.0,94.0,88.0,77.0,67.0,60.0,60.0,56.0,43.0,40.0,40.0,40.0
2440,88.0,99.0,100.0,100.0,100.0,100.0,100.0,100.0,100.0,100.0,100.0,100.0,100.0,95.0,81.0,67.0,62.0,57.0,58.0,60.0,59.0,61.0,64.0,70.0
2441,50.0,58.0,62.0,60.0,62.0,65.0,69.0,71.0,76.0,74.0,77.0,77.0,82.0,77.0,71.0,91.0,72.0,65.0,58.0,62.0,71.0,74.0,74.0,79.0
2442,94.0,100.0,94.0,88.0,70.0,74.0,70.0,70.0,94.0,94.0,100.0,94.0,94.0,88.0,78.0,73.0,68.0,72.0,72.0,67.0,63.0,63.0,63.0,58.0
2443,78.0,83.0,83.0,88.0,88.0,92.0,91.0,91.0,93.0,93.0,88.0,94.0,94.0,88.0,88.0,88.0,88.0,88.0,78.0,74.0,74.0,78.0,83.0,83.0
2444,66.0,79.0,79.0,84.0,84.0,74.0,78.0,83.0,83.0,83.0,88.0,94.0,94.0,89.0,79.0,70.0,62.0,55.0,49.0,46.0,44.0,47.0,46.0,62.0
2445,77.33333333333333,81.33333333333333,88.0,91.66666666666667,86.0,84.66666666666667,80.33333333333333,81.33333333333333,79.66666666666667,75.66666666666667,76.33333333333333,75.33333333333333,76.33333333333333,73.33333333333333,64.66666666666667,58.333333333333336,58.333333333333336,59.666666666666664,66.33333333333333,58.666666666666664,64.33333333333333,48.333333333333336,46.333333333333336,47.666666666666664
2446,70.0,74.0,78.0,78.0,83.0,88.0,88.0,94.0,94.0,94.0,94.0,94.0,94.0,94.0,79.0,70.0,62.0,56.0,56.0,49.0,52.0,49.0,74.0,94.0
2447,85.0,92.0,94.66666666666667,92.66666666666667,93.0,93.0,93.66666666666667,96.0,94.66666666666667,96.0,97.0,97.0,98.0,96.66666666666667,94.66666666666667,88.0,83.0,77.0,69.66666666666667,75.0,81.33333333333333,89.33333333333333,92.66666666666667,96.66666666666667
2448,80.0,87.0,84.0,84.0,87.0,83.0,83.0,87.0,90.0,90.0,93.0,90.0,86.0,72.0,70.0,70.0,68.0,68.0,70.0,70.0,70.0,78.0,81.0,84.0
2449,79.0,83.0,87.0,87.0,86.0,90.0,91.0,92.0,92.0,94.0,94.0,95.0,95.0,95.0,92.0,86.0,83.0,79.0,75.0,70.0,69.0,67.0,64.0,66.0
2450,72.0,78.0,82.0,84.0,85.0,89.0,94.0,95.0,92.0,90.0,90.0,91.0,94.0,92.0,86.0,79.0,89.0,88.0,85.0,75.0,73.0,72.0,77.0,80.0
2451,79.0,84.0,74.0,77.0,91.0,88.0,94.0,97.0,100.0,100.0,100.0,100.0,100.0,97.0,88.0,76.0,74.0,65.0,63.0,59.0,61.0,57.0,59.0,72.0
2452,84.0,87.0,90.0,97.0,93.0,90.0,93.0,96.0,93.0,96.0,96.0,96.0,93.0,90.0,84.0,81.0,79.0,76.0,74.0,71.0,74.0,76.0,79.0,79.0
2453,55.0,60.0,60.0,66.0,71.0,72.0,74.0,79.0,77.0,82.0,82.0,82.0,94.0,90.0,84.0,79.0,79.0,79.0,82.0,94.0,93.0,93.0,97.0,93.0
2454,82.66666666666667,85.33333333333333,87.0,90.33333333333333,91.66666666666667,91.33333333333333,88.66666666666667,89.66666666666667,90.66666666666667,92.33333333333333,93.33333333333333,95.33333333333333,94.66666666666667,91.33333333333333,89.66666666666667,82.66666666666667,77.66666666666667,74.0,68.66666666666667,66.0,63.666666666666664,68.0,71.33333333333333,78.33333333333333
2455,94.0,100.0,100.0,100.0,100.0,100.0,94.0,94.0,100.0,100.0,100.0,100.0,94.0,100.0,89.0,70.0,70.0,63.0,62.0,88.0,84.0,75.0,62.0,66.0
2456,62.0,62.0,65.0,69.0,78.0,83.0,83.0,83.0,88.0,88.0,83.0,88.0,88.0,88.0,74.0,59.0,49.0,46.0,38.0,38.0,46.0,41.0,49.0,58.0
2457,22.666666666666668,25.0,44.333333333333336,48.333333333333336,62.333333333333336,68.66666666666667,74.0,75.33333333333333,77.0,83.0,85.66666666666667,84.66666666666667,85.33333333333333,87.66666666666667,80.0,62.0,52.0,43.333333333333336,35.333333333333336,30.0,26.666666666666668,24.333333333333332,23.666666666666668,23.0
2458,7.0,12.0,11.0,12.0,14.0,21.0,38.0,39.0,24.0,32.0,31.0,32.0,35.0,39.0,36.0,26.0,16.0,19.0,15.0,12.0,11.0,10.0,9.0,8.0
2459,50.0,54.0,60.0,61.0,65.0,69.0,71.0,72.0,66.0,86.0,83.66666666666667,85.0,92.0,88.0,91.0,82.0,62.0,46.0,46.0,47.0,51.0,54.0,58.0,62.0
2460,62.0,74.0,74.0,78.0,83.0,88.0,88.0,88.0,78.0,78.0,83.0,94.0,88.0,78.0,74.0,58.0,52.0,49.0,52.0,49.0,58.0,66.0,58.0,61.0
2461,86.66666666666667,88.66666666666667,89.66666666666667,92.0,93.33333333333333,92.66666666666667,92.33333333333333,90.33333333333333,94.33333333333333,93.33333333333333,93.33333333333333,91.66666666666667,90.66666666666667,85.0,85.0,84.0,83.33333333333333,80.66666666666667,80.0,79.33333333333333,80.66666666666667,80.66666666666667,82.0,84.0
2462,7.0,7.0,8.0,10.0,13.0,16.0,16.0,16.0,17.0,16.0,19.0,18.0,22.0,27.0,26.0,20.0,15.0,13.0,10.0,9.0,10.0,15.0,15.0,14.0
2463,79.66666666666667,83.0,89.33333333333333,93.0,96.33333333333333,96.0,96.66666666666667,97.0,95.66666666666667,95.33333333333333,95.66666666666667,95.33333333333333,95.33333333333333,95.33333333333333,92.0,83.66666666666667,66.0,59.666666666666664,56.666666666666664,58.0,54.0,51.333333333333336,60.0,65.0
2464,27.0,24.0,32.0,39.0,51.0,55.0,54.0,59.0,63.0,60.0,67.0,70.0,69.0,75.0,74.0,72.0,54.0,43.0,33.0,29.0,24.0,24.0,22.0,23.0
2465,83.0,86.0,88.0,91.0,94.0,94.0,96.0,99.0,100.0,100.0,100.0,100.0,100.0,92.0,75.0,66.0,62.0,56.0,54.0,53.0,53.0,55.0,56.0,60.0
2466,59.0,70.0,79.0,79.0,74.0,79.0,84.0,89.0,94.0,94.0,100.0,100.0,100.0,94.0,84.0,70.0,66.0,56.0,52.0,49.0,47.0,59.0,59.0,49.0
2467,61.333333333333336,68.33333333333333,69.66666666666667,72.0,74.0,79.33333333333333,80.33333333333333,80.33333333333333,78.0,78.33333333333333,79.0,82.66666666666667,82.66666666666667,96.0,94.33333333333333,89.33333333333333,84.33333333333333,77.66666666666667,68.33333333333333,61.333333333333336,58.666666666666664,57.0,59.0,57.333333333333336
2468,65.0,72.0,76.0,79.0,88.0,91.0,94.0,94.0,96.0,97.0,100.0,100.0,96.0,90.0,79.0,72.0,61.0,57.0,54.0,52.0,63.0,90.0,90.0,88.0
2469,84.0,86.0,86.0,88.0,89.0,91.0,91.0,88.0,86.0,82.0,81.0,79.0,77.0,70.0,62.0,56.0,57.0,58.0,56.0,51.0,50.0,40.0,35.0,38.0
2470,79.0,84.0,84.0,79.0,89.0,94.0,94.0,94.0,94.0,94.0,94.0,100.0,100.0,94.0,70.0,62.0,62.0,59.0,53.0,63.0,79.0,84.0,84.0,89.0
2471,71.66666666666667,73.33333333333333,77.0,80.66666666666667,78.33333333333333,79.33333333333333,81.0,80.66666666666667,78.33333333333333,76.33333333333333,78.0,77.0,77.0,72.0,66.66666666666667,62.666666666666664,58.333333333333336,60.333333333333336,62.333333333333336,60.666666666666664,66.33333333333333,63.0,53.666666666666664,53.333333333333336
2472,45.0,52.0,62.0,70.0,73.0,78.0,84.0,81.0,81.0,81.0,79.0,84.0,84.0,84.0,87.0,84.0,73.0,62.0,49.0,43.0,40.0,35.0,31.0,24.0
2473,100.0,100.0,100.0,86.0,100.0,100.0,95.0,100.0,99.0,98.0,94.0,91.0,100.0,88.0,88.0,77.0,77.0,72.0,77.0,72.0,72.0,65.0,62.0,69.0
2474,69.0,69.0,77.0,79.0,74.0,76.0,93.0,82.0,79.0,84.0,87.0,96.0,100.0,85.0,79.0,70.0,51.0,51.0,45.0,42.0,44.0,40.0,42.0,49.0
2475,45.0,51.0,55.0,56.0,58.0,62.0,65.0,62.0,58.0,58.0,56.0,60.0,82.0,82.0,79.0,74.0,62.0,62.0,52.0,47.0,44.0,40.0,43.0,49.0
2476,70.0,79.0,79.0,79.0,89.0,94.0,94.0,94.0,94.0,94.0,100.0,100.0,94.0,84.0,70.0,56.0,50.0,70.0,89.0,56.0,46.0,46.0,55.0,66.0
2477,79.0,79.0,82.0,77.0,79.0,82.0,82.0,87.0,88.0,88.0,90.0,94.0,87.0,72.0,70.0,65.0,65.0,63.0,61.0,68.0,70.0,63.0,68.0,68.0
2478,97.0,93.0,100.0,93.0,93.0,93.0,90.0,90.0,93.0,90.0,90.0,90.0,93.0,96.0,100.0,100.0,100.0,96.0,100.0,97.0,100.0,96.0,93.0,93.0
2479,81.66666666666667,81.33333333333333,82.33333333333333,86.33333333333333,85.33333333333333,87.66666666666667,89.66666666666667,91.0,88.66666666666667,88.0,92.0,95.0,89.0,82.66666666666667,75.33333333333333,77.33333333333333,68.66666666666667,66.0,64.33333333333333,69.33333333333333,64.33333333333333,55.0,64.0,68.33333333333333
2480,94.0,91.0,94.0,84.0,88.0,94.0,88.0,88.0,91.0,96.0,100.0,96.0,87.0,82.0,69.0,63.0,57.0,55.0,54.0,54.0,52.0,55.0,57.0,90.0
2481,52.0,58.0,61.0,63.0,64.0,80.0,93.0,95.0,97.0,96.0,87.0,84.0,81.0,78.0,76.0,72.0,64.0,59.0,55.0,53.0,52.0,55.0,58.0,60.0
2482,76.0,82.0,83.0,89.0,87.33333333333333,88.33333333333333,91.66666666666667,93.0,94.0,96.0,95.66666666666667,95.66666666666667,94.0,95.0,86.66666666666667,74.0,67.0,60.333333333333336,56.0,55.333333333333336,52.0,57.0,61.333333333333336,73.33333333333333
2483,72.0,75.66666666666667,80.66666666666667,91.33333333333333,91.33333333333333,94.33333333333333,95.66666666666667,96.66666666666667,100.0,100.0,99.0,100.0,99.0,92.0,82.33333333333333,74.33333333333333,62.666666666666664,60.0,53.0,54.666666666666664,49.333333333333336,58.666666666666664,66.33333333333333,69.66666666666667
2484,75.0,81.33333333333333,82.33333333333333,82.66666666666667,82.0,83.66666666666667,83.0,87.33333333333333,88.66666666666667,86.66666666666667,83.0,82.0,84.0,76.66666666666667,73.0,68.0,64.0,58.666666666666664,56.333333333333336,56.333333333333336,57.333333333333336,57.0,59.333333333333336,64.66666666666667
2485,94.0,94.0,94.0,94.0,94.0,94.0,94.0,88.0,94.0,87.0,93.0,93.0,93.0,87.0,81.0,81.0,76.0,66.0,62.0,54.0,48.0,41.0,39.0,36.0
2486,52.0,55.0,60.0,61.0,62.0,62.0,64.0,63.0,63.0,66.0,69.0,84.0,77.0,75.0,77.0,70.0,58.0,57.0,58.0,53.0,52.0,52.0,50.0,51.0
2487,82.66666666666667,85.33333333333333,87.0,90.33333333333333,91.66666666666667,91.33333333333333,88.66666666666667,89.66666666666667,90.66666666666667,92.33333333333333,93.33333333333333,95.33333333333333,94.66666666666667,91.33333333333333,89.66666666666667,82.66666666666667,77.66666666666667,74.0,68.66666666666667,66.0,63.666666666666664,68.0,71.33333333333333,78.33333333333333
2488,89.0,94.0,100.0,100.0,100.0,88.0,88.0,88.0,100.0,94.0,94.0,94.0,83.0,88.0,70.0,66.0,58.0,58.0,58.0,55.0,62.0,62.0,66.0,70.0
2489,76.33333333333333,75.33333333333333,77.33333333333333,78.0,78.66666666666667,80.33333333333333,80.33333333333333,79.66666666666667,80.66666666666667,81.66666666666667,82.66666666666667,84.0,81.0,82.33333333333333,78.33333333333333,85.0,82.33333333333333,80.66666666666667,76.33333333333333,74.33333333333333,76.33333333333333,80.66666666666667,82.0,82.0
2490,95.66666666666667,95.33333333333333,93.66666666666667,95.66666666666667,95.66666666666667,96.0,96.33333333333333,96.66666666666667,96.66666666666667,96.66666666666667,96.66666666666667,97.33333333333333,97.33333333333333,96.0,89.66666666666667,84.33333333333333,76.33333333333333,72.33333333333333,70.66666666666667,70.66666666666667,73.66666666666667,73.33333333333333,78.0,85.33333333333333
2491,60.666666666666664,63.0,68.0,70.33333333333333,70.66666666666667,74.0,73.33333333333333,70.33333333333333,71.0,78.33333333333333,77.33333333333333,80.33333333333333,85.33333333333333,85.33333333333333,82.0,74.0,63.333333333333336,56.333333333333336,52.666666666666664,49.666666666666664,47.666666666666664,45.0,43.666666666666664,44.0
2492,82.66666666666667,85.33333333333333,87.0,90.33333333333333,91.66666666666667,91.33333333333333,88.66666666666667,89.66666666666667,90.66666666666667,92.33333333333333,93.33333333333333,95.33333333333333,94.66666666666667,91.33333333333333,89.66666666666667,82.66666666666667,77.66666666666667,74.0,68.66666666666667,66.0,63.666666666666664,68.0,71.33333333333333,78.33333333333333
2493,84.66666666666667,85.33333333333333,86.33333333333333,88.66666666666667,90.66666666666667,90.66666666666667,89.0,90.33333333333333,92.0,92.66666666666667,93.33333333333333,96.0,93.66666666666667,93.66666666666667,87.0,82.66666666666667,75.33333333333333,75.33333333333333,75.0,72.33333333333333,72.66666666666667,72.0,74.0,81.33333333333333
2494,84.0,87.33333333333333,89.66666666666667,90.66666666666667,91.0,91.66666666666667,91.66666666666667,94.33333333333333,95.66666666666667,97.66666666666667,95.66666666666667,96.66666666666667,98.66666666666667,87.66666666666667,77.0,69.0,65.33333333333333,63.0,60.666666666666664,62.666666666666664,59.333333333333336,61.0,63.666666666666664,74.66666666666667
2495,83.33333333333333,84.0,87.66666666666667,89.66666666666667,91.33333333333333,92.66666666666667,91.0,91.66666666666667,92.33333333333333,94.0,94.66666666666667,96.33333333333333,96.0,96.0,90.66666666666667,85.33333333333333,76.66666666666667,73.0,71.0,67.66666666666667,66.66666666666667,67.66666666666667,72.33333333333333,81.33333333333333
2496,95.66666666666667,95.33333333333333,93.66666666666667,95.66666666666667,95.66666666666667,96.0,96.33333333333333,96.66666666666667,96.66666666666667,96.66666666666667,96.66666666666667,97.33333333333333,97.33333333333333,96.0,89.66666666666667,84.33333333333333,76.33333333333333,72.33333333333333,70.66666666666667,70.66666666666667,73.66666666666667,73.33333333333333,78.0,85.33333333333333
2497,87.33333333333333,90.66666666666667,90.0,91.33333333333333,93.33333333333333,93.0,94.0,92.0,93.33333333333333,95.66666666666667,95.33333333333333,96.33333333333333,95.33333333333333,91.0,88.66666666666667,82.33333333333333,73.33333333333333,69.0,67.66666666666667,69.0,66.0,68.33333333333333,69.66666666666667,78.33333333333333
2498,64.66666666666667,58.0,54.0,70.0,61.0,74.66666666666667,79.0,78.0,83.0,96.0,97.33333333333333,97.0,94.0,88.0,81.66666666666667,70.0,66.66666666666667,62.0,52.0,43.0,43.0,43.0,46.0,57.666666666666664
2499,45.0,51.0,61.0,69.0,80.33333333333333,80.0,84.0,81.33333333333333,82.33333333333333,82.33333333333333,83.33333333333333,86.0,87.0,87.0,87.0,83.0,73.0,60.0,54.0,48.0,45.0,45.0,43.0,40.0
2500,14.0,26.0,30.0,39.0,37.0,37.0,40.0,44.0,50.0,37.0,40.0,60.0,60.0,67.0,64.0,50.0,38.0,33.0,26.0,19.0,16.0,10.0,10.0,12.0
2501,53.0,60.0,64.0,69.0,69.0,71.0,62.0,81.0,84.0,87.0,90.0,90.0,90.0,93.0,84.0,84.0,73.0,63.0,84.0,78.0,78.0,70.0,68.0,70.0
2502,65.0,71.0,74.0,72.0,77.0,81.0,88.0,94.0,98.0,99.0,99.0,99.0,100.0,94.0,79.0,72.0,62.333333333333336,51.666666666666664,46.333333333333336,46.333333333333336,41.0,42.0,45.0,55.0
2503,83.0,83.0,86.0,83.0,85.0,87.0,89.0,91.0,91.0,90.0,90.0,87.0,87.0,84.0,80.0,78.0,76.0,75.0,68.0,70.0,72.0,72.0,74.0,81.0
2504,50.0,57.0,76.0,82.0,79.0,82.0,89.0,89.0,92.0,89.0,86.0,89.0,89.0,96.0,89.0,89.0,74.0,59.0,43.0,36.0,31.0,25.0,27.0,23.0
2505,90.0,90.0,90.0,90.0,87.0,81.0,84.0,90.0,93.0,93.0,96.0,96.0,84.0,70.0,65.0,68.0,66.0,68.0,68.0,70.0,73.0,78.0,76.0,78.0
2506,22.0,65.0,87.0,90.0,93.0,93.0,93.0,89.0,89.0,83.0,62.0,66.0,64.0,68.0,77.0,90.0,93.0,83.0,78.0,72.0,75.0,75.0,78.0,84.0
2507,90.0,93.0,89.0,93.0,93.0,93.0,93.0,96.0,96.0,93.0,97.0,97.0,86.0,81.0,72.0,72.0,70.0,87.0,83.0,87.0,83.0,78.0,81.0,83.0
2508,81.0,81.0,78.0,84.0,87.0,87.0,93.0,84.0,90.0,93.0,90.0,93.0,93.0,76.0,73.0,71.0,80.0,71.0,76.0,76.0,71.0,74.0,74.0,79.0
2509,28.0,28.0,30.0,34.0,39.0,42.0,42.0,41.0,55.0,68.0,68.0,74.0,74.0,80.0,74.0,55.0,39.0,28.0,17.0,16.0,17.0,15.0,18.0,16.0
2510,82.33333333333333,83.33333333333333,80.8888888888889,89.0,92.0,93.66666666666667,92.22222222222223,93.1111111111111,90.8888888888889,93.22222222222223,95.55555555555556,95.55555555555556,93.0,86.0,75.0,65.33333333333333,68.66666666666667,63.666666666666664,70.66666666666667,77.66666666666667,74.33333333333333,65.66666666666667,72.66666666666667,79.0
2511,78.0,80.66666666666667,82.33333333333333,90.33333333333333,88.0,92.66666666666667,94.0,94.0,96.0,94.0,93.66666666666667,95.0,95.66666666666667,84.66666666666667,78.33333333333333,68.66666666666667,60.666666666666664,57.0,51.0,55.666666666666664,51.333333333333336,60.666666666666664,65.66666666666667,66.0
2512,100.0,96.0,99.0,100.0,92.0,90.0,93.0,94.0,99.0,100.0,100.0,100.0,100.0,100.0,89.0,89.0,89.0,81.0,76.0,74.0,85.0,94.0,100.0,100.0
2513,77.0,77.0,80.0,84.0,84.0,90.0,84.0,81.0,82.0,87.0,89.0,94.0,94.0,74.0,66.0,59.0,59.0,59.0,62.0,66.0,62.0,62.0,70.0,79.0
2514,82.0,80.0,82.33333333333333,82.0,81.66666666666667,83.66666666666667,82.66666666666667,84.66666666666667,84.66666666666667,86.66666666666667,88.33333333333333,91.33333333333333,91.33333333333333,88.33333333333333,88.33333333333333,83.33333333333333,79.0,73.0,70.33333333333333,69.66666666666667,74.66666666666667,75.66666666666667,77.33333333333333,79.0
2515,53.0,56.0,60.0,66.0,66.0,69.0,74.0,74.0,76.0,76.0,76.0,82.0,91.0,87.0,82.0,76.0,74.0,71.0,76.0,85.0,87.0,90.0,87.0,87.0
2516,51.0,58.0,60.0,66.0,73.0,81.0,87.0,97.0,98.0,99.0,99.0,94.0,99.0,100.0,59.0,49.0,44.0,55.666666666666664,51.333333333333336,47.666666666666664,46.666666666666664,48.666666666666664,51.666666666666664,57.333333333333336
2517,90.0,92.66666666666667,93.66666666666667,95.0,95.0,89.66666666666667,88.66666666666667,85.33333333333333,85.66666666666667,85.66666666666667,81.33333333333333,79.66666666666667,78.0,74.33333333333333,67.66666666666667,59.666666666666664,57.666666666666664,61.0,64.0,63.666666666666664,60.666666666666664,45.666666666666664,43.0,46.0
2518,90.0,90.0,90.0,92.0,91.0,92.0,95.0,92.0,94.0,93.0,99.0,98.0,96.0,86.0,79.0,89.0,89.0,76.0,71.0,70.0,70.0,69.0,74.0,83.0
2519,92.66666666666667,94.0,92.66666666666667,94.0,94.0,100.0,100.0,100.0,94.0,93.33333333333333,94.0,93.0,92.0,88.66666666666667,82.66666666666667,84.66666666666667,76.0,77.0,63.666666666666664,54.0,51.0,47.333333333333336,54.0,54.0
2520,98.66666666666667,96.66666666666667,95.33333333333333,95.33333333333333,96.33333333333333,96.33333333333333,96.33333333333333,93.33333333333333,95.33333333333333,95.33333333333333,94.0,92.0,92.0,94.0,89.66666666666667,89.0,88.66666666666667,75.0,67.66666666666667,62.666666666666664,55.0,49.333333333333336,47.333333333333336,49.333333333333336
2521,73.0,75.0,74.66666666666667,77.0,76.66666666666667,76.66666666666667,76.66666666666667,75.0,85.0,86.66666666666667,88.33333333333333,83.0,75.33333333333333,74.33333333333333,73.66666666666667,76.33333333333333,66.66666666666667,70.33333333333333,69.33333333333333,67.0,61.333333333333336,54.666666666666664,54.333333333333336,53.0
2522,87.66666666666667,90.0,90.66666666666667,89.0,89.66666666666667,89.0,87.0,82.33333333333333,81.0,77.66666666666667,75.33333333333333,76.33333333333333,73.66666666666667,75.0,76.33333333333333,74.66666666666667,75.0,63.666666666666664,55.666666666666664,54.666666666666664,52.0,52.666666666666664,58.666666666666664,63.333333333333336
2523,97.0,94.66666666666667,94.66666666666667,95.33333333333333,96.33333333333333,98.66666666666667,97.33333333333333,97.66666666666667,95.33333333333333,96.0,92.66666666666667,94.33333333333333,94.0,93.0,89.33333333333333,86.66666666666667,75.66666666666667,68.33333333333333,59.333333333333336,52.666666666666664,49.0,46.0,46.333333333333336,50.0
2524,93.0,96.0,96.0,96.0,88.0,94.0,93.0,93.0,93.0,93.0,93.0,93.0,87.0,84.0,78.0,81.0,72.33333333333333,70.0,69.0,67.0,64.0,57.0,59.0,62.0
2525,100.0,84.0,79.0,77.0,100.0,100.0,100.0,100.0,100.0,100.0,99.0,100.0,99.0,94.0,88.0,88.0,75.0,78.0,76.0,77.0,73.0,68.0,66.0,66.0
2526,100.0,100.0,99.0,100.0,100.0,100.0,100.0,100.0,100.0,100.0,100.0,99.0,98.0,97.0,94.0,91.0,82.0,72.0,60.0,56.0,50.0,47.0,46.0,47.0
2527,79.0,78.0,76.0,73.0,69.0,73.0,72.0,68.0,66.0,67.0,66.0,62.0,74.0,83.0,82.0,74.0,62.0,59.0,59.0,45.0,53.0,48.0,55.0,54.0
2528,82.0,87.0,87.0,90.0,94.0,91.0,91.0,90.0,82.0,79.0,79.0,76.0,71.0,67.0,63.0,57.0,58.0,69.0,65.0,59.0,58.0,43.0,42.0,52.0
2529,90.0,86.0,84.0,81.0,84.0,83.0,84.0,86.0,90.0,90.0,90.0,83.0,80.0,80.0,77.0,77.0,71.0,68.0,68.0,68.0,66.0,62.0,60.0,57.0
2530,45.333333333333336,46.666666666666664,49.333333333333336,57.333333333333336,60.666666666666664,66.0,66.33333333333333,69.33333333333333,67.0,68.0,64.66666666666667,67.66666666666667,62.666666666666664,68.66666666666667,54.666666666666664,48.0,42.0,37.666666666666664,32.0,30.666666666666668,30.0,30.333333333333332,29.666666666666668,31.333333333333332
2531,76.0,81.0,86.0,89.0,93.0,96.0,96.0,98.0,98.0,97.0,99.0,99.0,98.0,95.0,80.0,73.0,68.0,57.0,66.0,74.0,63.0,65.0,70.0,79.0
2532,71.0,74.0,79.0,79.0,79.0,82.0,85.0,84.0,84.0,87.0,87.0,84.0,87.0,79.0,69.0,65.0,61.0,59.0,59.0,57.0,55.0,55.0,59.0,65.0
2533,77.66666666666667,83.33333333333333,77.0,77.66666666666667,83.33333333333333,84.33333333333333,88.66666666666667,93.66666666666667,96.66666666666667,98.66666666666667,98.66666666666667,98.0,97.66666666666667,94.0,82.0,73.33333333333333,69.0,63.666666666666664,58.0,55.333333333333336,51.666666666666664,50.333333333333336,51.666666666666664,67.66666666666667
2534,95.66666666666667,93.0,94.33333333333333,91.8888888888889,91.0,89.0,85.44444444444444,89.33333333333333,88.0,87.0,86.0,86.33333333333333,82.77777777777777,78.66666666666667,72.66666666666667,70.77777777777777,66.33333333333333,63.333333333333336,68.0,60.0,59.666666666666664,60.22222222222222,55.333333333333336,56.333333333333336
2535,92.22222222222221,93.11111111111113,95.33333333333333,96.8888888888889,96.55555555555556,95.44444444444446,94.44444444444444,93.77777777777777,92.1111111111111,93.44444444444444,91.44444444444446,90.55555555555554,90.22222222222223,91.66666666666667,95.66666666666667,96.33333333333333,97.1111111111111,98.8888888888889,99.22222222222223,98.77777777777779,99.22222222222223,98.44444444444444,98.55555555555556,96.44444444444444
2536,92.0,93.33333333333333,94.0,97.0,98.0,98.0,98.66666666666667,99.66666666666667,98.0,100.0,100.0,99.66666666666667,96.0,89.33333333333333,71.33333333333333,62.666666666666664,57.0,51.666666666666664,48.666666666666664,53.0,53.0,55.666666666666664,60.666666666666664,65.0
2537,22.666666666666668,25.0,44.333333333333336,48.333333333333336,62.333333333333336,68.66666666666667,74.0,75.33333333333333,77.0,83.0,85.66666666666667,84.66666666666667,85.33333333333333,87.66666666666667,80.0,62.0,52.0,43.333333333333336,35.333333333333336,30.0,26.666666666666668,24.333333333333332,23.666666666666668,23.0
2538,94.0,95.0,96.0,97.0,96.0,98.0,93.0,90.0,91.0,91.0,89.0,88.0,91.0,93.0,91.0,92.0,95.0,93.0,91.0,91.0,77.0,76.0,79.0,78.0
2539,82.33333333333333,87.33333333333333,91.0,92.33333333333333,91.0,90.0,90.33333333333333,90.66666666666667,91.33333333333333,89.33333333333333,90.0,92.0,92.33333333333333,93.66666666666667,90.33333333333333,83.0,77.66666666666667,74.0,70.66666666666667,69.33333333333333,68.0,66.33333333333333,70.66666666666667,75.66666666666667
2540,10.0,8.666666666666666,14.333333333333334,20.333333333333332,29.0,39.666666666666664,42.333333333333336,41.666666666666664,43.333333333333336,48.666666666666664,50.0,52.666666666666664,54.666666666666664,57.0,59.333333333333336,51.333333333333336,38.666666666666664,31.666666666666668,25.333333333333332,21.0,19.666666666666668,17.0,13.666666666666666,11.666666666666666
2541,93.33333333333333,95.33333333333333,94.33333333333333,94.33333333333333,94.66666666666667,95.66666666666667,95.33333333333333,95.33333333333333,93.33333333333333,95.33333333333333,92.0,93.33333333333333,88.66666666666667,84.66666666666667,84.66666666666667,84.66666666666667,82.33333333333333,71.66666666666667,60.333333333333336,52.666666666666664,47.0,44.0,44.0,42.666666666666664
2542,56.333333333333336,61.0,64.33333333333333,67.66666666666667,63.666666666666664,86.33333333333333,93.66666666666667,96.66666666666667,98.0,98.0,96.66666666666667,93.66666666666667,91.66666666666667,92.66666666666667,84.66666666666667,77.33333333333333,70.0,65.0,62.0,60.666666666666664,54.666666666666664,54.666666666666664,54.0,56.0
2543,80.33333333333333,81.66666666666667,84.0,88.66666666666667,89.0,86.0,88.33333333333333,86.66666666666667,88.33333333333333,86.66666666666667,90.33333333333333,91.66666666666667,93.0,94.33333333333333,92.66666666666667,94.33333333333333,95.0,92.66666666666667,90.33333333333333,87.33333333333333,84.66666666666667,82.0,81.0,83.33333333333333
2544,15.666666666666666,19.666666666666668,21.333333333333332,39.0,38.666666666666664,38.666666666666664,39.666666666666664,50.0,53.0,56.0,54.666666666666664,54.666666666666664,53.0,56.666666666666664,52.333333333333336,42.333333333333336,27.333333333333332,22.666666666666668,17.333333333333332,13.666666666666666,12.666666666666666,9.666666666666666,11.333333333333334,11.333333333333334
2545,79.66666666666667,81.33333333333333,84.0,85.33333333333333,82.33333333333333,83.33333333333333,91.66666666666667,90.33333333333333,91.66666666666667,93.0,93.66666666666667,91.33333333333333,90.66666666666667,87.0,79.66666666666667,81.33333333333333,80.0,79.0,79.0,80.0,81.66666666666667,83.33333333333333,83.33333333333333,84.0
2546,19.0,18.333333333333332,20.0,21.666666666666668,32.0,43.666666666666664,49.666666666666664,54.666666666666664,57.666666666666664,57.0,57.666666666666664,58.666666666666664,58.666666666666664,62.666666666666664,59.0,53.666666666666664,46.333333333333336,35.333333333333336,27.666666666666668,22.333333333333332,22.666666666666668,15.333333333333334,14.666666666666666,15.0
2547,91.0,95.33333333333333,96.0,97.66666666666667,97.66666666666667,96.0,95.0,96.0,96.0,96.66666666666667,97.0,95.66666666666667,94.33333333333333,92.66666666666667,96.66666666666667,96.0,94.33333333333333,95.66666666666667,96.66666666666667,96.0,94.66666666666667,93.33333333333333,93.0,91.66666666666667
2548,81.33333333333333,82.0,83.0,87.0,86.0,83.0,83.0,82.66666666666667,80.66666666666667,81.33333333333333,80.33333333333333,78.66666666666667,78.33333333333333,75.66666666666667,72.33333333333333,67.66666666666667,65.0,62.333333333333336,60.333333333333336,60.0,56.333333333333336,56.0,58.333333333333336,80.0
2549,87.66666666666667,89.66666666666667,91.33333333333333,93.0,94.0,92.33333333333333,93.0,96.33333333333333,95.0,93.0,92.0,90.33333333333333,92.0,95.0,95.66666666666667,94.33333333333333,96.0,96.0,94.66666666666667,93.0,91.66666666666667,85.66666666666667,82.33333333333333,86.66666666666667
2550,30.333333333333332,42.666666666666664,65.66666666666667,67.66666666666667,74.66666666666667,76.66666666666667,81.33333333333333,81.33333333333333,85.0,73.0,60.0,63.666666666666664,69.33333333333333,72.66666666666667,73.33333333333333,78.0,76.33333333333333,66.66666666666667,61.333333333333336,55.0,54.0,60.0,62.333333333333336,60.666666666666664
2551,82.0,85.0,87.0,87.0,91.0,93.0,94.0,95.0,94.0,94.0,92.0,91.0,90.0,83.0,71.0,62.0,59.0,50.0,53.0,65.0,67.66666666666667,75.0,65.0,62.0
2552,99.0,98.66666666666667,99.0,97.66666666666667,100.0,98.66666666666667,97.66666666666667,97.66666666666667,97.66666666666667,97.66666666666667,100.0,95.33333333333333,96.33333333333333,92.66666666666667,91.66666666666667,86.0,74.66666666666667,63.333333333333336,57.0,53.666666666666664,44.0,38.666666666666664,40.0,40.333333333333336
2553,51.666666666666664,58.666666666666664,67.66666666666667,77.0,84.33333333333333,90.66666666666667,89.0,93.66666666666667,95.0,91.0,96.33333333333333,96.33333333333333,97.66666666666667,83.33333333333333,86.0,82.33333333333333,75.66666666666667,60.666666666666664,47.333333333333336,39.333333333333336,32.333333333333336,29.0,29.666666666666668,28.333333333333332
2554,85.0,86.33333333333333,86.66666666666667,89.0,89.33333333333333,87.66666666666667,86.0,84.0,85.0,82.33333333333333,77.0,77.66666666666667,78.33333333333333,74.33333333333333,65.0,59.666666666666664,58.0,58.333333333333336,63.0,64.33333333333333,56.333333333333336,49.666666666666664,44.333333333333336,47.0
2555,91.0,95.33333333333333,96.0,97.66666666666667,97.66666666666667,96.0,95.0,96.0,96.0,96.66666666666667,97.0,95.66666666666667,94.33333333333333,92.66666666666667,96.66666666666667,96.0,94.33333333333333,95.66666666666667,96.66666666666667,96.0,94.66666666666667,93.33333333333333,93.0,91.66666666666667
2556,75.66666666666667,78.66666666666667,88.33333333333333,88.66666666666667,88.66666666666667,90.66666666666667,89.66666666666667,93.66666666666667,94.66666666666667,94.66666666666667,94.66666666666667,94.66666666666667,93.66666666666667,93.66666666666667,91.66666666666667,80.0,73.33333333333333,62.666666666666664,52.0,41.333333333333336,37.333333333333336,34.0,33.0,33.0
2557,53.666666666666664,65.0,86.0,100.0,89.66666666666667,90.0,93.33333333333333,94.0,94.0,95.33333333333333,95.66666666666667,94.33333333333333,90.33333333333333,93.33333333333333,89.66666666666667,76.0,73.0,64.33333333333333,60.0,58.0,54.0,48.0,51.666666666666664,53.333333333333336
2558,56.333333333333336,62.666666666666664,62.333333333333336,60.666666666666664,73.33333333333333,76.66666666666667,80.33333333333333,80.66666666666667,84.0,84.33333333333333,87.66666666666667,86.66666666666667,92.0,82.66666666666667,89.0,89.0,70.33333333333333,66.66666666666667,57.333333333333336,60.333333333333336,59.0,57.0,55.333333333333336,57.666666666666664
2559,63.44444444444445,69.0,66.0,72.8888888888889,74.66666666666667,77.33333333333333,82.0,80.66666666666667,85.66666666666667,85.66666666666667,89.66666666666667,89.0,92.22222222222223,82.66666666666667,81.0,64.0,70.33333333333333,66.66666666666667,59.55555555555555,60.333333333333336,59.0,65.0,55.333333333333336,57.666666666666664
2560,70.66666666666667,78.66666666666667,83.33333333333333,84.33333333333333,87.33333333333333,87.66666666666667,88.66666666666667,88.66666666666667,88.66666666666667,90.66666666666667,92.0,93.0,93.0,93.0,89.33333333333333,79.0,68.66666666666667,63.666666666666664,55.333333333333336,58.666666666666664,58.666666666666664,59.333333333333336,63.333333333333336,67.0
2561,61.333333333333336,65.0,66.66666666666667,72.0,72.0,76.33333333333333,79.33333333333333,82.0,85.33333333333333,87.33333333333333,89.0,89.0,90.0,84.66666666666667,75.33333333333333,75.66666666666667,63.0,59.666666666666664,61.0,53.333333333333336,52.666666666666664,50.333333333333336,49.0,51.333333333333336
2562,89.66666666666667,94.0,94.0,95.33333333333333,95.33333333333333,95.33333333333333,96.66666666666667,97.66666666666667,97.66666666666667,96.66666666666667,96.66666666666667,95.33333333333333,87.33333333333333,78.0,73.33333333333333,68.66666666666667,65.66666666666667,79.0,75.66666666666667,81.0,77.66666666666667,78.0,79.66666666666667,81.0
2563,60.0,61.0,69.33333333333333,72.0,76.66666666666667,83.33333333333333,87.33333333333333,93.33333333333333,94.33333333333333,96.66666666666667,98.66666666666667,97.0,100.0,91.66666666666667,79.66666666666667,71.33333333333333,64.33333333333333,55.0,48.333333333333336,48.0,42.333333333333336,42.333333333333336,43.333333333333336,52.0
2564,86.0,87.66666666666667,90.0,90.33333333333333,92.0,95.0,96.33333333333333,97.0,96.0,95.33333333333333,95.0,93.33333333333333,87.33333333333333,79.66666666666667,71.0,62.333333333333336,56.0,54.666666666666664,58.666666666666664,69.0,65.66666666666667,85.66666666666667,63.666666666666664,63.333333333333336
2565,76.66666666666667,82.33333333333333,86.33333333333333,86.33333333333333,88.0,89.0,87.0,88.33333333333333,87.0,87.33333333333333,88.66666666666667,91.0,90.33333333333333,93.33333333333333,87.66666666666667,80.0,90.33333333333333,86.0,79.66666666666667,79.33333333333333,77.33333333333333,82.33333333333333,85.33333333333333,90.33333333333333
2566,75.33333333333333,69.0,79.0,84.33333333333333,90.0,95.33333333333333,98.66666666666667,96.0,97.33333333333333,93.66666666666667,95.0,97.33333333333333,97.33333333333333,83.33333333333333,85.0,75.66666666666667,65.33333333333333,50.333333333333336,42.333333333333336,37.0,30.0,27.333333333333332,27.333333333333332,26.0
2567,91.0,95.33333333333333,96.0,97.66666666666667,97.66666666666667,96.0,95.0,96.0,96.0,96.66666666666667,97.0,95.66666666666667,94.33333333333333,92.66666666666667,96.66666666666667,96.0,94.33333333333333,95.66666666666667,96.66666666666667,96.0,94.66666666666667,93.33333333333333,93.0,91.66666666666667
2568,22.0,22.333333333333332,23.333333333333332,35.333333333333336,39.333333333333336,44.666666666666664,47.0,48.0,52.666666666666664,56.666666666666664,58.333333333333336,61.0,65.33333333333333,68.33333333333333,60.333333333333336,50.0,29.333333333333332,22.666666666666668,22.333333333333332,18.666666666666668,17.333333333333332,16.666666666666668,16.666666666666668,17.333333333333332
2569,86.0,90.0,92.0,92.0,93.0,95.0,96.0,96.0,97.0,97.0,89.0,84.0,79.0,74.0,67.0,59.0,54.0,52.0,49.0,56.0,55.0,57.0,63.0,53.0
2570,72.0,68.0,71.0,69.33333333333333,69.33333333333333,70.33333333333333,71.66666666666667,77.0,81.66666666666667,83.0,85.66666666666667,93.33333333333333,93.0,94.66666666666667,93.66666666666667,95.66666666666667,94.66666666666667,88.66666666666667,85.66666666666667,75.66666666666667,72.66666666666667,72.66666666666667,74.33333333333333,72.66666666666667
2571,78.33333333333333,77.33333333333333,78.66666666666667,83.0,85.33333333333333,90.66666666666667,89.66666666666667,90.33333333333333,90.66666666666667,89.66666666666667,90.0,88.0,81.66666666666667,76.0,68.33333333333333,63.333333333333336,60.666666666666664,56.333333333333336,59.0,65.33333333333333,67.66666666666667,68.66666666666667,63.0,60.666666666666664
2572,86.0,90.33333333333333,92.66666666666667,94.66666666666667,95.66666666666667,94.0,92.66666666666667,94.33333333333333,94.66666666666667,95.33333333333333,94.33333333333333,92.33333333333333,92.33333333333333,92.0,95.66666666666667,96.0,95.33333333333333,97.0,96.33333333333333,97.0,96.33333333333333,94.66666666666667,93.33333333333333,91.0
2573,46.666666666666664,48.0,49.666666666666664,52.333333333333336,53.333333333333336,54.0,55.333333333333336,58.0,56.333333333333336,55.666666666666664,60.0,58.666666666666664,60.666666666666664,62.0,65.66666666666667,67.66666666666667,57.666666666666664,51.333333333333336,50.666666666666664,48.666666666666664,47.333333333333336,45.333333333333336,46.333333333333336,49.333333333333336
2574,54.333333333333336,55.666666666666664,56.0,56.666666666666664,59.666666666666664,62.0,64.33333333333333,65.66666666666667,66.66666666666667,68.66666666666667,72.0,70.66666666666667,69.66666666666667,62.666666666666664,52.666666666666664,45.0,43.333333333333336,48.666666666666664,52.333333333333336,44.0,41.0,43.333333333333336,50.0,50.666666666666664
2575,14.666666666666666,21.0,27.333333333333332,36.333333333333336,36.666666666666664,38.666666666666664,37.333333333333336,40.333333333333336,43.333333333333336,39.0,38.333333333333336,44.666666666666664,48.333333333333336,51.666666666666664,50.0,34.666666666666664,32.333333333333336,24.333333333333332,19.666666666666668,17.666666666666668,15.0,16.666666666666668,15.0,15.111111111111109
2576,66.66666666666667,65.66666666666667,69.0,68.33333333333333,67.33333333333333,71.66666666666667,72.0,67.0,64.33333333333333,76.0,70.66666666666667,74.66666666666667,83.33333333333333,85.33333333333333,79.66666666666667,72.66666666666667,64.0,60.333333333333336,58.0,55.666666666666664,52.666666666666664,49.666666666666664,49.333333333333336,49.666666666666664
2577,94.66666666666667,97.33333333333333,98.1111111111111,98.33333333333333,99.66666666666667,99.33333333333333,98.33333333333333,97.33333333333333,99.0,95.0,95.33333333333333,92.66666666666667,89.33333333333333,94.33333333333333,96.33333333333333,97.33333333333333,97.0,97.33333333333333,97.33333333333333,96.33333333333333,94.0,92.0,92.33333333333333,93.0
2578,11.333333333333334,13.333333333333334,12.333333333333334,21.333333333333332,26.333333333333332,30.666666666666668,31.0,33.0,36.333333333333336,40.333333333333336,39.0,43.0,47.666666666666664,48.666666666666664,45.666666666666664,36.0,26.666666666666668,22.666666666666668,17.666666666666668,14.0,11.666666666666666,9.666666666666666,7.666666666666667,8.333333333333334
2579,52.0,58.666666666666664,63.333333333333336,65.66666666666667,67.0,84.0,86.33333333333333,92.66666666666667,94.66666666666667,95.66666666666667,95.33333333333333,94.33333333333333,96.66666666666667,95.0,88.0,78.33333333333333,69.66666666666667,63.666666666666664,70.0,70.33333333333333,68.66666666666667,65.66666666666667,67.66666666666667,69.0
2580,92.33333333333333,92.66666666666667,92.33333333333333,92.0,92.0,92.0,90.0,87.0,88.66666666666667,85.33333333333333,82.66666666666667,84.0,81.33333333333333,79.0,79.0,70.33333333333333,67.33333333333333,59.0,57.333333333333336,58.666666666666664,62.333333333333336,56.333333333333336,60.0,68.0
2581,79.0,81.66666666666667,83.0,85.0,84.66666666666667,87.66666666666667,84.66666666666667,87.66666666666667,86.66666666666667,87.66666666666667,89.33333333333333,89.33333333333333,85.66666666666667,87.33333333333333,93.33333333333333,90.33333333333333,82.66666666666667,85.33333333333333,81.0,84.66666666666667,85.0,81.33333333333333,80.66666666666667,85.33333333333333
2582,80.0,80.66666666666667,79.0,81.66666666666667,81.66666666666667,78.66666666666667,79.66666666666667,81.33333333333333,82.66666666666667,85.33333333333333,85.66666666666667,89.33333333333333,94.33333333333333,94.33333333333333,93.33333333333333,94.66666666666667,95.66666666666667,91.0,86.0,81.66666666666667,77.0,77.0,80.0,81.0
2583,81.0,81.0,90.0,94.0,89.33333333333333,91.33333333333333,93.0,95.0,95.66666666666667,93.66666666666667,97.0,98.0,96.0,98.0,93.0,90.0,91.0,87.0,82.0,84.0,82.0,84.0,82.0,84.0
2584,59.333333333333336,65.66666666666667,76.66666666666667,85.66666666666667,84.0,89.33333333333333,89.0,87.33333333333333,87.66666666666667,88.66666666666667,84.66666666666667,85.0,85.33333333333333,81.33333333333333,81.0,66.66666666666667,52.666666666666664,42.666666666666664,35.0,31.666666666666668,27.0,25.666666666666668,25.0,26.0
2585,86.66666666666667,84.0,86.66666666666667,94.66666666666667,96.33333333333333,95.33333333333333,95.0,97.0,97.33333333333333,96.66666666666667,95.33333333333333,95.0,97.0,97.33333333333333,96.66666666666667,92.0,86.66666666666667,89.0,86.33333333333333,84.0,79.33333333333333,77.66666666666667,75.66666666666667,78.33333333333333
2586,75.0,75.33333333333333,79.66666666666667,80.66666666666667,83.33333333333333,86.33333333333333,88.66666666666667,88.33333333333333,90.33333333333333,92.33333333333333,90.33333333333333,90.66666666666667,89.0,81.0,77.66666666666667,73.0,65.33333333333333,59.666666666666664,57.666666666666664,53.333333333333336,56.333333333333336,61.666666666666664,68.0,57.333333333333336
2587,70.0,78.66666666666667,83.66666666666667,88.66666666666667,88.66666666666667,91.33333333333333,93.0,93.33333333333333,92.33333333333333,92.66666666666667,91.66666666666667,92.0,93.0,93.66666666666667,90.33333333333333,85.0,80.66666666666667,79.0,78.66666666666667,86.66666666666667,84.33333333333333,82.33333333333333,84.0,85.66666666666667
2588,83.0,84.0,86.0,82.0,85.0,84.0,84.0,84.0,85.0,83.0,87.0,86.0,83.0,81.0,80.33333333333333,80.33333333333333,76.66666666666667,72.66666666666667,72.66666666666667,76.66666666666667,78.0,79.0,81.33333333333333,80.66666666666667
2589,88.0,90.33333333333333,93.0,92.0,92.66666666666667,90.66666666666667,90.0,91.33333333333333,86.33333333333333,85.66666666666667,83.0,83.0,81.0,77.66666666666667,70.33333333333333,66.66666666666667,63.0,59.333333333333336,63.666666666666664,60.333333333333336,60.666666666666664,59.333333333333336,55.666666666666664,55.0
2590,51.666666666666664,58.666666666666664,67.66666666666667,77.0,84.33333333333333,90.66666666666667,89.0,93.66666666666667,95.0,91.0,96.33333333333333,96.33333333333333,97.66666666666667,82.0,84.66666666666667,78.66666666666667,65.66666666666667,46.333333333333336,37.0,28.666666666666668,23.333333333333332,22.666666666666668,24.0,22.666666666666668
2591,93.33333333333333,95.66666666666667,94.77777777777777,96.33333333333333,98.33333333333333,98.66666666666667,95.66666666666667,96.0,96.0,93.0,91.0,88.66666666666667,87.0,91.0,92.66666666666667,91.0,92.33333333333333,93.33333333333333,92.33333333333333,91.33333333333333,83.0,81.33333333333333,83.33333333333333,83.33333333333333
2592,50.333333333333336,61.0,68.33333333333333,72.33333333333333,75.66666666666667,75.66666666666667,77.33333333333333,83.66666666666667,86.0,89.66666666666667,91.33333333333333,94.0,94.0,89.66666666666667,77.33333333333333,68.33333333333333,65.33333333333333,61.333333333333336,54.333333333333336,47.666666666666664,48.333333333333336,53.666666666666664,60.333333333333336,62.333333333333336
2593,87.33333333333333,85.66666666666667,86.66666666666667,86.33333333333333,90.0,91.66666666666667,95.0,94.66666666666667,93.66666666666667,94.0,96.0,95.33333333333333,93.0,90.66666666666667,84.33333333333333,75.66666666666667,69.33333333333333,68.33333333333333,68.66666666666667,70.66666666666667,84.33333333333333,74.33333333333333,64.66666666666667,63.333333333333336
2594,82.66666666666667,84.0,90.0,88.66666666666667,86.66666666666667,85.0,86.0,86.33333333333333,89.0,89.0,87.33333333333333,84.33333333333333,84.66666666666667,84.66666666666667,82.66666666666667,74.66666666666667,71.66666666666667,63.666666666666664,59.666666666666664,57.0,56.333333333333336,51.666666666666664,43.333333333333336,41.0
2595,68.66666666666667,76.66666666666667,77.0,78.66666666666667,78.0,78.66666666666667,78.0,78.33333333333333,79.33333333333333,81.0,80.33333333333333,79.33333333333333,77.66666666666667,71.33333333333333,67.66666666666667,69.66666666666667,68.33333333333333,69.66666666666667,64.66666666666667,63.333333333333336,60.0,70.66666666666667,82.33333333333333,89.0
2596,46.333333333333336,74.66666666666667,81.0,84.66666666666667,86.33333333333333,89.66666666666667,88.66666666666667,89.66666666666667,91.66666666666667,91.33333333333333,94.66666666666667,95.66666666666667,96.0,96.0,96.33333333333333,96.33333333333333,96.66666666666667,94.33333333333333,93.0,94.0,92.66666666666667,88.0,85.0,83.33333333333333
2597,53.666666666666664,62.666666666666664,70.66666666666667,77.66666666666667,77.66666666666667,75.33333333333333,81.66666666666667,82.66666666666667,85.66666666666667,88.66666666666667,89.0,91.0,90.0,89.0,78.33333333333333,71.0,67.66666666666667,62.666666666666664,58.0,55.666666666666664,55.333333333333336,61.0,66.0,68.0
2598,86.0,90.33333333333333,92.66666666666667,94.66666666666667,95.66666666666667,94.0,92.66666666666667,94.33333333333333,94.66666666666667,95.33333333333333,94.33333333333333,92.33333333333333,92.33333333333333,92.0,95.66666666666667,96.0,95.33333333333333,97.0,96.33333333333333,97.0,96.33333333333333,94.66666666666667,93.33333333333333,91.0
2599,78.66666666666667,78.33333333333333,76.33333333333333,76.66666666666667,77.33333333333333,77.33333333333333,78.0,81.33333333333333,82.66666666666667,85.33333333333333,85.66666666666667,89.33333333333333,93.0,93.0,92.66666666666667,94.66666666666667,94.33333333333333,88.66666666666667,82.33333333333333,80.33333333333333,76.33333333333333,76.33333333333333,80.33333333333333,80.66666666666667
2600,83.33333333333333,83.0,85.33333333333333,89.66666666666667,89.33333333333333,87.0,87.33333333333333,84.33333333333333,86.66666666666667,85.0,88.33333333333333,89.66666666666667,92.0,93.33333333333333,90.66666666666667,93.0,94.66666666666667,91.66666666666667,88.66666666666667,86.0,78.33333333333333,76.66666666666667,78.66666666666667,79.66666666666667
2601,81.0,90.0,95.33333333333333,93.33333333333333,93.33333333333333,90.33333333333333,91.66666666666667,92.33333333333333,90.33333333333333,93.0,97.66666666666667,95.66666666666667,95.66666666666667,93.33333333333333,91.66666666666667,82.33333333333333,73.33333333333333,66.66666666666667,63.666666666666664,74.0,89.33333333333333,92.66666666666667,91.0,90.0
2602,88.0,82.33333333333333,80.33333333333333,83.66666666666667,86.0,84.33333333333333,86.66666666666667,85.33333333333333,87.33333333333333,88.0,91.33333333333333,95.33333333333333,97.0,98.33333333333333,97.0,95.66666666666667,97.33333333333333,95.33333333333333,92.0,84.33333333333333,70.33333333333333,70.66666666666667,70.66666666666667,77.0
2603,57.666666666666664,64.33333333333333,65.33333333333333,66.0,66.66666666666667,66.33333333333333,66.33333333333333,68.33333333333333,78.0,84.0,84.66666666666667,85.0,83.33333333333333,78.66666666666667,76.33333333333333,69.33333333333333,68.0,61.333333333333336,57.0,54.333333333333336,51.0,51.0,49.333333333333336,53.0
2604,18.666666666666668,20.666666666666668,32.666666666666664,35.0,39.666666666666664,44.0,44.0,48.666666666666664,53.0,57.0,56.0,58.0,56.0,56.333333333333336,51.666666666666664,41.333333333333336,34.333333333333336,21.0,11.666666666666666,11.0,9.0,9.0,8.0,8.0
2605,79.33333333333333,84.0,85.66666666666667,90.33333333333333,89.0,89.0,90.0,89.0,88.66666666666667,90.0,91.0,91.66666666666667,90.66666666666667,91.33333333333333,88.33333333333333,83.33333333333333,77.66666666666667,70.66666666666667,71.0,77.66666666666667,81.66666666666667,86.0,92.0,91.66666666666667
2606,92.0,92.0,92.44444444444444,93.33333333333333,95.0,92.0,93.0,95.0,93.66666666666667,90.66666666666667,89.0,88.0,87.33333333333333,93.0,93.66666666666667,93.0,95.0,94.33333333333333,92.66666666666667,90.33333333333333,86.0,81.66666666666667,81.33333333333333,85.0
2607,91.0,95.33333333333333,96.0,97.66666666666667,97.66666666666667,96.0,95.0,96.0,96.0,96.66666666666667,97.0,95.66666666666667,94.33333333333333,92.66666666666667,96.66666666666667,96.0,94.33333333333333,95.66666666666667,96.66666666666667,96.0,94.66666666666667,93.33333333333333,93.0,91.66666666666667
2608,83.77777777777777,87.55555555555556,91.0,94.0,94.66666666666667,95.22222222222223,95.44444444444444,96.33333333333333,97.0,97.1111111111111,93.22222222222223,88.44444444444444,85.22222222222223,86.33333333333333,93.66666666666667,94.55555555555556,94.77777777777777,97.66666666666667,98.22222222222223,98.55555555555556,99.0,96.1111111111111,95.33333333333333,92.1111111111111
2609,74.0,68.0,71.0,71.0,68.0,74.0,82.0,90.0,90.0,90.0,93.0,93.0,96.0,100.0,97.0,97.0,100.0,97.0,100.0,97.0,100.0,100.0,93.0,90.0
2610,76.33333333333333,81.33333333333333,85.66666666666667,87.0,89.0,90.66666666666667,91.0,92.66666666666667,92.33333333333333,92.66666666666667,91.33333333333333,91.0,90.66666666666667,84.66666666666667,78.0,66.66666666666667,61.0,58.666666666666664,60.333333333333336,64.66666666666667,59.666666666666664,62.333333333333336,66.66666666666667,73.66666666666667
2611,84.33333333333333,90.22222222222223,97.55555555555556,96.8888888888889,97.33333333333333,97.55555555555556,97.66666666666667,97.66666666666667,97.77777777777777,97.8888888888889,99.77777777777777,100.0,100.0,97.55555555555556,93.44444444444444,82.44444444444444,72.77777777777777,68.66666666666667,69.33333333333333,80.0,77.55555555555556,79.1111111111111,79.22222222222223,88.44444444444444
2612,83.77777777777777,87.55555555555556,91.0,94.0,94.66666666666667,95.22222222222223,95.44444444444444,96.33333333333333,97.0,97.1111111111111,93.22222222222223,88.44444444444444,85.22222222222223,86.33333333333333,93.66666666666667,94.55555555555556,94.77777777777777,97.66666666666667,98.22222222222223,98.55555555555556,99.0,96.1111111111111,95.33333333333333,92.1111111111111
2613,91.0,91.33333333333333,91.33333333333333,90.0,88.0,91.66666666666667,90.33333333333333,91.66666666666667,96.33333333333333,98.66666666666667,99.0,99.0,99.33333333333333,99.33333333333333,98.66666666666667,92.0,77.33333333333333,73.0,66.0,68.66666666666667,89.33333333333333,81.0,75.0,72.66666666666667
2614,12.333333333333334,15.0,18.666666666666668,28.0,36.0,43.666666666666664,44.0,52.0,54.333333333333336,59.333333333333336,62.333333333333336,65.0,65.66666666666667,69.66666666666667,70.66666666666667,66.0,49.666666666666664,36.333333333333336,27.0,21.666666666666668,19.333333333333332,17.333333333333332,14.333333333333334,14.666666666666666
2615,75.0,82.33333333333333,82.66666666666667,84.0,83.66666666666667,85.0,85.33333333333333,85.0,86.0,86.66666666666667,86.0,84.0,80.66666666666667,75.33333333333333,68.66666666666667,64.33333333333333,70.33333333333333,70.33333333333333,68.66666666666667,64.0,61.333333333333336,62.666666666666664,74.33333333333333,83.0
2616,85.0,88.66666666666667,92.33333333333333,92.0,95.0,94.0,94.66666666666667,95.33333333333333,90.0,89.66666666666667,85.66666666666667,83.66666666666667,80.33333333333333,76.33333333333333,68.66666666666667,63.666666666666664,59.333333333333336,55.666666666666664,58.0,59.666666666666664,59.333333333333336,58.666666666666664,57.333333333333336,55.333333333333336
2617,71.0,81.33333333333333,81.66666666666667,82.33333333333333,87.66666666666667,89.33333333333333,90.33333333333333,92.0,93.0,94.33333333333333,94.33333333333333,96.0,96.33333333333333,96.0,92.66666666666667,89.0,82.33333333333333,82.66666666666667,82.0,80.33333333333333,83.0,90.33333333333333,92.0,93.0
2618,76.33333333333333,82.66666666666667,85.0,84.33333333333333,84.33333333333333,87.33333333333333,87.33333333333333,86.0,88.33333333333333,88.33333333333333,89.0,90.33333333333333,89.0,82.0,74.0,68.33333333333333,64.33333333333333,60.333333333333336,56.0,55.0,54.666666666666664,55.0,58.333333333333336,72.0
2619,75.0,74.0,75.0,77.0,85.33333333333333,87.0,88.33333333333333,89.66666666666667,91.0,91.66666666666667,91.33333333333333,90.0,89.33333333333333,84.66666666666667,76.33333333333333,71.66666666666667,64.0,55.666666666666664,52.333333333333336,63.0,67.33333333333333,67.33333333333333,59.333333333333336,56.0
2620,63.0,62.333333333333336,69.0,72.33333333333333,77.0,83.66666666666667,87.0,92.0,93.33333333333333,93.66666666666667,95.66666666666667,94.0,95.33333333333333,90.33333333333333,78.0,68.33333333333333,63.333333333333336,56.0,46.666666666666664,45.0,39.0,43.333333333333336,45.666666666666664,54.333333333333336
2621,74.33333333333333,77.33333333333333,79.0,80.33333333333333,81.0,83.66666666666667,84.66666666666667,86.66666666666667,87.0,87.66666666666667,89.66666666666667,89.0,89.0,84.33333333333333,74.66666666666667,71.66666666666667,68.0,61.333333333333336,61.0,66.0,62.0,64.0,62.0,66.33333333333333
2622,52.0,54.333333333333336,58.666666666666664,68.33333333333333,79.66666666666667,82.33333333333333,81.66666666666667,87.33333333333333,91.0,86.66666666666667,91.0,91.0,96.0,90.0,93.0,95.33333333333333,92.66666666666667,84.66666666666667,70.66666666666667,67.33333333333333,61.0,60.0,58.0,61.0
2623,86.66666666666667,87.66666666666667,90.0,87.0,89.33333333333333,90.66666666666667,94.0,94.66666666666667,93.66666666666667,94.0,96.33333333333333,96.33333333333333,95.33333333333333,85.33333333333333,76.0,67.0,59.0,56.666666666666664,59.333333333333336,65.33333333333333,81.33333333333333,74.66666666666667,74.33333333333333,83.0
2624,71.0,79.33333333333333,85.66666666666667,89.0,89.33333333333333,88.0,89.33333333333333,91.0,91.33333333333333,92.66666666666667,89.33333333333333,89.33333333333333,89.66666666666667,85.33333333333333,78.33333333333333,73.66666666666667,68.66666666666667,68.66666666666667,60.0,63.333333333333336,63.333333333333336,59.666666666666664,60.666666666666664,63.666666666666664
2625,14.666666666666666,16.333333333333332,24.333333333333332,22.0,29.0,41.666666666666664,49.333333333333336,54.666666666666664,32.333333333333336,49.0,62.666666666666664,54.0,53.0,58.666666666666664,52.333333333333336,40.666666666666664,32.666666666666664,21.666666666666668,21.0,11.666666666666666,9.666666666666666,9.333333333333334,9.0,8.333333333333334
2626,70.0,78.66666666666667,83.66666666666667,88.66666666666667,88.66666666666667,91.33333333333333,93.0,93.33333333333333,92.33333333333333,92.66666666666667,91.66666666666667,92.0,93.0,93.66666666666667,90.33333333333333,85.0,80.66666666666667,79.0,78.66666666666667,86.66666666666667,84.33333333333333,82.33333333333333,84.0,85.66666666666667
2627,89.1111111111111,92.8888888888889,94.33333333333333,96.33333333333333,96.33333333333333,94.55555555555556,94.1111111111111,95.0,95.0,95.77777777777777,94.8888888888889,93.1111111111111,92.22222222222223,92.0,95.66666666666667,95.8888888888889,96.1111111111111,97.0,96.55555555555556,96.8888888888889,96.0,94.44444444444444,94.0,91.44444444444444
2628,71.33333333333333,69.33333333333333,72.0,72.0,71.66666666666667,74.66666666666667,75.33333333333333,79.0,79.0,79.0,81.0,81.0,81.33333333333333,81.0,79.0,82.33333333333333,85.0,84.0,83.66666666666667,77.66666666666667,79.66666666666667,80.0,78.0,79.33333333333333
2629,70.66666666666667,89.66666666666667,90.66666666666667,92.0,94.66666666666667,97.33333333333333,97.33333333333333,97.0,94.33333333333333,98.0,97.0,96.66666666666667,96.66666666666667,96.33333333333333,96.33333333333333,95.0,89.33333333333333,71.33333333333333,66.66666666666667,70.66666666666667,71.33333333333333,73.33333333333333,76.33333333333333,77.33333333333333
2630,84.0,84.66666666666667,86.66666666666667,86.66666666666667,86.33333333333333,88.33333333333333,88.33333333333333,89.0,89.0,88.66666666666667,91.66666666666667,91.33333333333333,90.0,82.66666666666667,77.0,78.66666666666667,77.33333333333333,74.66666666666667,71.66666666666667,69.33333333333333,68.33333333333333,69.66666666666667,71.33333333333333,78.0
2631,87.66666666666667,86.33333333333333,89.33333333333333,91.33333333333333,91.33333333333333,91.33333333333333,94.33333333333333,95.33333333333333,94.33333333333333,94.66666666666667,93.66666666666667,92.33333333333333,92.33333333333333,89.33333333333333,88.33333333333333,80.66666666666667,67.66666666666667,58.0,54.0,50.0,40.333333333333336,35.666666666666664,36.333333333333336,37.0
2632,45.666666666666664,61.666666666666664,73.33333333333333,82.0,78.66666666666667,66.66666666666667,71.33333333333333,73.33333333333333,70.33333333333333,74.33333333333333,81.66666666666667,83.33333333333333,88.33333333333333,78.0,73.33333333333333,67.66666666666667,62.0,59.666666666666664,52.666666666666664,51.666666666666664,50.0,55.333333333333336,63.333333333333336,74.33333333333333
2633,45.666666666666664,53.0,60.0,69.33333333333333,72.66666666666667,73.33333333333333,72.66666666666667,70.33333333333333,69.0,70.33333333333333,69.66666666666667,69.33333333333333,72.33333333333333,67.66666666666667,63.0,64.0,60.333333333333336,58.333333333333336,55.666666666666664,61.0,64.33333333333333,69.66666666666667,67.33333333333333,72.33333333333333
2634,87.0,86.0,87.66666666666667,91.33333333333333,92.0,92.0,94.33333333333333,94.0,93.33333333333333,94.0,95.66666666666667,96.0,96.66666666666667,97.66666666666667,95.33333333333333,87.33333333333333,84.0,75.0,76.0,80.0,87.33333333333333,91.66666666666667,95.0,96.33333333333333
2635,61.333333333333336,70.33333333333333,74.33333333333333,78.66666666666667,84.66666666666667,86.0,83.66666666666667,86.0,89.33333333333333,90.66666666666667,91.0,94.33333333333333,94.66666666666667,94.33333333333333,93.0,87.0,81.66666666666667,81.66666666666667,75.66666666666667,70.0,77.0,77.33333333333333,85.0,84.0
2636,75.0,83.0,86.66666666666667,88.0,90.66666666666667,94.66666666666667,95.33333333333333,96.33333333333333,96.66666666666667,98.0,95.33333333333333,95.0,98.66666666666667,92.0,82.66666666666667,76.33333333333333,68.66666666666667,64.33333333333333,67.0,69.33333333333333,64.66666666666667,60.0,62.0,68.66666666666667
2637,91.0,91.0,90.33333333333333,90.33333333333333,89.33333333333333,93.33333333333333,97.33333333333333,96.0,94.66666666666667,94.66666666666667,97.0,97.33333333333333,94.66666666666667,91.66666666666667,81.66666666666667,72.0,68.0,71.0,70.66666666666667,68.66666666666667,81.66666666666667,72.0,66.66666666666667,64.66666666666667
2638,92.66666666666667,91.33333333333333,83.66666666666667,79.0,85.33333333333333,87.66666666666667,91.66666666666667,93.33333333333333,93.66666666666667,93.33333333333333,91.0,87.33333333333333,88.33333333333333,83.33333333333333,84.0,74.66666666666667,72.66666666666667,71.0,68.66666666666667,64.0,62.333333333333336,60.0,60.333333333333336,61.333333333333336
2639,88.0,82.33333333333333,80.33333333333333,83.66666666666667,86.0,84.33333333333333,86.66666666666667,85.33333333333333,87.33333333333333,88.0,91.33333333333333,95.33333333333333,97.0,98.33333333333333,97.0,95.66666666666667,97.33333333333333,95.33333333333333,92.0,84.33333333333333,70.33333333333333,70.66666666666667,70.66666666666667,77.0
2640,89.33333333333333,92.33333333333333,91.0,95.33333333333333,97.33333333333333,97.66666666666667,96.66666666666667,97.66666666666667,97.0,95.33333333333333,90.0,86.33333333333333,85.66666666666667,89.33333333333333,90.33333333333333,88.66666666666667,91.33333333333333,93.66666666666667,93.0,90.66666666666667,87.33333333333333,86.33333333333333,87.0,87.33333333333333
2641,77.66666666666667,74.33333333333333,76.33333333333333,75.33333333333333,74.33333333333333,75.0,77.0,81.33333333333333,85.0,86.0,89.0,94.66666666666667,94.33333333333333,95.33333333333333,94.0,95.0,91.0,83.0,80.33333333333333,70.0,67.66666666666667,66.66666666666667,70.0,67.66666666666667
2642,90.0,92.66666666666667,93.0,92.66666666666667,94.0,95.0,95.66666666666667,95.66666666666667,96.0,96.66666666666667,96.66666666666667,96.66666666666667,96.33333333333333,96.66666666666667,95.66666666666667,86.0,71.66666666666667,67.66666666666667,67.33333333333333,64.33333333333333,62.333333333333336,68.33333333333333,75.33333333333333,74.66666666666667
2643,64.0,66.0,70.0,68.0,69.0,69.0,71.0,76.0,81.0,82.0,85.0,93.0,94.0,95.0,95.0,97.0,96.0,90.0,87.0,81.0,77.0,78.0,79.0,77.0
2644,35.333333333333336,39.333333333333336,57.666666666666664,73.66666666666667,88.33333333333333,88.66666666666667,92.66666666666667,91.66666666666667,92.33333333333333,91.66666666666667,93.66666666666667,95.0,93.33333333333333,93.33333333333333,94.66666666666667,89.66666666666667,84.66666666666667,85.33333333333333,90.33333333333333,83.0,74.66666666666667,64.33333333333333,57.0,49.666666666666664
2645,87.0,86.0,89.0,91.0,92.0,90.0,94.0,93.0,93.0,97.0,95.0,94.0,96.0,95.0,95.0,85.0,78.0,73.0,69.0,66.0,67.0,65.0,67.0,75.0
2646,91.0,95.66666666666667,96.33333333333333,98.33333333333333,99.33333333333333,97.0,94.66666666666667,96.66666666666667,96.33333333333333,95.66666666666667,95.33333333333333,92.0,90.0,90.0,95.66666666666667,92.66666666666667,91.66666666666667,95.0,96.33333333333333,95.66666666666667,93.0,91.33333333333333,91.33333333333333,91.0
2647,91.0,92.66666666666667,91.66666666666667,95.33333333333333,96.0,97.0,95.66666666666667,94.33333333333333,94.0,93.66666666666667,88.33333333333333,86.33333333333333,87.33333333333333,91.0,89.33333333333333,90.33333333333333,93.66666666666667,93.33333333333333,92.33333333333333,89.66666666666667,83.66666666666667,82.66666666666667,84.0,84.0
2648,96.0,98.0,96.0,97.0,97.0,98.0,96.0,97.0,96.0,100.0,100.0,100.0,100.0,100.0,100.0,99.0,84.0,79.0,77.0,85.0,76.0,70.0,57.0,65.0
2649,79.66666666666667,79.0,77.0,78.66666666666667,84.33333333333333,97.0,96.0,98.66666666666667,99.0,99.33333333333333,99.33333333333333,99.33333333333333,96.33333333333333,90.33333333333333,85.0,76.33333333333333,72.0,67.66666666666667,61.666666666666664,59.666666666666664,60.333333333333336,71.33333333333333,90.0,75.0
2650,91.0,95.33333333333333,96.0,97.66666666666667,97.66666666666667,96.0,95.0,96.0,96.0,96.66666666666667,97.0,95.66666666666667,94.33333333333333,92.66666666666667,96.66666666666667,96.0,94.33333333333333,95.66666666666667,96.66666666666667,96.0,94.66666666666667,93.33333333333333,93.0,91.66666666666667
2651,86.66666666666667,87.66666666666667,89.33333333333333,91.0,90.33333333333333,90.0,91.33333333333333,90.33333333333333,91.66666666666667,88.66666666666667,91.66666666666667,89.66666666666667,90.66666666666667,93.66666666666667,93.33333333333333,94.33333333333333,95.0,94.0,91.0,90.0,86.33333333333333,79.66666666666667,80.66666666666667,85.33333333333333
2652,90.0,96.0,95.0,98.0,96.0,97.0,99.0,99.0,97.0,98.0,95.0,88.0,87.0,89.0,95.0,95.0,97.0,99.0,100.0,99.0,99.0,97.0,98.0,93.0
2653,84.0,83.33333333333333,85.66666666666667,89.33333333333333,89.0,85.66666666666667,88.0,85.66666666666667,87.33333333333333,85.66666666666667,89.0,89.33333333333333,91.33333333333333,93.66666666666667,92.0,93.66666666666667,95.0,92.33333333333333,89.0,86.33333333333333,81.66666666666667,78.33333333333333,79.66666666666667,83.0
2654,97.66666666666667,97.66666666666667,97.66666666666667,96.66666666666667,95.66666666666667,93.33333333333333,86.0,84.33333333333333,86.0,80.0,88.33333333333333,84.66666666666667,88.33333333333333,93.0,90.66666666666667,80.66666666666667,74.33333333333333,66.33333333333333,64.66666666666667,63.333333333333336,61.0,55.333333333333336,50.666666666666664,52.666666666666664
2655,74.0,82.66666666666667,89.0,90.33333333333333,90.0,93.0,94.66666666666667,95.0,94.0,94.33333333333333,93.33333333333333,93.66666666666667,94.66666666666667,95.33333333333333,92.0,83.33333333333333,80.33333333333333,79.66666666666667,79.0,78.33333333333333,75.33333333333333,76.0,79.66666666666667,85.66666666666667
2656,73.33333333333333,79.0,81.66666666666667,85.0,88.33333333333333,85.33333333333333,86.0,90.0,92.33333333333333,92.33333333333333,93.66666666666667,92.66666666666667,93.33333333333333,88.66666666666667,78.0,71.66666666666667,65.33333333333333,57.666666666666664,51.333333333333336,51.333333333333336,47.333333333333336,49.333333333333336,48.666666666666664,57.0
2657,74.33333333333333,76.33333333333333,77.33333333333333,76.0,79.33333333333333,78.0,80.33333333333333,83.0,84.66666666666667,85.66666666666667,84.66666666666667,83.66666666666667,87.0,87.0,86.0,83.0,82.0,83.0,78.33333333333333,77.33333333333333,76.66666666666667,74.66666666666667,76.0,79.0
2658,85.0,84.66666666666667,87.33333333333333,83.66666666666667,87.66666666666667,85.33333333333333,84.33333333333333,88.33333333333333,86.33333333333333,88.33333333333333,90.0,91.0,92.33333333333333,91.33333333333333,96.33333333333333,94.33333333333333,88.0,84.0,87.33333333333333,83.0,80.0,80.33333333333333,81.0,89.0
2659,88.0,82.33333333333333,80.33333333333333,83.66666666666667,86.0,84.33333333333333,86.66666666666667,85.33333333333333,87.33333333333333,88.0,91.33333333333333,95.33333333333333,97.0,98.33333333333333,97.0,95.66666666666667,97.33333333333333,95.33333333333333,92.0,84.33333333333333,70.33333333333333,70.66666666666667,70.66666666666667,77.0
2660,89.0,90.66666666666667,89.66666666666667,91.0,94.33333333333333,90.66666666666667,91.33333333333333,88.33333333333333,91.0,92.66666666666667,96.66666666666667,98.0,96.66666666666667,95.66666666666667,94.33333333333333,91.0,84.33333333333333,78.33333333333333,75.66666666666667,74.33333333333333,72.66666666666667,72.33333333333333,76.66666666666667,84.0
2661,86.0,87.0,88.33333333333333,87.66666666666667,88.33333333333333,90.66666666666667,92.0,91.33333333333333,91.66666666666667,87.66666666666667,84.66666666666667,84.66666666666667,81.66666666666667,79.0,74.0,63.333333333333336,58.666666666666664,54.333333333333336,51.0,53.333333333333336,56.0,56.0,65.33333333333333,58.333333333333336
2662,34.333333333333336,40.0,56.333333333333336,62.333333333333336,62.333333333333336,64.33333333333333,68.0,65.66666666666667,74.0,68.66666666666667,70.33333333333333,74.66666666666667,72.33333333333333,77.0,80.66666666666667,73.0,62.333333333333336,52.0,43.0,36.0,31.0,24.666666666666668,23.666666666666668,22.333333333333332
2663,62.333333333333336,49.666666666666664,58.0,73.66666666666667,80.66666666666667,79.66666666666667,90.33333333333333,84.0,87.33333333333333,83.66666666666667,83.66666666666667,92.0,91.33333333333333,79.66666666666667,80.33333333333333,71.33333333333333,65.0,59.666666666666664,47.333333333333336,39.333333333333336,32.666666666666664,27.333333333333332,25.333333333333332,23.666666666666668
2664,46.333333333333336,53.666666666666664,61.666666666666664,69.0,71.66666666666667,75.66666666666667,76.0,77.66666666666667,78.33333333333333,80.0,79.0,77.0,76.33333333333333,76.0,75.0,67.66666666666667,56.666666666666664,43.666666666666664,40.333333333333336,39.0,36.0,34.0,35.333333333333336,37.333333333333336
2665,86.0,90.33333333333333,92.66666666666667,94.66666666666667,95.66666666666667,94.0,92.66666666666667,94.33333333333333,94.66666666666667,95.33333333333333,94.33333333333333,92.33333333333333,92.33333333333333,92.0,95.66666666666667,96.0,95.33333333333333,97.0,96.33333333333333,97.0,96.33333333333333,94.66666666666667,93.33333333333333,91.0
2666,95.0,95.0,95.0,96.0,95.0,94.0,95.0,95.0,96.0,98.0,99.0,98.0,98.0,99.0,95.0,84.0,82.0,78.0,79.0,91.0,82.0,66.0,63.0,69.0
2667,92.33333333333333,95.33333333333333,94.66666666666667,96.0,95.0,93.33333333333333,90.33333333333333,86.66666666666667,82.33333333333333,88.66666666666667,94.0,97.33333333333333,99.33333333333333,99.0,98.33333333333333,97.55555555555556,97.44444444444444,96.55555555555556,92.33333333333333,87.0,88.33333333333333,89.33333333333333,93.33333333333333,87.33333333333333
2668,63.0,64.66666666666667,65.0,70.33333333333333,75.33333333333333,76.66666666666667,80.0,85.0,87.66666666666667,87.66666666666667,90.66666666666667,90.33333333333333,90.33333333333333,90.0,81.66666666666667,72.33333333333333,62.0,52.0,48.333333333333336,43.666666666666664,41.666666666666664,42.0,42.333333333333336,53.333333333333336
2669,84.0,82.0,86.33333333333333,89.66666666666667,92.33333333333333,94.66666666666667,95.33333333333333,92.66666666666667,90.66666666666667,78.66666666666667,76.66666666666667,78.0,76.0,79.0,80.0,69.0,60.0,54.0,52.0,51.0,52.0,55.0,53.0,71.0
2670,99.0,98.66666666666667,99.0,97.66666666666667,100.0,98.66666666666667,96.66666666666667,97.66666666666667,96.33333333333333,97.66666666666667,98.66666666666667,94.33333333333333,94.0,90.33333333333333,88.0,80.0,72.66666666666667,63.666666666666664,55.333333333333336,50.666666666666664,44.666666666666664,41.333333333333336,40.666666666666664,41.666666666666664
2671,82.0,84.0,85.0,88.0,86.0,83.0,82.0,84.0,88.0,93.0,97.0,99.0,99.0,99.0,99.0,100.0,95.0,85.0,74.0,70.0,68.0,68.0,96.0,94.0
2672,96.33333333333333,96.66666666666667,95.66666666666667,96.33333333333333,94.66666666666667,88.33333333333333,88.0,92.0,94.33333333333333,92.0,91.0,91.0,88.0,83.0,77.33333333333333,72.0,67.66666666666667,60.333333333333336,55.666666666666664,54.666666666666664,57.333333333333336,59.333333333333336,61.666666666666664,61.333333333333336
2673,57.666666666666664,66.66666666666667,73.66666666666667,74.0,76.0,81.33333333333333,85.33333333333333,83.0,83.66666666666667,78.66666666666667,85.33333333333333,87.33333333333333,90.33333333333333,80.33333333333333,73.0,69.0,61.0,55.333333333333336,50.0,44.666666666666664,43.333333333333336,40.666666666666664,41.333333333333336,46.333333333333336
2674,50.666666666666664,54.0,66.66666666666667,79.66666666666667,93.66666666666667,98.0,95.66666666666667,94.33333333333333,93.66666666666667,91.33333333333333,87.33333333333333,87.0,86.33333333333333,84.33333333333333,79.33333333333333,72.0,63.666666666666664,63.333333333333336,59.666666666666664,55.0,53.0,53.333333333333336,58.333333333333336,59.666666666666664
2675,33.333333333333336,35.333333333333336,51.0,63.666666666666664,64.33333333333333,67.66666666666667,74.0,70.0,79.0,76.0,76.66666666666667,81.66666666666667,79.33333333333333,81.33333333333333,70.33333333333333,64.0,62.666666666666664,46.0,35.333333333333336,33.0,31.333333333333332,26.666666666666668,25.666666666666668,28.0
2676,78.66666666666667,80.0,84.0,85.66666666666667,84.66666666666667,82.66666666666667,81.0,75.66666666666667,72.0,67.66666666666667,71.0,71.33333333333333,73.66666666666667,72.0,69.66666666666667,73.0,74.66666666666667,71.66666666666667,75.0,76.0,71.33333333333333,66.33333333333333,66.66666666666667,73.33333333333333
2677,89.33333333333333,92.33333333333333,91.0,95.33333333333333,97.33333333333333,97.66666666666667,96.66666666666667,97.66666666666667,97.0,95.33333333333333,90.0,86.33333333333333,85.66666666666667,89.33333333333333,90.33333333333333,88.66666666666667,91.33333333333333,93.66666666666667,93.0,90.66666666666667,87.33333333333333,86.33333333333333,87.0,87.33333333333333
2678,84.0,84.66666666666667,86.66666666666667,86.0,84.33333333333333,85.0,86.33333333333333,87.33333333333333,89.33333333333333,90.66666666666667,97.66666666666667,98.66666666666667,97.0,97.33333333333333,95.0,96.33333333333333,86.33333333333333,73.33333333333333,68.0,65.0,63.0,63.0,65.66666666666667,72.66666666666667
2679,82.0,83.33333333333333,81.66666666666667,83.0,84.0,83.66666666666667,83.66666666666667,85.33333333333333,86.0,93.33333333333333,97.0,99.33333333333333,97.33333333333333,99.33333333333333,99.33333333333333,100.0,94.66666666666667,86.33333333333333,74.0,70.0,67.33333333333333,68.66666666666667,97.33333333333333,92.0
2680,76.66666666666667,77.33333333333333,80.0,81.66666666666667,83.0,83.66666666666667,84.33333333333333,86.33333333333333,85.66666666666667,93.66666666666667,96.66666666666667,96.66666666666667,96.0,96.0,95.66666666666667,92.66666666666667,86.0,77.0,73.0,68.0,65.0,66.33333333333333,80.33333333333333,89.33333333333333
2681,24.0,29.666666666666668,39.333333333333336,43.333333333333336,52.666666666666664,56.0,63.333333333333336,55.0,65.66666666666667,68.33333333333333,73.66666666666667,71.33333333333333,75.66666666666667,60.666666666666664,61.0,50.333333333333336,36.0,32.333333333333336,28.666666666666668,23.333333333333332,23.333333333333332,19.666666666666668,19.666666666666668,21.666666666666668
2682,81.0,84.66666666666667,85.66666666666667,84.66666666666667,89.33333333333333,90.0,92.66666666666667,93.66666666666667,95.33333333333333,95.66666666666667,97.0,97.66666666666667,95.66666666666667,89.66666666666667,81.0,72.66666666666667,65.66666666666667,58.666666666666664,56.333333333333336,53.333333333333336,56.333333333333336,68.0,67.33333333333333,72.0
2683,87.33333333333333,88.33333333333333,92.66666666666667,93.0,92.0,94.0,96.0,96.33333333333333,95.33333333333333,95.33333333333333,93.33333333333333,91.33333333333333,90.66666666666667,93.0,88.66666666666667,83.0,80.0,80.66666666666667,78.66666666666667,80.0,74.0,72.0,70.66666666666667,73.0
2684,58.333333333333336,63.666666666666664,67.66666666666667,72.66666666666667,72.66666666666667,76.33333333333333,76.0,78.66666666666667,74.0,73.33333333333333,71.66666666666667,72.66666666666667,74.66666666666667,80.0,73.33333333333333,68.0,62.333333333333336,57.333333333333336,57.0,57.333333333333336,68.66666666666667,85.33333333333333,81.33333333333333,86.0
2685,89.66666666666667,90.0,91.33333333333333,92.0,93.0,94.33333333333333,93.33333333333333,94.33333333333333,93.66666666666667,94.66666666666667,94.66666666666667,96.33333333333333,96.33333333333333,95.0,91.33333333333333,85.66666666666667,78.0,74.33333333333333,70.0,66.66666666666667,67.33333333333333,67.33333333333333,74.33333333333333,83.33333333333333
2686,72.0,75.0,79.0,83.0,85.0,88.0,95.0,97.0,100.0,100.0,100.0,100.0,100.0,94.0,86.0,79.0,73.0,67.0,64.0,63.0,60.0,58.0,78.0,68.0
2687,56.333333333333336,66.0,68.0,68.33333333333333,66.33333333333333,66.0,71.33333333333333,73.0,77.33333333333333,73.66666666666667,78.66666666666667,78.0,79.0,74.0,67.33333333333333,61.666666666666664,58.333333333333336,52.666666666666664,53.666666666666664,49.666666666666664,53.0,53.333333333333336,59.0,63.0
2688,86.0,87.0,88.33333333333333,87.66666666666667,88.33333333333333,90.66666666666667,92.0,91.33333333333333,91.66666666666667,87.66666666666667,84.66666666666667,84.66666666666667,81.66666666666667,79.0,74.0,63.333333333333336,58.666666666666664,54.333333333333336,51.0,53.333333333333336,56.0,56.0,65.33333333333333,58.333333333333336
2689,91.33333333333333,91.33333333333333,93.0,93.66666666666667,94.0,92.0,92.66666666666667,95.33333333333333,94.0,92.0,90.66666666666667,88.0,90.33333333333333,94.33333333333333,95.0,93.66666666666667,96.0,95.66666666666667,93.33333333333333,92.0,88.66666666666667,82.0,81.0,86.33333333333333
2690,62.333333333333336,50.333333333333336,64.33333333333333,72.0,77.66666666666667,82.0,90.33333333333333,81.66666666666667,89.0,85.33333333333333,86.0,92.0,91.33333333333333,79.66666666666667,80.33333333333333,71.33333333333333,65.0,59.666666666666664,51.333333333333336,39.333333333333336,32.666666666666664,27.333333333333332,25.333333333333332,23.666666666666668
2691,61.666666666666664,74.66666666666667,76.33333333333333,79.66666666666667,80.0,80.0,86.0,78.66666666666667,78.33333333333333,79.66666666666667,80.66666666666667,82.66666666666667,84.0,79.0,71.66666666666667,66.66666666666667,67.66666666666667,59.0,63.333333333333336,55.666666666666664,56.333333333333336,57.333333333333336,62.666666666666664,69.0
2692,88.0,85.33333333333333,85.33333333333333,88.0,88.0,88.0,88.0,90.66666666666667,90.0,88.0,87.0,87.0,85.33333333333333,79.66666666666667,77.0,72.66666666666667,69.66666666666667,64.66666666666667,60.666666666666664,60.333333333333336,59.666666666666664,59.666666666666664,61.333333333333336,67.33333333333333
2693,24.0,43.666666666666664,58.333333333333336,70.0,80.66666666666667,81.66666666666667,79.66666666666667,81.0,83.33333333333333,87.66666666666667,90.0,94.0,95.33333333333333,94.0,93.66666666666667,68.0,46.333333333333336,38.333333333333336,34.666666666666664,30.666666666666668,27.333333333333332,24.0,23.333333333333332,24.333333333333332
2694,86.66666666666667,86.66666666666667,87.33333333333333,87.66666666666667,86.66666666666667,87.66666666666667,85.66666666666667,87.66666666666667,87.66666666666667,88.66666666666667,91.33333333333333,92.33333333333333,93.33333333333333,92.33333333333333,89.33333333333333,88.33333333333333,84.66666666666667,83.0,83.0,80.33333333333333,81.66666666666667,81.66666666666667,84.66666666666667,86.66666666666667
2695,73.66666666666667,73.33333333333333,75.66666666666667,78.33333333333333,84.0,87.0,90.33333333333333,91.66666666666667,93.66666666666667,93.66666666666667,93.33333333333333,93.0,92.66666666666667,88.0,80.66666666666667,74.66666666666667,68.66666666666667,60.666666666666664,57.333333333333336,62.0,65.66666666666667,63.333333333333336,68.33333333333333,60.0
2696,49.0,61.333333333333336,71.66666666666667,75.66666666666667,79.66666666666667,81.66666666666667,84.33333333333333,78.33333333333333,85.66666666666667,85.0,86.33333333333333,87.33333333333333,89.66666666666667,89.33333333333333,84.33333333333333,75.66666666666667,68.33333333333333,67.33333333333333,59.666666666666664,55.0,49.333333333333336,45.666666666666664,42.333333333333336,40.333333333333336
2697,64.0,70.66666666666667,77.0,75.66666666666667,76.66666666666667,81.0,84.33333333333333,80.33333333333333,79.0,72.33333333333333,80.66666666666667,83.66666666666667,87.33333333333333,80.0,72.0,70.33333333333333,65.33333333333333,62.666666666666664,59.666666666666664,55.0,55.666666666666664,52.333333333333336,50.333333333333336,56.0
2698,88.66666666666667,87.33333333333333,85.33333333333333,86.33333333333333,86.66666666666667,85.33333333333333,84.66666666666667,87.33333333333333,87.33333333333333,87.66666666666667,86.0,85.66666666666667,89.0,92.66666666666667,92.66666666666667,95.33333333333333,93.66666666666667,86.66666666666667,80.66666666666667,80.66666666666667,76.66666666666667,77.0,80.33333333333333,81.0
2699,92.22222222222221,93.11111111111113,95.33333333333333,96.8888888888889,96.55555555555556,95.44444444444446,94.44444444444444,93.77777777777777,92.1111111111111,93.44444444444444,91.44444444444446,90.55555555555554,90.22222222222223,91.66666666666667,95.66666666666667,96.33333333333333,97.1111111111111,98.8888888888889,99.22222222222223,98.77777777777779,99.22222222222223,98.44444444444444,98.55555555555556,96.44444444444444
2700,81.66666666666667,80.33333333333333,81.0,81.66666666666667,89.33333333333333,89.33333333333333,92.33333333333333,93.0,92.0,93.0,94.66666666666667,93.0,90.33333333333333,87.33333333333333,79.0,72.66666666666667,65.33333333333333,61.333333333333336,61.333333333333336,69.66666666666667,76.0,72.66666666666667,59.333333333333336,60.666666666666664
2701,51.666666666666664,58.666666666666664,67.66666666666667,77.0,84.33333333333333,90.66666666666667,89.0,93.66666666666667,95.0,91.0,96.33333333333333,96.33333333333333,97.66666666666667,83.33333333333333,86.0,82.33333333333333,75.66666666666667,60.666666666666664,47.333333333333336,39.333333333333336,32.333333333333336,29.0,29.666666666666668,28.333333333333332
2702,85.66666666666667,81.66666666666667,80.33333333333333,82.0,83.0,81.33333333333333,84.66666666666667,85.0,87.0,88.0,92.33333333333333,95.33333333333333,97.0,97.33333333333333,96.33333333333333,94.66666666666667,92.33333333333333,86.33333333333333,82.66666666666667,74.66666666666667,66.66666666666667,66.0,68.66666666666667,70.33333333333333
2703,64.33333333333333,68.0,82.33333333333333,86.33333333333333,90.33333333333333,92.33333333333333,94.33333333333333,93.33333333333333,93.0,90.33333333333333,85.33333333333333,83.66666666666667,81.66666666666667,84.0,76.0,66.33333333333333,56.666666666666664,47.666666666666664,45.666666666666664,43.333333333333336,40.666666666666664,34.333333333333336,32.333333333333336,31.666666666666668
2704,88.33333333333333,91.0,91.33333333333333,93.0,93.0,91.0,89.0,87.33333333333333,85.0,89.33333333333333,94.66666666666667,98.33333333333333,99.66666666666667,99.33333333333333,99.0,98.55555555555556,97.44444444444444,94.22222222222223,80.33333333333333,75.0,72.66666666666667,74.0,96.33333333333333,95.0
2705,91.33333333333333,91.33333333333333,93.0,93.66666666666667,94.0,92.0,92.66666666666667,95.33333333333333,94.0,92.0,90.66666666666667,88.0,90.33333333333333,94.33333333333333,95.0,93.66666666666667,96.0,95.66666666666667,93.33333333333333,92.0,88.66666666666667,82.0,81.0,86.33333333333333
2706,79.66666666666667,87.33333333333333,84.66666666666667,88.66666666666667,91.33333333333333,90.0,91.33333333333333,92.0,92.33333333333333,91.66666666666667,92.66666666666667,93.0,93.66666666666667,91.33333333333333,86.66666666666667,81.0,73.66666666666667,64.33333333333333,62.0,59.0,56.0,54.666666666666664,56.0,58.333333333333336
2707,91.0,95.33333333333333,96.0,97.66666666666667,97.66666666666667,96.0,95.0,96.0,96.0,96.66666666666667,97.0,95.66666666666667,94.33333333333333,92.66666666666667,96.66666666666667,96.0,94.33333333333333,95.66666666666667,96.66666666666667,96.0,94.66666666666667,93.33333333333333,93.0,91.66666666666667
2708,92.33333333333333,96.66666666666667,98.33333333333333,99.33333333333333,98.66666666666667,99.0,98.66666666666667,97.66666666666667,99.0,97.0,97.0,92.0,90.33333333333333,93.33333333333333,97.0,97.66666666666667,98.0,99.33333333333333,99.66666666666667,99.66666666666667,99.0,97.33333333333333,97.33333333333333,96.0
2709,26.666666666666668,28.0,31.666666666666668,43.666666666666664,45.0,48.0,53.0,56.0,59.666666666666664,64.33333333333333,66.33333333333333,67.0,68.0,71.33333333333333,71.33333333333333,60.666666666666664,45.666666666666664,42.666666666666664,38.0,34.666666666666664,29.666666666666668,25.333333333333332,24.333333333333332,25.333333333333332
2710,49.0,60.333333333333336,68.0,73.66666666666667,76.0,80.0,80.33333333333333,77.0,77.0,79.0,75.33333333333333,76.66666666666667,81.0,81.0,79.0,71.0,66.66666666666667,66.33333333333333,59.666666666666664,57.0,52.666666666666664,50.0,46.333333333333336,44.333333333333336
2711,67.0,74.33333333333333,96.0,96.0,96.0,94.0,96.0,92.0,88.0,90.0,90.0,90.0,88.0,90.0,80.33333333333333,77.0,70.33333333333333,66.0,60.333333333333336,57.666666666666664,54.333333333333336,54.0,54.0,57.666666666666664
2712,77.0,89.66666666666667,92.66666666666667,96.0,98.0,97.0,94.66666666666667,97.0,92.0,88.33333333333333,91.33333333333333,87.0,87.0,74.0,68.0,66.0,70.33333333333333,65.0,60.666666666666664,58.0,60.333333333333336,59.333333333333336,61.666666666666664,66.66666666666667
2713,24.0,43.666666666666664,58.333333333333336,70.0,80.66666666666667,81.66666666666667,79.66666666666667,81.0,83.33333333333333,87.66666666666667,90.0,94.0,95.33333333333333,94.0,93.66666666666667,68.0,46.333333333333336,38.333333333333336,34.666666666666664,30.666666666666668,27.333333333333332,24.0,23.333333333333332,24.333333333333332
2714,71.33333333333333,72.66666666666667,71.33333333333333,73.0,72.33333333333333,75.0,75.0,77.33333333333333,80.0,82.0,81.66666666666667,84.66666666666667,85.0,79.0,70.0,64.33333333333333,61.333333333333336,56.333333333333336,57.333333333333336,62.333333333333336,57.333333333333336,60.0,61.333333333333336,64.0
2715,75.66666666666667,78.33333333333333,78.33333333333333,78.66666666666667,80.33333333333333,81.33333333333333,82.0,83.0,85.0,85.66666666666667,88.33333333333333,88.0,88.33333333333333,77.0,71.66666666666667,66.0,64.0,66.0,67.0,65.66666666666667,68.33333333333333,64.0,67.0,69.0
2716,57.0,67.33333333333333,70.66666666666667,74.66666666666667,75.0,79.33333333333333,83.0,89.33333333333333,93.33333333333333,97.0,97.0,96.66666666666667,98.0,94.0,85.33333333333333,77.0,71.33333333333333,62.0,59.666666666666664,65.66666666666667,78.33333333333333,74.66666666666667,75.33333333333333,73.33333333333333
2717,79.66666666666667,81.66666666666667,90.0,90.0,89.66666666666667,87.66666666666667,88.66666666666667,87.33333333333333,87.33333333333333,87.33333333333333,86.33333333333333,86.33333333333333,86.33333333333333,85.33333333333333,83.33333333333333,81.0,74.66666666666667,73.0,68.66666666666667,67.66666666666667,65.0,59.0,59.333333333333336,60.666666666666664
2718,94.77777777777777,96.22222222222223,96.66666666666667,97.55555555555556,97.55555555555556,97.8888888888889,97.66666666666667,97.77777777777777,97.77777777777777,98.0,97.8888888888889,98.1111111111111,98.0,95.77777777777777,96.0,98.1111111111111,96.0,96.22222222222223,95.66666666666667,95.8888888888889,95.22222222222223,95.33333333333333,95.55555555555556,94.33333333333333
2719,96.44444444444444,96.22222222222223,97.66666666666667,97.8888888888889,97.55555555555556,96.55555555555556,95.33333333333333,94.44444444444444,92.77777777777777,94.0,93.22222222222223,94.1111111111111,93.66666666666667,95.0,96.66666666666667,97.44444444444444,98.33333333333333,99.22222222222223,99.33333333333333,98.8888888888889,99.22222222222223,99.33333333333333,99.8888888888889,99.0
2720,97.0,99.0,96.66666666666667,94.66666666666667,99.0,96.0,97.33333333333333,94.66666666666667,94.66666666666667,95.0,93.66666666666667,93.66666666666667,90.33333333333333,93.0,89.33333333333333,85.0,82.0,78.66666666666667,73.66666666666667,64.33333333333333,60.0,54.666666666666664,50.0,49.666666666666664
2721,34.333333333333336,40.0,56.333333333333336,62.333333333333336,62.333333333333336,64.33333333333333,68.0,65.66666666666667,74.0,68.66666666666667,70.33333333333333,74.66666666666667,72.33333333333333,77.0,80.66666666666667,73.0,62.333333333333336,52.0,43.0,36.0,31.0,24.666666666666668,23.666666666666668,22.333333333333332
2722,92.33333333333333,90.66666666666667,91.66666666666667,94.66666666666667,96.0,95.33333333333333,94.66666666666667,91.33333333333333,94.33333333333333,97.66666666666667,95.0,94.66666666666667,93.33333333333333,93.0,91.33333333333333,85.33333333333333,77.33333333333333,76.66666666666667,72.0,68.33333333333333,68.66666666666667,69.33333333333333,69.0,78.33333333333333
2723,31.0,34.0,41.666666666666664,52.0,54.666666666666664,55.666666666666664,60.0,64.0,55.333333333333336,59.77777777777778,58.333333333333336,61.666666666666664,66.33333333333333,57.333333333333336,58.666666666666664,51.333333333333336,46.333333333333336,44.0,33.666666666666664,27.333333333333332,23.666666666666668,22.333333333333332,19.0,18.333333333333332
2724,38.333333333333336,58.666666666666664,70.66666666666667,78.33333333333333,81.66666666666667,83.33333333333333,81.0,81.33333333333333,85.0,87.0,86.0,87.0,90.33333333333333,85.33333333333333,84.66666666666667,68.0,54.0,42.666666666666664,35.333333333333336,31.333333333333332,28.333333333333332,26.333333333333332,25.333333333333332,26.0
2725,87.33333333333333,86.66666666666667,92.33333333333333,90.66666666666667,88.66666666666667,86.33333333333333,88.0,90.0,90.33333333333333,90.66666666666667,89.33333333333333,82.66666666666667,81.33333333333333,80.33333333333333,75.0,72.0,61.333333333333336,58.0,53.0,52.666666666666664,50.0,48.666666666666664,47.666666666666664,50.0
2726,96.33333333333333,96.66666666666667,95.66666666666667,96.33333333333333,94.66666666666667,88.33333333333333,88.0,92.0,94.33333333333333,92.0,91.0,91.0,88.0,83.0,77.33333333333333,72.0,67.66666666666667,60.333333333333336,55.666666666666664,54.666666666666664,57.333333333333336,59.333333333333336,59.0,61.333333333333336
2727,81.0,81.0,90.0,94.0,94.0,96.0,98.0,100.0,100.0,99.0,97.0,98.0,96.0,98.0,93.0,90.0,91.0,87.0,82.0,84.0,82.0,84.0,82.0,84.0
2728,77.0,79.66666666666667,86.33333333333333,90.0,88.33333333333333,86.66666666666667,88.33333333333333,85.33333333333333,86.33333333333333,86.66666666666667,84.0,80.0,82.33333333333333,80.0,75.0,68.0,64.66666666666667,64.66666666666667,63.0,60.0,56.333333333333336,45.666666666666664,44.333333333333336,48.333333333333336
