id,hour_00,hour_01,hour_02,hour_03,hour_04,hour_05,hour_06,hour_07,hour_08,hour_09,hour_10,hour_11,hour_12,hour_13,hour_14,hour_15,hour_16,hour_17,hour_18,hour_19,hour_20,hour_21,hour_22,hour_23
1,86.66666666666667,82.33333333333333,85.66666666666667,86.66666666666667,89.33333333333333,89.66666666666667,90.66666666666667,89.33333333333333,86.0,85.0,85.66666666666667,85.66666666666667,85.66666666666667,82.66666666666667,76.33333333333333,78.66666666666667,81.33333333333333,87.0,83.33333333333333,81.0,74.66666666666667,76.33333333333333,80.66666666666667,77.33333333333333
2,94.0,94.33333333333333,94.66666666666667,94.0,93.66666666666667,90.33333333333333,89.33333333333333,90.33333333333333,90.0,88.66666666666667,87.33333333333333,85.33333333333333,86.66666666666667,87.33333333333333,85.66666666666667,82.0,78.0,79.33333333333333,85.66666666666667,80.66666666666667,76.0,71.33333333333333,65.66666666666667,64.33333333333333
3,92.66666666666667,92.66666666666667,93.0,92.66666666666667,92.33333333333333,91.66666666666667,89.66666666666667,90.66666666666667,90.0,88.0,90.0,90.0,88.66666666666667,88.33333333333333,84.66666666666667,82.66666666666667,82.0,80.33333333333333,79.33333333333333,70.0,68.0,62.666666666666664,66.66666666666667,67.33333333333333
4,79.0,81.0,80.0,82.33333333333333,82.0,79.66666666666667,77.33333333333333,79.33333333333333,79.0,79.66666666666667,80.0,75.0,76.0,74.0,70.0,68.33333333333333,66.33333333333333,64.0,65.0,64.66666666666667,64.33333333333333,67.0,70.0,76.33333333333333
5,91.33333333333333,88.33333333333333,91.0,89.66666666666667,91.0,91.0,88.0,86.66666666666667,86.0,84.0,83.66666666666667,84.66666666666667,87.0,86.33333333333333,80.0,75.0,70.33333333333333,68.66666666666667,69.33333333333333,70.0,77.0,79.33333333333333,80.0,83.0
6,86.0,84.33333333333333,85.66666666666667,85.0,86.0,86.66666666666667,86.66666666666667,85.0,83.33333333333333,77.66666666666667,74.66666666666667,75.66666666666667,82.0,75.33333333333333,68.0,67.33333333333333,70.66666666666667,71.0,72.66666666666667,75.33333333333333,68.0,63.666666666666664,63.666666666666664,63.0
7,92.66666666666667,93.33333333333333,93.33333333333333,92.0,92.33333333333333,89.66666666666667,88.66666666666667,89.66666666666667,88.33333333333333,86.66666666666667,85.33333333333333,84.0,85.33333333333333,85.33333333333333,83.33333333333333,80.0,73.0,75.33333333333333,81.33333333333333,77.66666666666667,72.0,67.0,63.666666666666664,62.333333333333336
8,96.66666666666667,98.66666666666667,96.33333333333333,96.33333333333333,96.33333333333333,96.33333333333333,93.0,92.66666666666667,93.0,96.66666666666667,91.0,90.33333333333333,89.0,87.33333333333333,90.33333333333333,90.33333333333333,85.66666666666667,82.33333333333333,80.66666666666667,88.33333333333333,98.33333333333333,96.33333333333333,95.66666666666667,92.0
9,39.333333333333336,61.333333333333336,68.66666666666667,68.66666666666667,65.0,60.333333333333336,60.333333333333336,65.33333333333333,68.0,63.0,63.666666666666664,70.0,64.66666666666667,72.33333333333333,74.0,77.33333333333333,81.0,82.33333333333333,78.33333333333333,75.0,69.0,63.333333333333336,58.0,51.0
10,88.0,89.33333333333333,90.33333333333333,91.0,92.0,93.66666666666667,95.0,93.66666666666667,95.0,95.66666666666667,93.66666666666667,95.0,95.0,95.0,94.66666666666667,93.0,90.0,76.66666666666667,73.66666666666667,68.0,68.0,69.0,72.33333333333333,79.0
11,57.666666666666664,66.66666666666667,71.33333333333333,88.0,91.33333333333333,88.33333333333333,93.0,92.0,94.66666666666667,94.33333333333333,94.0,92.33333333333333,92.0,93.33333333333333,91.33333333333333,88.33333333333333,77.0,66.0,61.666666666666664,60.0,56.333333333333336,65.0,64.33333333333333,70.33333333333333
12,41.333333333333336,49.666666666666664,57.333333333333336,65.0,74.66666666666667,82.33333333333333,92.0,89.66666666666667,91.66666666666667,94.0,93.33333333333333,96.33333333333333,96.0,94.66666666666667,94.33333333333333,92.66666666666667,91.0,89.0,88.33333333333333,86.0,83.66666666666667,83.66666666666667,85.66666666666667,85.66666666666667
13,78.66666666666667,87.0,87.33333333333333,88.0,90.33333333333333,93.33333333333333,93.0,91.33333333333333,90.33333333333333,91.33333333333333,95.0,90.33333333333333,91.33333333333333,89.66666666666667,79.66666666666667,66.33333333333333,53.0,45.333333333333336,46.666666666666664,45.666666666666664,49.666666666666664,53.333333333333336,62.333333333333336,79.33333333333333
14,96.33333333333333,94.33333333333333,94.0,93.0,92.0,92.0,91.66666666666667,91.0,90.33333333333333,90.66666666666667,91.0,91.33333333333333,89.33333333333333,85.66666666666667,77.66666666666667,70.33333333333333,71.66666666666667,70.0,79.33333333333333,77.66666666666667,73.0,72.0,73.0,70.33333333333333
15,95.33333333333333,94.33333333333333,96.66666666666667,96.33333333333333,96.33333333333333,96.0,93.33333333333333,94.0,92.0,86.66666666666667,89.0,93.0,88.33333333333333,77.33333333333333,77.0,77.33333333333333,77.66666666666667,83.66666666666667,84.33333333333333,76.33333333333333,72.0,75.33333333333333,79.66666666666667,83.33333333333333
16,69.33333333333333,76.66666666666667,76.33333333333333,77.66666666666667,82.66666666666667,86.66666666666667,92.0,96.66666666666667,97.66666666666667,99.0,99.0,100.0,98.66666666666667,99.0,97.66666666666667,93.0,80.66666666666667,63.333333333333336,56.0,50.0,53.666666666666664,52.333333333333336,54.333333333333336,61.0
17,91.66666666666667,89.33333333333333,91.33333333333333,90.66666666666667,89.66666666666667,88.33333333333333,84.0,88.66666666666667,92.0,88.66666666666667,84.33333333333333,80.0,78.0,78.0,76.66666666666667,75.0,72.66666666666667,74.66666666666667,79.66666666666667,82.33333333333333,85.66666666666667,83.33333333333333,84.66666666666667,83.0
18,86.33333333333333,82.33333333333333,82.33333333333333,83.0,82.0,82.0,82.66666666666667,82.0,77.0,78.66666666666667,79.33333333333333,78.0,81.0,79.33333333333333,75.33333333333333,71.66666666666667,68.66666666666667,66.0,64.33333333333333,65.0,65.66666666666667,67.0,68.66666666666667,70.33333333333333
19,51.333333333333336,51.0,57.0,61.333333333333336,63.333333333333336,68.33333333333333,77.66666666666667,78.33333333333333,82.0,80.0,79.0,76.0,77.0,78.0,84.33333333333333,72.33333333333333,68.33333333333333,59.333333333333336,54.333333333333336,57.0,60.666666666666664,65.66666666666667,72.33333333333333,77.66666666666667
20,89.0,86.0,87.0,87.0,88.0,89.0,89.0,87.0,84.0,78.0,77.0,79.0,88.0,80.0,68.0,69.0,72.0,72.0,73.0,78.0,67.0,62.0,64.0,63.0
21,96.0,94.33333333333333,94.66666666666667,95.0,95.33333333333333,95.33333333333333,97.66666666666667,97.0,94.66666666666667,95.33333333333333,92.33333333333333,93.33333333333333,95.33333333333333,95.33333333333333,95.66666666666667,94.66666666666667,85.66666666666667,84.66666666666667,81.33333333333333,83.0,84.33333333333333,85.33333333333333,78.0,76.0
22,93.33333333333333,94.0,93.66666666666667,93.33333333333333,92.33333333333333,92.33333333333333,92.0,92.66666666666667,88.66666666666667,87.66666666666667,86.33333333333333,88.0,87.33333333333333,87.33333333333333,86.33333333333333,83.33333333333333,83.33333333333333,88.33333333333333,84.0,81.33333333333333,76.66666666666667,75.33333333333333,69.66666666666667,64.66666666666667
23,85.0,87.0,81.66666666666667,84.33333333333333,87.33333333333333,89.66666666666667,91.33333333333333,88.33333333333333,89.66666666666667,90.66666666666667,90.33333333333333,88.66666666666667,93.0,90.0,86.33333333333333,72.33333333333333,60.0,56.666666666666664,54.0,53.666666666666664,52.0,54.0,67.0,85.33333333333333
24,88.0,82.0,87.0,79.0,74.0,70.0,81.0,81.0,75.0,73.0,72.0,69.0,69.0,72.0,70.0,69.0,72.0,68.0,62.0,56.0,57.0,59.0,62.0,64.0
25,88.0,89.0,87.0,88.0,88.0,86.0,86.0,82.0,83.0,84.0,88.0,88.0,84.0,84.0,80.0,79.0,69.0,70.0,71.0,75.0,65.0,69.0,76.0,77.0
26,91.66666666666667,94.0,97.33333333333333,95.33333333333333,97.33333333333333,95.0,98.66666666666667,95.0,97.33333333333333,97.33333333333333,95.0,98.66666666666667,98.66666666666667,97.33333333333333,88.33333333333333,71.33333333333333,59.666666666666664,52.333333333333336,47.333333333333336,46.333333333333336,46.333333333333336,46.333333333333336,66.66666666666667,83.66666666666667
27,94.0,93.33333333333333,94.33333333333333,94.0,94.0,94.33333333333333,94.0,94.33333333333333,94.0,94.0,94.0,93.33333333333333,91.33333333333333,94.0,91.0,88.0,83.66666666666667,81.33333333333333,78.66666666666667,71.0,68.66666666666667,66.0,68.0,73.33333333333333
28,91.0,91.66666666666667,92.0,91.66666666666667,91.0,90.33333333333333,88.0,89.0,89.0,86.33333333333333,88.0,88.0,86.0,85.0,82.0,80.0,79.33333333333333,75.66666666666667,75.33333333333333,71.33333333333333,71.33333333333333,66.66666666666667,68.0,64.33333333333333
29,88.66666666666667,87.66666666666667,87.0,84.0,86.0,84.66666666666667,85.66666666666667,86.0,85.66666666666667,84.33333333333333,81.33333333333333,78.66666666666667,72.33333333333333,76.33333333333333,74.33333333333333,65.66666666666667,63.666666666666664,68.66666666666667,71.0,75.33333333333333,73.66666666666667,70.66666666666667,64.0,66.0
30,61.666666666666664,67.0,63.333333333333336,66.33333333333333,73.0,74.33333333333333,79.33333333333333,81.33333333333333,84.66666666666667,86.66666666666667,88.0,89.33333333333333,92.33333333333333,93.0,91.33333333333333,84.66666666666667,81.0,78.66666666666667,74.66666666666667,73.66666666666667,73.0,75.33333333333333,80.33333333333333,85.33333333333333
31,95.66666666666667,97.66666666666667,95.33333333333333,96.33333333333333,95.66666666666667,95.33333333333333,95.33333333333333,95.33333333333333,95.33333333333333,96.0,95.66666666666667,95.33333333333333,94.66666666666667,93.33333333333333,95.33333333333333,92.66666666666667,91.0,91.0,89.33333333333333,89.66666666666667,94.66666666666667,94.33333333333333,96.0,92.33333333333333
32,28.0,33.0,38.666666666666664,38.333333333333336,38.0,37.666666666666664,43.666666666666664,46.0,47.0,42.333333333333336,53.666666666666664,54.333333333333336,55.0,52.333333333333336,53.666666666666664,45.0,36.333333333333336,30.666666666666668,28.0,23.0,21.0,21.333333333333332,19.333333333333332,20.666666666666668
33,82.33333333333333,81.0,79.33333333333333,80.33333333333333,75.66666666666667,72.66666666666667,73.66666666666667,72.33333333333333,70.66666666666667,73.33333333333333,75.66666666666667,77.66666666666667,74.0,72.66666666666667,70.0,69.33333333333333,65.66666666666667,62.333333333333336,61.666666666666664,62.0,58.666666666666664,60.333333333333336,59.0,65.0
34,94.0,93.66666666666667,94.0,93.0,92.0,91.66666666666667,90.66666666666667,91.33333333333333,88.0,88.0,87.0,89.66666666666667,86.66666666666667,89.0,85.66666666666667,84.0,82.0,85.33333333333333,80.0,76.66666666666667,71.33333333333333,64.66666666666667,66.0,63.666666666666664
35,87.33333333333333,91.66666666666667,99.0,97.0,98.0,98.0,96.33333333333333,99.0,99.33333333333333,98.0,98.33333333333333,97.66666666666667,96.33333333333333,96.33333333333333,79.33333333333333,67.0,56.333333333333336,51.0,47.666666666666664,45.333333333333336,44.666666666666664,50.666666666666664,62.666666666666664,90.66666666666667
36,89.0,86.0,84.0,86.0,85.0,81.0,82.0,79.0,78.0,85.0,82.0,81.0,83.0,84.0,78.0,74.0,68.0,69.0,69.0,67.0,70.0,74.0,79.0,82.0
37,90.0,91.0,91.0,92.0,90.0,88.0,87.0,86.0,85.0,86.0,83.0,88.0,75.0,68.0,67.0,65.0,66.0,67.0,64.0,62.0,68.0,60.0,51.0,57.0
38,94.0,95.0,95.33333333333333,95.33333333333333,95.66666666666667,95.33333333333333,95.0,95.33333333333333,94.33333333333333,95.33333333333333,94.0,94.33333333333333,94.0,93.33333333333333,92.33333333333333,89.33333333333333,88.0,87.0,86.33333333333333,86.0,87.0,89.33333333333333,88.66666666666667,87.0
39,90.0,89.66666666666667,90.33333333333333,91.33333333333333,88.33333333333333,92.33333333333333,88.33333333333333,83.33333333333333,78.66666666666667,82.33333333333333,83.0,72.0,80.66666666666667,81.66666666666667,84.33333333333333,77.66666666666667,76.0,73.66666666666667,71.66666666666667,67.66666666666667,69.33333333333333,67.66666666666667,76.33333333333333,76.66666666666667
40,96.33333333333333,96.0,95.0,94.0,91.66666666666667,91.33333333333333,90.33333333333333,91.0,86.66666666666667,86.66666666666667,85.66666666666667,88.33333333333333,88.66666666666667,88.66666666666667,86.66666666666667,84.0,79.33333333333333,82.0,83.0,80.0,77.33333333333333,70.0,68.66666666666667,64.0
41,94.0,93.0,96.0,94.0,94.0,94.0,93.0,94.0,93.0,92.0,93.0,90.0,91.0,92.0,91.0,85.0,80.0,83.0,81.0,70.0,65.0,60.0,63.0,70.0
42,92.66666666666667,93.33333333333333,93.33333333333333,92.0,92.0,89.33333333333333,89.0,90.0,89.33333333333333,86.66666666666667,86.0,83.0,85.33333333333333,85.66666666666667,84.33333333333333,80.33333333333333,75.33333333333333,79.33333333333333,86.33333333333333,82.33333333333333,79.66666666666667,74.33333333333333,65.0,63.666666666666664
43,91.33333333333333,89.66666666666667,90.0,85.0,83.66666666666667,81.66666666666667,87.33333333333333,86.66666666666667,89.66666666666667,89.33333333333333,85.66666666666667,88.0,88.0,88.0,88.33333333333333,85.66666666666667,86.66666666666667,78.0,74.0,69.33333333333333,71.33333333333333,70.33333333333333,70.0,73.0
44,96.0,96.0,96.33333333333333,96.33333333333333,96.0,95.33333333333333,95.33333333333333,96.66666666666667,96.33333333333333,95.33333333333333,94.66666666666667,93.0,93.33333333333333,93.0,91.66666666666667,89.66666666666667,88.0,90.66666666666667,89.33333333333333,86.66666666666667,92.0,90.33333333333333,81.66666666666667,79.0
45,79.66666666666667,80.33333333333333,82.66666666666667,84.0,86.66666666666667,84.33333333333333,85.33333333333333,82.66666666666667,82.0,80.0,80.0,79.0,80.0,77.0,75.33333333333333,77.66666666666667,79.66666666666667,78.66666666666667,80.0,77.66666666666667,74.0,73.66666666666667,72.66666666666667,76.66666666666667
46,93.33333333333333,94.33333333333333,94.66666666666667,94.0,93.66666666666667,91.66666666666667,91.0,90.66666666666667,91.77777777777777,89.66666666666667,89.33333333333333,88.66666666666667,89.1111111111111,87.66666666666667,86.33333333333333,82.33333333333333,80.33333333333333,78.0,85.0,86.0,84.33333333333333,82.33333333333333,78.33333333333333,72.33333333333333
47,74.33333333333333,77.0,74.66666666666667,79.66666666666667,79.33333333333333,81.33333333333333,77.66666666666667,81.0,85.0,85.0,86.0,83.66666666666667,84.66666666666667,85.66666666666667,88.0,84.0,87.0,79.33333333333333,79.0,71.33333333333333,60.666666666666664,53.0,49.333333333333336,51.0
48,92.66666666666667,89.66666666666667,91.66666666666667,90.0,92.66666666666667,91.33333333333333,89.0,86.33333333333333,84.0,83.66666666666667,87.0,87.33333333333333,86.0,80.0,75.0,76.0,72.33333333333333,70.0,73.0,76.66666666666667,79.0,80.0,80.66666666666667,85.33333333333333
49,63.666666666666664,70.33333333333333,69.66666666666667,72.33333333333333,70.66666666666667,72.66666666666667,71.66666666666667,71.0,72.0,68.33333333333333,75.0,71.33333333333333,77.33333333333333,76.33333333333333,76.33333333333333,71.66666666666667,69.66666666666667,66.0,65.0,63.0,57.333333333333336,54.333333333333336,53.666666666666664,53.0
50,29.666666666666668,43.0,43.666666666666664,38.666666666666664,34.666666666666664,39.666666666666664,50.666666666666664,59.333333333333336,68.66666666666667,76.33333333333333,78.0,80.0,85.33333333333333,87.66666666666667,87.33333333333333,89.0,89.33333333333333,90.66666666666667,94.33333333333333,94.66666666666667,97.66666666666667,96.66666666666667,96.66666666666667,98.33333333333333
51,80.33333333333333,80.66666666666667,80.0,83.0,84.33333333333333,84.33333333333333,83.33333333333333,84.0,82.66666666666667,84.0,83.0,82.66666666666667,85.0,86.66666666666667,85.33333333333333,85.0,80.66666666666667,76.33333333333333,71.0,69.0,64.66666666666667,60.333333333333336,59.666666666666664,59.333333333333336
52,89.66666666666667,88.0,87.66666666666667,85.66666666666667,87.33333333333333,88.66666666666667,89.33333333333333,88.33333333333333,86.0,81.66666666666667,79.33333333333333,79.0,78.0,78.0,72.66666666666667,67.0,66.66666666666667,70.0,71.66666666666667,76.66666666666667,71.66666666666667,68.0,64.0,65.0
53,94.0,92.33333333333333,92.0,91.0,92.33333333333333,91.33333333333333,91.0,87.0,84.0,83.0,89.33333333333333,88.66666666666667,85.0,77.66666666666667,74.33333333333333,76.0,74.66666666666667,72.0,74.0,76.33333333333333,77.66666666666667,79.0,79.66666666666667,84.66666666666667
54,72.0,75.66666666666667,78.33333333333333,81.66666666666667,85.0,88.66666666666667,86.0,86.33333333333333,85.66666666666667,87.66666666666667,89.0,90.0,89.33333333333333,88.66666666666667,88.0,83.66666666666667,71.0,63.0,64.66666666666667,64.33333333333333,72.66666666666667,73.0,75.66666666666667,79.0
55,94.0,95.0,95.33333333333333,95.33333333333333,95.66666666666667,95.33333333333333,95.0,95.33333333333333,94.33333333333333,95.33333333333333,94.0,94.33333333333333,94.0,93.33333333333333,92.33333333333333,89.33333333333333,88.0,87.0,86.33333333333333,86.0,87.0,89.33333333333333,88.66666666666667,87.0
56,81.66666666666667,85.66666666666667,92.33333333333333,93.33333333333333,93.33333333333333,93.33333333333333,94.66666666666667,94.66666666666667,97.33333333333333,96.0,96.0,94.66666666666667,94.66666666666667,94.66666666666667,94.66666666666667,91.33333333333333,84.66666666666667,76.66666666666667,70.66666666666667,71.66666666666667,67.66666666666667,76.33333333333333,85.33333333333333,84.0
57,86.0,90.33333333333333,92.0,91.33333333333333,93.0,94.0,94.33333333333333,93.0,94.33333333333333,94.33333333333333,94.66666666666667,94.66666666666667,94.66666666666667,93.33333333333333,91.0,77.33333333333333,63.666666666666664,51.333333333333336,45.666666666666664,42.333333333333336,43.0,41.666666666666664,46.666666666666664,75.66666666666667
58,86.66666666666667,82.66666666666667,82.66666666666667,82.66666666666667,83.66666666666667,84.66666666666667,85.33333333333333,85.0,82.66666666666667,84.0,84.0,82.66666666666667,84.0,82.66666666666667,80.33333333333333,79.0,79.0,76.33333333333333,76.66666666666667,73.33333333333333,76.0,72.66666666666667,72.66666666666667,75.0
59,82.66666666666667,82.33333333333333,83.33333333333333,82.66666666666667,83.33333333333333,83.66666666666667,85.0,87.0,87.66666666666667,84.33333333333333,86.66666666666667,86.0,86.0,85.0,86.66666666666667,84.33333333333333,83.33333333333333,81.66666666666667,79.33333333333333,78.0,75.66666666666667,75.33333333333333,76.66666666666667,79.66666666666667
60,88.66666666666667,91.0,91.0,90.33333333333333,90.33333333333333,87.33333333333333,88.33333333333333,90.33333333333333,93.0,91.33333333333333,89.66666666666667,86.66666666666667,88.66666666666667,86.33333333333333,81.66666666666667,63.333333333333336,60.0,60.0,57.333333333333336,56.0,56.333333333333336,57.666666666666664,67.66666666666667,78.33333333333333
61,86.66666666666667,86.33333333333333,89.0,87.66666666666667,84.33333333333333,83.33333333333333,80.33333333333333,82.66666666666667,87.0,87.0,82.66666666666667,81.66666666666667,79.66666666666667,76.33333333333333,73.0,64.33333333333333,59.333333333333336,58.0,52.0,51.666666666666664,54.666666666666664,58.333333333333336,62.666666666666664,61.666666666666664
62,33.333333333333336,53.333333333333336,49.0,55.0,63.333333333333336,64.66666666666667,72.66666666666667,77.66666666666667,79.66666666666667,82.66666666666667,84.66666666666667,86.33333333333333,89.0,88.0,92.66666666666667,94.0,91.0,89.0,89.66666666666667,87.33333333333333,89.0,87.33333333333333,88.33333333333333,88.0
63,80.0,86.44444444444444,93.1111111111111,97.77777777777777,98.1111111111111,99.22222222222223,99.22222222222223,99.66666666666667,99.55555555555556,99.55555555555556,99.55555555555556,99.66666666666667,100.0,99.55555555555556,97.8888888888889,80.77777777777777,64.8888888888889,54.888888888888886,48.0,48.77777777777778,51.111111111111114,45.0,52.22222222222222,60.0
64,38.0,45.0,47.666666666666664,51.666666666666664,60.666666666666664,63.666666666666664,64.0,66.66666666666667,68.0,76.66666666666667,85.0,92.0,96.66666666666667,93.33333333333333,93.33333333333333,88.0,79.0,65.33333333333333,57.0,47.333333333333336,48.666666666666664,47.0,50.666666666666664,60.0
65,79.33333333333333,92.33333333333333,88.0,96.33333333333333,93.33333333333333,97.66666666666667,98.66666666666667,98.66666666666667,98.66666666666667,97.66666666666667,96.33333333333333,98.66666666666667,98.66666666666667,97.33333333333333,94.0,80.33333333333333,65.33333333333333,50.666666666666664,46.0,42.333333333333336,40.333333333333336,41.333333333333336,46.0,60.0
66,97.0,97.0,97.0,97.0,97.0,97.0,97.0,96.0,95.0,96.0,96.0,97.0,96.0,96.0,91.0,88.0,89.0,88.0,87.0,74.0,73.0,71.0,74.0,77.0
67,28.333333333333332,31.333333333333332,39.666666666666664,47.333333333333336,48.333333333333336,53.333333333333336,54.666666666666664,59.0,60.333333333333336,63.0,64.33333333333333,65.66666666666667,65.0,67.33333333333333,69.66666666666667,62.333333333333336,48.666666666666664,40.666666666666664,33.333333333333336,28.666666666666668,24.0,22.666666666666668,22.666666666666668,22.333333333333332
68,65.33333333333333,72.33333333333333,74.66666666666667,71.0,76.0,77.66666666666667,82.33333333333333,87.66666666666667,85.0,87.66666666666667,92.0,93.0,91.66666666666667,94.66666666666667,95.0,83.33333333333333,72.0,67.33333333333333,60.0,55.0,49.333333333333336,48.333333333333336,49.0,56.333333333333336
69,36.333333333333336,45.333333333333336,49.333333333333336,53.0,66.0,65.33333333333333,64.33333333333333,73.0,78.33333333333333,86.0,89.33333333333333,94.33333333333333,99.0,93.33333333333333,93.33333333333333,90.0,77.0,65.33333333333333,57.0,50.0,51.333333333333336,48.666666666666664,52.333333333333336,58.666666666666664
70,79.0,81.0,81.0,77.0,79.0,81.0,85.0,87.33333333333333,87.33333333333333,85.0,85.0,87.33333333333333,82.66666666666667,84.66666666666667,85.0,80.0,78.0,74.33333333333333,68.66666666666667,64.66666666666667,64.33333333333333,64.33333333333333,70.0,76.0
71,97.0,96.66666666666667,96.66666666666667,96.33333333333333,96.0,96.66666666666667,96.66666666666667,96.66666666666667,97.0,97.33333333333333,95.33333333333333,97.33333333333333,96.66666666666667,97.33333333333333,96.66666666666667,96.0,94.33333333333333,84.66666666666667,78.33333333333333,72.66666666666667,73.66666666666667,73.66666666666667,74.66666666666667,76.33333333333333
72,87.33333333333333,85.0,85.0,86.0,88.33333333333333,83.66666666666667,77.66666666666667,73.33333333333333,76.33333333333333,83.33333333333333,77.66666666666667,71.66666666666667,74.66666666666667,78.66666666666667,85.33333333333333,82.66666666666667,82.0,77.33333333333333,74.0,71.0,67.33333333333333,70.33333333333333,73.0,74.66666666666667
73,59.0,62.333333333333336,63.0,63.0,59.0,57.0,60.666666666666664,62.666666666666664,63.666666666666664,75.66666666666667,75.66666666666667,81.0,78.66666666666667,77.66666666666667,74.66666666666667,81.0,79.0,69.66666666666667,62.666666666666664,51.0,48.666666666666664,46.666666666666664,46.333333333333336,46.666666666666664
74,81.66666666666667,84.33333333333333,84.33333333333333,89.0,89.33333333333333,90.0,92.33333333333333,95.66666666666667,96.0,96.66666666666667,96.66666666666667,97.33333333333333,97.33333333333333,97.33333333333333,95.33333333333333,79.66666666666667,64.33333333333333,54.666666666666664,50.666666666666664,49.666666666666664,48.0,51.0,53.333333333333336,65.33333333333333
75,91.33333333333333,88.33333333333333,91.0,89.66666666666667,91.0,91.0,88.0,86.66666666666667,86.0,84.0,83.66666666666667,84.66666666666667,87.0,86.33333333333333,80.0,75.0,70.33333333333333,68.66666666666667,69.33333333333333,70.0,77.0,79.33333333333333,80.0,83.0
76,93.33333333333333,89.66666666666667,92.33333333333333,91.0,90.33333333333333,92.0,90.0,90.33333333333333,89.0,88.33333333333333,90.0,88.66666666666667,88.0,90.66666666666667,89.0,82.33333333333333,79.0,73.66666666666667,74.66666666666667,73.66666666666667,71.33333333333333,74.66666666666667,77.33333333333333,80.0
77,33.0,48.666666666666664,52.0,59.666666666666664,64.0,66.33333333333333,65.66666666666667,62.0,65.33333333333333,71.33333333333333,70.33333333333333,71.66666666666667,70.33333333333333,71.0,71.66666666666667,70.0,53.0,49.333333333333336,47.333333333333336,44.333333333333336,39.666666666666664,41.666666666666664,48.0,49.333333333333336
78,98.66666666666667,98.66666666666667,97.33333333333333,96.66666666666667,95.0,95.33333333333333,95.33333333333333,95.33333333333333,94.66666666666667,94.66666666666667,93.0,94.66666666666667,95.0,95.66666666666667,94.33333333333333,93.66666666666667,88.0,81.0,83.0,78.33333333333333,75.33333333333333,72.33333333333333,73.0,72.0
79,33.666666666666664,38.333333333333336,50.0,56.666666666666664,58.666666666666664,61.0,66.0,63.333333333333336,71.33333333333333,65.33333333333333,65.66666666666667,72.33333333333333,67.33333333333333,65.33333333333333,66.33333333333333,64.0,76.66666666666667,52.666666666666664,55.666666666666664,47.0,52.0,46.333333333333336,49.333333333333336,53.333333333333336
80,38.666666666666664,34.333333333333336,53.666666666666664,50.0,60.666666666666664,61.0,64.33333333333333,61.0,55.666666666666664,64.0,76.66666666666667,71.0,67.0,69.0,67.66666666666667,67.66666666666667,74.33333333333333,64.0,64.0,57.333333333333336,61.333333333333336,56.0,59.666666666666664,64.33333333333333
81,32.0,40.666666666666664,48.0,54.666666666666664,69.0,60.333333333333336,64.66666666666667,70.66666666666667,75.0,75.0,75.33333333333333,75.66666666666667,73.66666666666667,78.33333333333333,79.66666666666667,79.33333333333333,65.66666666666667,55.333333333333336,48.0,43.333333333333336,38.666666666666664,37.0,35.666666666666664,41.333333333333336
82,14.0,23.0,22.0,35.333333333333336,36.666666666666664,32.0,32.0,32.0,32.0,35.0,35.0,35.0,36.0,49.333333333333336,56.333333333333336,51.0,28.0,29.0,29.666666666666668,25.333333333333332,21.0,20.666666666666668,13.0,14.0
83,36.333333333333336,43.666666666666664,61.0,50.0,46.0,50.0,40.0,43.0,43.0,46.0,50.0,61.0,53.0,50.0,47.0,42.0,39.0,35.0,33.0,38.0,31.0,33.0,43.0,39.0
84,70.0,71.0,73.0,77.0,83.0,88.0,80.0,78.0,77.0,80.0,84.0,90.0,92.0,91.0,87.0,82.0,67.0,70.0,72.0,71.0,80.0,80.0,83.0,82.0
85,54.333333333333336,61.0,64.0,71.33333333333333,63.666666666666664,63.0,66.33333333333333,69.33333333333333,66.66666666666667,67.66666666666667,71.33333333333333,72.66666666666667,74.0,70.0,73.0,77.33333333333333,76.33333333333333,68.0,57.0,51.0,43.333333333333336,40.0,39.666666666666664,39.0
86,49.0,62.333333333333336,69.33333333333333,78.0,79.0,80.66666666666667,62.0,62.333333333333336,61.333333333333336,69.0,77.0,85.33333333333333,81.0,85.0,80.66666666666667,68.33333333333333,60.0,51.0,39.0,30.0,31.666666666666668,34.0,35.333333333333336,36.333333333333336
87,77.33333333333333,82.0,78.0,84.33333333333333,86.66666666666667,90.66666666666667,88.66666666666667,88.66666666666667,92.0,91.66666666666667,90.66666666666667,93.66666666666667,93.66666666666667,87.33333333333333,75.66666666666667,65.0,49.333333333333336,45.0,43.666666666666664,45.333333333333336,42.666666666666664,46.333333333333336,49.333333333333336,61.333333333333336
88,82.66666666666667,86.0,88.0,89.66666666666667,88.33333333333333,89.33333333333333,90.66666666666667,89.66666666666667,91.0,92.0,90.8888888888889,91.8888888888889,92.22222222222223,90.77777777777777,89.33333333333333,74.55555555555556,61.333333333333336,46.333333333333336,42.333333333333336,39.666666666666664,39.333333333333336,39.666666666666664,49.666666666666664,72.66666666666667
89,81.66666666666667,84.66666666666667,84.0,85.33333333333333,87.66666666666667,91.66666666666667,91.0,90.0,86.66666666666667,96.0,91.66666666666667,92.33333333333333,90.0,83.0,79.33333333333333,68.0,59.0,60.333333333333336,59.0,58.333333333333336,59.0,62.666666666666664,77.0,87.33333333333333
90,38.666666666666664,34.333333333333336,53.666666666666664,50.0,60.666666666666664,61.0,64.33333333333333,61.0,55.666666666666664,64.0,76.66666666666667,71.0,67.0,69.0,67.66666666666667,67.66666666666667,74.33333333333333,64.0,64.0,57.333333333333336,61.333333333333336,56.0,59.666666666666664,64.33333333333333
91,67.0,74.66666666666667,79.1111111111111,77.0,85.0,86.33333333333333,88.0,82.66666666666667,87.33333333333333,87.66666666666667,91.66666666666667,88.33333333333333,89.0,87.33333333333333,82.0,70.66666666666667,53.333333333333336,46.666666666666664,48.0,47.0,47.0,50.333333333333336,55.55555555555555,60.666666666666664
92,29.0,35.666666666666664,40.0,43.0,46.666666666666664,46.666666666666664,52.333333333333336,57.333333333333336,63.333333333333336,66.0,67.66666666666667,70.0,73.33333333333333,76.0,76.66666666666667,54.333333333333336,41.666666666666664,38.0,33.0,31.666666666666668,31.666666666666668,35.666666666666664,38.666666666666664,42.666666666666664
93,93.33333333333333,93.66666666666667,94.1111111111111,94.8888888888889,94.8888888888889,95.77777777777777,94.0,94.22222222222223,94.0,94.33333333333333,93.33333333333333,93.8888888888889,93.1111111111111,91.77777777777777,90.8888888888889,87.77777777777777,83.22222222222223,79.8888888888889,79.33333333333333,78.33333333333333,80.33333333333333,78.33333333333333,74.33333333333333,74.66666666666667
94,36.666666666666664,49.666666666666664,48.333333333333336,58.0,60.0,68.66666666666667,70.0,70.0,65.0,66.66666666666667,69.66666666666667,68.0,69.0,69.33333333333333,73.66666666666667,61.0,54.0,48.666666666666664,42.333333333333336,36.666666666666664,37.333333333333336,35.666666666666664,41.0,35.333333333333336
95,89.0,86.0,84.33333333333333,86.22222222222223,84.66666666666667,81.66666666666667,82.0,80.66666666666667,80.33333333333333,80.66666666666667,81.33333333333333,81.0,81.0,82.33333333333333,79.33333333333333,71.66666666666667,71.66666666666667,69.33333333333333,65.77777777777777,66.33333333333333,67.66666666666667,72.44444444444444,71.0,76.0
96,95.66666666666667,93.0,95.66666666666667,93.66666666666667,93.66666666666667,93.66666666666667,92.33333333333333,91.0,91.66666666666667,91.33333333333333,91.0,91.33333333333333,92.66666666666667,91.33333333333333,88.0,86.33333333333333,81.66666666666667,74.66666666666667,68.66666666666667,73.66666666666667,67.66666666666667,71.66666666666667,79.33333333333333,77.0
97,29.666666666666668,43.0,43.666666666666664,38.666666666666664,34.666666666666664,39.666666666666664,50.666666666666664,59.333333333333336,68.66666666666667,76.33333333333333,78.0,80.0,85.33333333333333,87.66666666666667,87.33333333333333,89.0,89.33333333333333,90.66666666666667,94.33333333333333,94.66666666666667,97.66666666666667,96.66666666666667,96.66666666666667,98.33333333333333
98,91.33333333333333,89.0,89.0,94.66666666666667,85.0,82.66666666666667,85.0,86.0,85.33333333333333,84.0,90.66666666666667,85.33333333333333,82.0,78.66666666666667,86.33333333333333,85.33333333333333,80.0,75.0,66.33333333333333,63.333333333333336,65.0,67.66666666666667,77.0,78.0
99,19.0,23.0,26.0,28.0,36.0,38.0,44.0,46.0,48.0,48.0,50.0,52.0,48.0,59.0,61.0,61.0,52.0,36.0,34.0,30.0,28.0,36.0,38.0,38.0
100,84.33333333333333,87.0,88.0,86.66666666666667,84.66666666666667,87.0,85.66666666666667,84.33333333333333,84.33333333333333,85.66666666666667,85.66666666666667,87.0,85.33333333333333,84.33333333333333,81.0,77.66666666666667,74.33333333333333,76.0,73.0,74.33333333333333,74.0,74.33333333333333,79.33333333333333,82.66666666666667
101,93.0,95.0,93.0,92.0,93.0,92.0,93.0,93.0,93.0,92.0,92.0,93.0,94.0,93.0,94.0,94.0,91.0,76.0,75.0,69.0,65.0,64.0,68.0,71.0
102,90.66666666666667,92.0,92.33333333333333,94.33333333333333,93.33333333333333,93.33333333333333,92.0,93.66666666666667,92.33333333333333,91.66666666666667,92.33333333333333,92.0,92.0,91.0,90.33333333333333,87.33333333333333,86.33333333333333,82.33333333333333,82.0,82.0,79.33333333333333,71.66666666666667,72.33333333333333,75.0
103,84.0,86.0,84.0,83.0,82.0,85.0,84.0,82.0,81.0,80.0,78.0,78.0,78.0,90.0,82.0,72.0,68.0,68.0,65.0,64.0,64.0,67.0,68.0,64.0
104,92.0,94.0,87.0,85.0,83.0,81.0,80.0,77.0,75.0,73.0,80.0,82.0,81.0,74.0,71.0,71.0,71.0,67.0,62.0,58.0,59.0,59.0,64.0,65.0
105,92.66666666666667,93.33333333333333,93.33333333333333,92.0,92.33333333333333,89.66666666666667,88.66666666666667,89.66666666666667,88.33333333333333,86.66666666666667,85.33333333333333,84.0,85.33333333333333,85.33333333333333,83.33333333333333,80.0,73.0,75.33333333333333,81.33333333333333,77.66666666666667,72.0,67.0,63.666666666666664,62.333333333333336
106,93.0,92.0,93.0,93.0,93.0,91.0,86.0,89.0,88.0,82.0,89.0,89.0,87.0,84.0,81.0,81.0,79.0,76.0,78.0,67.0,65.0,60.0,64.0,64.0
107,86.0,90.0,89.0,90.0,91.0,91.0,91.0,87.0,87.0,88.0,86.0,86.0,86.0,83.0,81.0,77.0,76.0,78.0,78.0,79.0,79.0,78.0,77.0,79.0
108,85.0,69.0,68.0,79.0,79.0,73.0,70.0,68.0,71.0,74.0,81.0,86.0,76.0,74.0,71.0,83.0,74.0,79.0,73.0,75.0,64.0,77.0,66.0,65.0
109,86.0,85.0,83.0,85.0,83.0,78.0,70.0,82.0,92.0,85.0,79.0,74.0,68.0,65.0,69.0,68.0,68.0,69.0,85.0,88.0,93.0,83.0,86.0,73.0
110,87.0,93.0,87.0,84.66666666666667,84.0,85.33333333333333,85.0,83.33333333333333,82.0,80.66666666666667,80.0,79.66666666666667,81.0,93.0,93.0,81.0,80.0,65.0,70.0,65.0,60.0,65.0,70.0,64.0
111,95.0,91.0,91.0,92.0,92.0,91.0,89.0,89.0,88.0,87.0,85.0,86.0,88.0,88.0,76.0,74.0,74.0,71.0,71.0,70.0,70.0,73.0,76.0,78.0
112,93.0,93.0,87.0,93.0,93.0,87.0,87.0,87.0,87.0,87.0,81.0,93.0,75.0,65.0,65.0,65.0,65.0,70.0,61.0,70.0,70.0,60.0,52.0,56.0
113,85.0,83.0,84.0,79.0,76.66666666666667,74.33333333333333,78.33333333333333,80.0,75.0,75.66666666666667,72.66666666666667,71.33333333333333,71.33333333333333,74.33333333333333,70.0,70.0,73.33333333333333,70.0,61.333333333333336,58.333333333333336,60.0,61.0,66.66666666666667,64.33333333333333
114,81.0,78.0,81.0,83.0,84.0,80.0,73.0,74.0,75.0,75.0,72.0,68.0,73.0,70.0,90.0,93.0,76.0,75.0,75.0,65.0,66.0,67.0,68.0,70.0
115,78.0,98.66666666666667,99.33333333333333,86.0,97.33333333333333,96.66666666666667,88.0,96.66666666666667,95.0,90.0,90.0,85.33333333333333,90.0,89.66666666666667,80.66666666666667,89.0,78.33333333333333,75.0,82.0,67.33333333333333,70.0,72.0,80.33333333333333,83.33333333333333
116,88.66666666666667,88.0,85.66666666666667,86.33333333333333,86.33333333333333,84.0,79.33333333333333,75.66666666666667,76.66666666666667,78.66666666666667,77.66666666666667,74.66666666666667,78.33333333333333,77.66666666666667,82.66666666666667,83.0,76.33333333333333,74.0,71.0,63.333333333333336,66.66666666666667,68.66666666666667,72.0,73.33333333333333
117,81.0,85.0,83.0,83.0,84.0,78.0,78.0,79.0,76.0,80.0,85.0,82.0,84.0,80.0,81.0,83.0,79.0,72.0,69.0,66.0,63.0,65.0,60.0,69.0
118,95.33333333333333,93.0,94.0,94.0,93.66666666666667,92.66666666666667,92.33333333333333,92.33333333333333,92.33333333333333,92.33333333333333,91.0,89.0,84.0,74.0,73.0,69.66666666666667,68.33333333333333,64.66666666666667,70.0,74.0,76.0,82.66666666666667,77.66666666666667,73.0
119,84.0,84.0,82.0,83.0,86.0,86.0,87.0,81.0,70.0,73.0,75.0,67.0,75.0,76.0,86.0,74.0,72.0,72.0,65.0,68.0,65.0,60.0,71.0,71.0
120,82.0,87.33333333333333,84.66666666666667,85.0,75.33333333333333,69.66666666666667,73.0,66.33333333333333,75.0,71.33333333333333,69.66666666666667,74.33333333333333,67.33333333333333,80.33333333333333,73.66666666666667,69.44444444444444,61.333333333333336,59.333333333333336,59.77777777777778,60.0,68.0,66.1111111111111,65.0,62.666666666666664
121,92.33333333333333,90.66666666666667,89.66666666666667,87.66666666666667,88.66666666666667,88.33333333333333,89.0,89.66666666666667,89.33333333333333,88.66666666666667,85.66666666666667,83.0,77.66666666666667,78.66666666666667,74.33333333333333,66.33333333333333,63.666666666666664,67.0,75.0,80.33333333333333,75.33333333333333,72.66666666666667,68.0,68.66666666666667
122,82.0,83.0,81.33333333333333,83.0,75.33333333333333,70.33333333333333,73.0,68.33333333333333,73.0,80.0,74.33333333333333,77.33333333333333,72.0,77.33333333333333,73.33333333333333,70.33333333333333,65.66666666666667,61.666666666666664,61.333333333333336,62.0,65.33333333333333,64.33333333333333,64.33333333333333,65.66666666666667
123,97.0,97.0,97.0,97.0,94.0,94.0,95.0,95.0,94.0,95.0,91.0,94.0,95.0,88.0,86.0,87.0,78.0,71.0,75.0,71.0,75.0,79.0,75.0,75.0
124,86.0,85.0,84.0,83.0,85.0,81.0,75.0,71.0,72.0,80.0,87.0,76.0,69.0,75.0,81.0,67.0,75.0,94.0,86.0,81.0,87.0,74.0,70.0,73.0
125,94.0,92.0,90.0,92.0,92.0,93.0,92.0,90.0,88.0,88.0,89.0,87.0,92.0,94.0,82.0,74.0,74.0,69.0,66.0,69.0,72.0,73.0,75.0,77.0
126,79.0,80.0,80.0,84.0,81.0,82.0,76.0,81.0,81.0,81.0,80.0,69.0,71.0,75.0,66.0,61.0,60.0,60.0,62.0,62.0,66.0,68.0,75.0,79.0
127,96.0,94.0,95.0,93.0,92.0,92.0,92.0,92.0,90.0,91.0,92.0,93.0,92.0,90.0,83.0,76.0,89.0,84.0,73.0,68.0,66.0,65.0,67.0,63.0
128,77.0,78.0,77.0,80.0,81.0,79.0,78.0,78.0,80.0,78.0,75.0,74.0,73.0,67.0,63.0,61.0,60.0,60.0,64.0,66.0,64.0,68.0,75.0,81.0
129,92.0,87.0,86.0,88.0,85.0,86.0,83.0,84.0,87.0,77.0,77.0,80.0,81.0,83.0,79.0,72.0,68.0,67.0,63.0,66.0,70.0,72.0,74.0,77.0
130,93.0,92.0,89.0,91.0,92.0,91.0,85.0,76.0,80.0,88.0,81.0,74.0,81.0,89.0,87.0,85.0,82.0,80.0,76.0,67.0,75.0,80.0,84.0,85.0
131,94.0,94.0,94.0,94.0,94.0,94.0,94.0,94.0,94.0,92.0,93.0,94.0,94.0,94.0,95.0,93.0,82.0,81.0,81.0,85.0,86.0,82.0,83.0,85.0
132,91.0,92.0,93.0,93.0,93.0,93.0,92.0,93.0,90.0,93.0,88.0,90.0,88.0,86.0,84.0,80.0,77.0,74.0,74.0,75.0,77.0,79.0,78.0,77.0
133,93.0,94.0,93.0,92.0,93.0,92.0,93.0,88.0,84.0,83.0,91.0,86.0,85.0,80.0,76.0,81.0,77.0,74.0,78.0,75.0,82.0,80.0,85.0,88.0
134,92.0,89.0,89.0,88.0,92.0,89.0,88.0,85.0,82.0,84.0,84.0,90.0,87.0,74.0,74.0,74.0,71.0,72.0,72.0,81.0,75.0,80.0,77.0,82.0
135,98.33333333333333,98.0,97.0,95.33333333333333,93.66666666666667,93.33333333333333,93.33333333333333,94.0,91.0,91.33333333333333,89.33333333333333,91.66666666666667,92.0,93.33333333333333,91.66666666666667,90.66666666666667,85.66666666666667,84.33333333333333,86.66666666666667,82.0,81.66666666666667,73.33333333333333,71.66666666666667,69.66666666666667
136,91.0,91.0,90.0,90.0,90.0,90.0,89.0,91.0,90.0,89.0,89.0,89.0,91.0,90.0,83.0,82.0,82.0,81.0,72.0,64.0,63.0,64.0,71.0,68.0
137,94.0,95.0,96.0,94.0,94.0,88.0,87.0,88.0,87.0,84.0,84.0,81.0,84.0,85.0,84.0,77.0,71.0,74.0,88.0,86.0,77.0,72.0,65.0,63.0
138,94.0,94.0,94.0,94.0,93.0,91.0,91.0,92.0,93.0,91.0,90.0,86.0,88.0,89.0,88.0,85.0,85.0,88.0,92.0,85.0,87.0,82.0,68.0,67.0
139,95.0,96.0,96.0,96.0,97.0,98.0,96.0,97.0,97.0,98.0,99.0,98.0,98.0,97.0,96.0,95.0,95.0,94.0,96.0,97.0,97.0,97.0,98.0,95.0
140,95.0,94.0,94.0,95.0,95.0,96.0,96.0,96.0,96.0,97.0,96.0,97.0,97.0,97.0,96.0,93.0,91.0,81.0,75.0,68.0,77.0,79.0,77.0,82.0
141,93.0,93.0,94.0,94.0,91.0,92.0,90.0,90.0,86.0,85.0,84.0,88.0,86.0,85.0,84.0,80.0,80.0,87.0,78.0,76.0,64.0,64.0,65.0,57.0
142,97.0,97.0,89.0,96.0,96.0,95.0,94.0,94.0,93.0,93.0,100.0,93.0,93.0,93.0,90.0,86.0,87.0,79.0,71.0,68.0,71.0,70.0,73.0,74.0
143,88.0,88.0,91.0,91.0,91.0,91.0,90.0,89.0,89.0,90.0,89.0,90.0,90.0,88.0,85.0,84.0,82.0,81.0,84.0,83.0,82.0,84.0,85.0,89.0
144,83.0,85.0,87.0,89.0,89.0,90.0,89.0,86.0,84.0,87.0,83.0,84.0,84.0,82.0,79.0,73.0,71.0,66.0,68.0,71.0,73.0,74.0,58.0,60.0
145,97.0,97.0,97.0,97.0,97.0,97.0,97.0,97.0,97.0,97.0,97.0,97.0,97.0,97.0,95.0,95.0,95.0,95.0,94.0,94.0,95.0,88.0,90.0,90.0
146,93.0,92.0,93.0,94.0,95.0,95.0,93.0,89.0,89.0,89.0,88.0,87.0,93.0,91.0,89.0,88.0,82.0,77.0,77.0,78.0,71.0,76.0,86.0,83.0
147,96.0,96.0,96.0,97.0,97.0,99.0,97.0,97.0,98.0,97.0,98.0,98.0,98.0,97.0,97.0,95.0,88.0,84.0,83.0,80.0,82.0,81.0,73.0,74.0
148,100.0,93.0,100.0,94.33333333333333,94.0,93.33333333333333,93.0,93.66666666666667,94.33333333333333,94.0,93.66666666666667,95.0,93.0,93.0,93.0,93.0,93.0,80.0,69.0,69.0,69.0,69.0,74.0,74.0
149,87.66666666666667,89.66666666666667,90.0,91.0,91.33333333333333,91.66666666666667,91.33333333333333,89.0,88.33333333333333,89.0,87.33333333333333,88.0,88.0,86.33333333333333,85.0,81.0,76.33333333333333,75.0,75.66666666666667,78.33333333333333,79.33333333333333,78.0,72.66666666666667,74.66666666666667
150,81.0,81.0,83.0,81.0,82.0,82.0,82.0,81.0,82.0,77.0,70.0,69.0,70.0,66.0,68.0,64.0,68.0,69.0,72.0,70.0,73.0,68.0,63.0,63.0
151,83.0,85.0,87.0,88.0,88.0,87.0,86.0,85.0,78.0,82.0,78.0,75.0,80.0,67.0,70.0,67.0,66.0,66.0,68.0,72.0,63.0,63.0,64.0,65.0
152,88.0,89.0,86.0,85.0,85.0,85.0,86.0,84.0,83.0,82.0,81.0,81.0,81.0,86.0,80.0,77.0,69.0,67.0,70.0,68.0,66.0,68.0,73.0,70.0
153,92.0,90.0,86.0,87.0,83.0,80.0,82.0,84.0,87.0,82.0,88.0,85.0,91.0,100.0,83.0,82.0,82.0,73.0,88.0,87.0,89.0,80.0,85.0,77.0
154,89.0,87.33333333333333,86.0,86.0,88.66666666666667,84.0,78.33333333333333,72.33333333333333,75.33333333333333,85.0,82.66666666666667,74.33333333333333,73.33333333333333,80.33333333333333,82.33333333333333,74.0,81.66666666666667,83.66666666666667,77.66666666666667,73.33333333333333,74.33333333333333,72.66666666666667,73.66666666666667,75.66666666666667
155,84.0,81.0,79.0,81.0,82.0,83.0,82.0,81.0,77.0,78.0,78.0,77.0,86.0,77.0,76.0,63.0,64.0,61.0,58.0,61.0,64.0,62.0,62.0,63.0
156,74.0,75.0,73.0,74.0,71.0,86.0,68.0,66.0,57.0,63.0,59.0,78.0,80.0,80.0,75.0,76.0,67.0,77.0,72.0,73.0,64.0,65.0,59.0,56.0
157,79.0,79.0,79.0,84.0,77.0,71.0,69.0,74.0,74.0,81.0,84.0,79.0,78.0,76.0,75.0,74.0,74.0,66.0,67.0,66.0,65.0,69.0,67.0,70.0
158,87.0,86.0,83.0,82.0,78.0,76.0,75.0,80.0,73.0,74.0,74.0,71.0,71.0,71.0,66.0,66.0,61.0,61.0,60.0,60.0,53.0,55.0,53.0,59.0
159,80.0,80.0,78.0,77.0,75.0,78.0,79.0,79.0,77.0,74.0,72.0,71.0,71.0,71.0,66.0,67.0,68.0,68.0,58.0,60.0,64.0,60.0,64.0,60.0
160,78.0,78.0,76.0,76.0,76.0,77.0,77.0,75.0,74.0,70.0,65.0,65.0,69.0,71.0,74.0,77.0,73.0,63.0,65.0,65.0,67.0,69.0,71.0,72.0
161,80.0,75.0,77.0,76.0,72.0,72.0,77.0,76.0,66.0,71.0,75.0,71.0,69.0,73.0,74.0,78.0,68.0,66.0,64.0,64.0,63.0,66.0,68.0,70.0
162,86.0,83.66666666666667,82.33333333333333,84.66666666666667,83.66666666666667,82.0,81.0,80.33333333333333,81.66666666666667,80.0,78.0,78.33333333333333,79.0,78.0,73.33333333333333,69.0,65.33333333333333,65.33333333333333,65.33333333333333,66.33333333333333,68.0,71.33333333333333,76.0,80.0
163,83.0,81.66666666666667,81.33333333333333,83.66666666666667,83.0,82.66666666666667,80.33333333333333,82.0,82.66666666666667,82.0,80.66666666666667,76.66666666666667,77.0,76.33333333333333,72.0,69.66666666666667,67.0,65.0,63.666666666666664,67.66666666666667,68.33333333333333,70.33333333333333,79.0,82.33333333333333
164,91.0,93.0,93.0,93.0,94.0,93.0,93.0,93.0,93.0,93.0,94.0,93.0,94.0,94.0,93.0,88.0,87.0,87.0,85.0,84.0,86.0,89.0,88.0,84.0
165,86.0,89.0,90.0,89.0,87.0,84.0,83.0,83.0,79.0,81.0,81.0,87.0,72.0,68.0,64.0,62.0,65.0,63.0,60.0,66.0,67.0,54.0,50.0,54.0
166,94.0,94.0,94.0,94.0,94.0,92.0,90.0,91.0,90.0,91.0,88.0,89.0,88.0,88.0,85.0,84.0,78.0,76.0,77.0,71.0,64.0,60.0,64.0,63.0
167,87.0,84.66666666666667,85.66666666666667,85.0,84.0,84.0,85.0,83.33333333333333,79.33333333333333,79.66666666666667,80.0,79.66666666666667,81.33333333333333,82.0,79.66666666666667,76.66666666666667,70.0,69.33333333333333,67.66666666666667,66.66666666666667,71.33333333333333,74.66666666666667,76.0,77.66666666666667
168,88.0,85.0,85.0,84.0,89.0,80.0,75.0,70.0,74.0,87.0,80.0,73.0,70.0,77.0,79.0,70.0,88.0,77.0,71.0,72.66666666666667,61.0,64.0,67.0,69.0
169,81.0,81.0,81.0,82.0,81.0,79.0,78.0,79.0,81.0,77.0,72.0,73.0,73.0,73.0,70.0,69.0,69.0,62.0,64.0,70.0,72.0,73.0,74.0,82.0
170,87.0,86.0,87.0,86.0,87.0,86.0,86.0,84.0,83.0,81.0,80.0,80.0,80.0,85.0,83.0,78.0,70.0,70.0,69.0,65.0,72.0,73.0,78.0,81.0
171,93.0,93.0,93.33333333333333,94.66666666666667,94.66666666666667,95.33333333333333,93.0,92.66666666666667,94.0,93.0,94.0,93.66666666666667,93.33333333333333,92.33333333333333,91.66666666666667,88.33333333333333,84.66666666666667,81.66666666666667,81.0,80.0,82.0,75.0,72.0,73.0
172,94.0,94.0,93.0,93.0,92.0,92.0,92.0,92.0,91.0,94.0,93.0,92.0,93.0,87.0,85.0,84.0,80.0,77.0,76.0,74.0,76.0,76.0,83.0,84.0
173,86.0,89.0,87.0,90.0,89.0,90.0,90.0,89.0,89.0,91.0,92.0,90.0,90.0,90.0,76.0,72.0,73.0,66.0,71.0,70.0,72.0,74.0,91.0,90.0
174,48.0,55.666666666666664,61.333333333333336,67.33333333333333,75.0,78.33333333333333,82.33333333333333,84.0,79.33333333333333,77.66666666666667,80.0,81.66666666666667,86.33333333333333,88.0,85.66666666666667,85.33333333333333,82.66666666666667,85.33333333333333,85.66666666666667,79.66666666666667,80.33333333333333,80.33333333333333,88.0,90.33333333333333
175,96.0,100.0,93.0,96.0,93.0,93.0,93.0,93.0,93.0,95.0,93.0,93.0,90.0,86.0,93.0,90.0,86.0,86.0,83.0,86.0,100.0,94.0,100.0,93.0
176,94.0,96.0,96.0,93.0,96.0,96.0,90.0,90.0,92.0,98.0,88.0,87.0,89.0,86.0,87.0,87.0,84.0,79.0,76.0,79.0,95.0,95.0,90.0,89.0
177,90.0,91.0,90.0,88.0,89.0,89.0,89.0,90.0,88.0,85.0,84.0,82.0,84.0,83.0,81.0,79.0,70.0,76.0,79.0,76.0,75.0,69.0,62.0,61.0
178,95.0,95.0,95.0,95.0,95.0,95.0,96.0,98.0,96.0,95.0,94.0,93.0,92.0,93.0,92.0,92.0,92.0,94.0,94.0,90.0,93.0,93.0,81.0,72.0
179,92.0,92.0,93.0,93.0,93.0,93.0,93.0,93.0,94.0,93.0,93.0,93.0,93.0,91.0,89.0,87.0,84.0,84.0,83.0,84.0,80.0,72.0,73.0,74.0
180,97.33333333333333,98.33333333333333,98.33333333333333,97.0,97.0,96.66666666666667,94.66666666666667,95.0,95.33333333333333,98.0,92.0,91.33333333333333,90.33333333333333,89.0,90.0,89.0,85.33333333333333,83.33333333333333,84.0,88.0,94.33333333333333,97.66666666666667,91.66666666666667,89.0
181,93.0,93.0,87.0,81.0,87.0,81.0,81.0,80.0,80.0,78.0,78.0,81.0,75.0,75.0,75.0,65.0,65.0,70.0,70.0,75.0,75.0,75.0,64.0,64.0
182,88.0,86.0,87.0,87.0,88.0,89.0,89.0,87.0,84.0,78.0,77.0,79.0,88.0,80.0,68.0,69.0,72.0,72.0,73.0,78.0,64.0,61.0,64.0,63.0
183,93.0,86.0,93.0,90.0,93.0,93.0,86.0,86.0,86.0,84.0,86.0,86.0,86.0,86.0,75.0,73.0,69.0,64.0,69.0,74.0,80.0,80.0,80.0,86.0
184,88.0,89.0,90.0,91.0,91.0,90.0,89.0,87.0,85.0,85.0,82.0,85.0,79.0,72.0,70.0,68.0,71.0,70.0,66.0,64.0,68.0,59.0,57.0,62.0
185,98.0,93.0,100.0,95.0,100.0,100.0,95.0,93.0,100.0,95.0,100.0,100.0,96.0,80.0,74.0,75.0,69.0,69.0,69.0,64.0,63.0,62.0,63.0,68.0
186,92.0,93.0,92.0,91.0,91.0,90.0,90.0,89.0,84.0,83.0,81.0,83.0,84.0,83.0,83.0,78.0,78.0,84.0,80.0,78.0,73.0,69.0,63.0,63.0
187,95.0,95.0,95.0,95.0,93.0,92.0,91.0,93.0,94.0,94.0,94.0,95.0,96.0,95.0,96.0,96.0,92.0,80.0,78.0,72.0,69.0,65.0,71.0,72.0
188,93.0,87.0,93.0,92.0,93.0,93.0,91.0,93.0,87.0,78.0,87.0,93.0,94.0,75.0,80.0,76.0,86.0,86.0,76.0,69.0,64.0,72.0,74.0,80.0
189,93.0,93.0,100.0,100.0,87.0,100.0,93.0,93.0,86.0,86.0,93.0,75.0,86.0,80.0,80.0,74.0,74.0,69.0,74.0,68.0,68.0,63.0,74.0,74.0
190,96.0,97.0,98.0,97.0,93.0,94.0,96.0,98.0,98.0,97.0,88.0,80.0,80.0,83.0,86.0,84.0,81.0,91.0,85.0,85.0,84.0,87.0,88.0,90.0
191,87.0,88.0,85.0,85.0,82.66666666666667,86.66666666666667,77.66666666666667,74.66666666666667,70.0,71.66666666666667,73.0,79.33333333333333,80.66666666666667,78.66666666666667,72.33333333333333,71.33333333333333,68.0,69.0,64.66666666666667,64.0,62.0,61.0,64.66666666666667,67.0
192,82.0,92.0,89.0,86.0,77.0,69.0,73.0,68.0,80.0,67.0,70.0,70.0,65.0,85.0,76.0,69.0,61.0,59.0,59.0,60.0,73.0,67.0,69.0,61.0
193,87.0,87.0,87.0,87.0,87.0,81.0,81.0,81.0,81.0,81.0,81.0,81.0,75.0,75.0,70.0,70.0,65.0,70.0,70.0,81.0,75.0,70.0,75.0,75.0
194,93.0,93.0,100.0,100.0,93.0,93.0,87.0,87.0,87.0,87.0,93.0,86.0,80.0,69.0,69.0,75.0,70.0,70.0,75.0,69.0,64.0,69.0,80.0,74.0
195,88.0,88.0,87.0,87.0,87.0,88.0,89.0,89.0,84.0,73.0,73.0,85.0,86.0,81.0,81.0,76.0,87.0,74.0,63.0,62.0,63.0,60.0,63.0,71.0
196,94.66666666666667,95.0,95.33333333333333,95.33333333333333,93.0,93.0,92.66666666666667,95.33333333333333,94.33333333333333,95.33333333333333,93.66666666666667,94.33333333333333,91.33333333333333,90.66666666666667,90.0,86.66666666666667,88.0,87.0,86.33333333333333,86.0,87.0,89.33333333333333,88.66666666666667,87.0
197,98.0,98.0,97.0,97.0,97.0,95.0,92.0,91.0,93.0,92.0,75.0,78.0,90.0,81.0,80.0,78.0,76.0,74.0,72.0,69.0,69.0,69.0,75.0,90.0
198,84.33333333333333,87.0,88.0,86.66666666666667,84.66666666666667,87.0,85.66666666666667,84.33333333333333,84.33333333333333,85.66666666666667,85.66666666666667,87.0,85.33333333333333,84.33333333333333,81.0,77.66666666666667,74.33333333333333,76.0,73.0,74.33333333333333,74.0,74.33333333333333,79.33333333333333,82.66666666666667
199,88.0,88.0,87.0,86.0,85.0,83.0,83.0,83.0,81.0,80.0,79.0,82.0,78.0,73.0,71.0,68.0,65.0,64.0,70.0,71.0,75.0,72.0,76.0,75.0
200,96.0,95.0,95.0,92.0,92.0,90.0,89.0,91.0,85.0,86.0,84.0,88.0,88.0,89.0,87.0,86.0,86.0,89.0,82.0,79.0,86.0,71.0,69.0,66.0
201,94.0,96.0,97.0,98.0,99.0,99.0,99.0,97.0,97.0,94.0,92.0,93.0,92.0,92.0,92.0,91.0,89.0,87.0,83.0,84.0,87.0,88.0,65.0,63.0
202,91.0,91.0,91.0,93.0,92.0,93.0,90.0,89.0,91.0,90.0,91.0,91.0,90.0,89.0,88.0,84.0,82.0,80.0,79.0,78.0,81.0,70.0,69.0,74.0
203,89.0,93.0,93.0,96.0,93.0,93.0,94.0,100.0,93.0,93.0,93.0,93.0,94.0,93.0,93.0,92.0,93.0,86.0,86.0,86.0,74.0,71.0,74.0,80.0
204,94.0,93.33333333333333,94.33333333333333,94.0,94.0,94.33333333333333,94.0,94.33333333333333,94.0,94.0,94.0,93.33333333333333,91.33333333333333,94.0,91.0,88.0,83.66666666666667,81.33333333333333,78.66666666666667,71.0,68.66666666666667,66.0,68.0,73.33333333333333
205,94.0,94.0,94.0,91.0,90.0,90.0,89.0,89.0,90.0,89.0,90.0,90.0,92.0,90.0,82.0,78.0,70.0,67.0,60.0,74.0,63.0,70.0,78.0,74.0
206,95.66666666666667,93.0,95.66666666666667,93.66666666666667,93.66666666666667,93.66666666666667,92.33333333333333,91.0,91.66666666666667,91.33333333333333,91.0,91.33333333333333,92.66666666666667,91.33333333333333,88.0,86.33333333333333,81.66666666666667,74.66666666666667,68.66666666666667,73.66666666666667,67.66666666666667,71.66666666666667,79.33333333333333,77.0
207,88.0,89.0,89.0,88.0,87.0,87.0,86.0,87.0,87.0,86.0,85.0,84.0,83.0,85.0,82.0,79.0,78.0,77.0,73.0,69.0,66.0,57.0,62.0,61.0
208,92.0,94.0,94.0,95.0,94.0,94.0,93.0,94.0,94.0,93.0,92.0,93.0,94.0,88.0,87.0,84.0,87.0,85.0,80.0,79.0,66.0,69.0,74.0,73.0
209,95.0,95.0,94.0,100.0,93.0,92.0,84.0,81.0,78.0,79.0,79.0,76.0,81.0,82.0,72.0,67.0,66.0,65.0,60.0,64.0,63.0,61.0,71.0,74.0
210,99.0,100.0,100.0,100.0,100.0,100.0,100.0,100.0,98.0,91.0,95.0,88.0,87.0,91.0,82.0,77.0,81.0,77.0,76.0,70.0,72.0,73.0,83.0,85.0
211,87.0,87.0,87.0,81.0,81.0,75.0,76.33333333333333,78.0,75.33333333333333,80.0,74.0,74.0,74.0,80.0,74.0,74.0,80.0,74.0,64.0,59.0,59.0,64.0,74.0,69.0
212,94.0,96.0,92.0,90.0,93.0,84.0,80.0,81.0,82.0,81.0,78.0,77.0,77.0,77.0,73.0,70.0,67.0,64.0,64.0,62.0,61.0,65.0,67.0,60.0
213,92.0,91.0,92.0,93.0,90.0,88.0,89.0,87.0,87.0,88.0,89.0,89.0,87.0,85.0,89.0,84.0,76.0,76.0,74.0,77.0,69.0,86.0,77.0,79.0
214,84.0,86.0,83.0,81.0,81.0,82.0,82.0,79.0,78.0,77.0,73.0,73.0,74.0,77.0,85.0,83.0,70.0,70.0,74.0,72.0,73.0,72.0,69.0,78.0
215,81.0,78.0,76.0,75.0,72.0,71.0,77.0,63.0,65.0,65.0,69.0,83.0,73.0,71.0,69.0,68.0,62.0,60.0,58.0,60.0,58.0,57.0,57.0,66.0
216,87.0,85.0,85.0,82.0,84.0,85.0,86.0,87.0,87.0,85.0,82.0,78.0,72.0,76.0,74.0,65.0,63.0,68.0,71.0,74.0,73.0,70.0,65.0,66.0
217,51.666666666666664,60.0,65.66666666666667,65.66666666666667,70.66666666666667,74.0,75.66666666666667,92.0,78.66666666666667,81.0,81.66666666666667,80.33333333333333,77.33333333333333,86.33333333333333,84.33333333333333,81.33333333333333,81.66666666666667,73.0,62.666666666666664,53.666666666666664,48.666666666666664,55.0,54.0,54.333333333333336
218,26.333333333333332,35.666666666666664,39.333333333333336,41.666666666666664,47.333333333333336,47.0,50.0,55.0,52.0,53.0,57.0,62.0,63.333333333333336,71.0,74.0,68.66666666666667,79.66666666666667,74.33333333333333,60.333333333333336,45.333333333333336,36.0,34.0,26.333333333333332,27.666666666666668
219,19.333333333333332,21.0,27.666666666666668,33.666666666666664,37.0,39.333333333333336,44.0,42.666666666666664,46.333333333333336,54.333333333333336,49.666666666666664,54.333333333333336,61.0,57.333333333333336,56.333333333333336,59.0,36.0,25.666666666666668,24.666666666666668,19.333333333333332,17.0,17.0,18.333333333333332,18.0
220,41.0,54.0,66.0,76.0,81.0,81.0,87.0,87.0,87.0,87.0,93.0,93.0,93.0,93.0,100.0,94.0,77.0,60.0,50.0,44.0,41.0,41.0,47.0,50.0
221,86.0,86.0,88.0,92.0,94.0,93.0,92.0,93.0,93.0,94.0,95.0,96.0,96.0,97.0,94.0,96.0,99.0,99.0,96.0,95.0,96.0,96.0,96.0,97.0
222,92.0,93.0,94.0,94.0,95.0,96.0,96.0,96.0,93.0,91.0,94.0,94.0,96.0,96.0,96.0,92.0,87.0,88.0,94.0,95.0,94.0,95.0,98.0,98.0
223,98.0,98.0,97.0,98.0,96.0,95.0,96.0,96.0,95.0,96.0,94.0,96.0,97.0,97.0,99.0,96.0,77.0,66.0,64.0,53.0,55.0,76.0,86.0,91.0
224,79.0,89.0,91.0,97.0,96.0,97.0,96.0,97.0,99.0,96.0,96.0,97.0,98.0,98.0,97.0,88.0,76.0,65.0,59.0,54.0,48.0,47.0,50.0,60.0
225,72.0,72.0,72.0,69.0,82.0,82.0,78.0,72.0,78.0,76.0,75.0,75.0,72.0,66.0,85.0,66.0,66.0,69.0,69.0,81.0,65.0,65.0,55.0,57.0
226,70.0,73.0,74.0,66.0,67.0,66.0,67.0,66.0,61.0,61.0,64.0,63.0,64.0,66.0,66.0,62.0,66.0,65.0,73.0,85.0,75.0,70.0,65.0,59.0
227,68.0,71.0,73.0,76.0,79.0,79.0,81.0,84.0,84.0,81.0,84.0,87.0,87.0,87.0,78.0,73.0,74.0,69.0,67.0,64.0,67.0,67.0,69.0,66.0
228,75.0,78.0,80.0,84.0,84.0,84.0,87.0,87.0,90.0,90.0,90.0,93.0,93.0,86.0,79.0,68.0,58.0,52.0,52.0,52.0,56.0,58.0,62.0,61.0
229,78.0,75.0,80.0,80.0,83.0,86.0,83.0,77.0,74.0,74.0,77.0,80.0,80.0,74.0,67.0,61.0,59.0,60.0,58.0,50.0,50.0,53.0,53.0,59.0
230,66.0,77.0,83.0,83.0,83.0,89.0,89.0,86.0,80.0,86.0,83.0,80.0,80.0,77.0,72.0,65.0,57.0,55.0,53.0,48.0,50.0,48.0,55.0,63.0
231,90.0,86.0,93.0,93.0,89.0,86.0,92.0,93.0,93.0,93.0,89.0,92.0,93.0,82.0,74.0,60.0,52.0,50.0,52.0,47.0,42.0,44.0,52.0,78.0
232,80.0,89.0,89.0,96.0,92.0,96.0,93.0,97.0,97.0,96.0,93.0,96.0,92.0,96.0,83.0,66.0,58.0,56.0,52.0,49.0,52.0,44.0,50.0,72.0
233,80.0,83.0,86.0,86.0,86.0,89.0,93.0,93.0,96.0,96.0,96.0,89.0,96.0,93.0,77.0,64.0,55.0,56.0,47.0,57.0,57.0,63.0,65.0,75.0
234,88.0,92.0,89.33333333333333,89.66666666666667,94.33333333333333,94.0,93.0,93.0,94.0,94.0,94.0,92.0,93.0,93.0,81.0,68.0,55.0,53.0,50.0,48.0,46.0,48.0,68.0,86.0
235,71.33333333333333,73.66666666666667,75.66666666666667,74.0,72.0,75.33333333333333,77.66666666666667,79.66666666666667,79.66666666666667,80.33333333333333,81.66666666666667,80.66666666666667,79.66666666666667,71.66666666666667,65.66666666666667,61.666666666666664,63.666666666666664,60.333333333333336,53.0,47.666666666666664,47.333333333333336,49.666666666666664,50.0,64.0
236,69.0,72.0,74.0,74.0,72.0,77.0,74.0,77.0,80.0,77.0,77.0,77.0,74.0,68.0,57.0,58.0,54.0,49.0,42.0,40.0,41.0,49.0,42.0,56.0
237,91.0,94.0,94.0,95.0,97.0,94.0,95.0,98.0,95.0,96.0,96.0,94.0,95.0,95.0,82.0,62.0,51.0,46.0,41.0,38.0,38.0,40.0,52.0,77.0
238,90.0,90.0,90.0,91.0,90.0,90.0,90.0,90.0,91.0,90.0,91.0,91.0,90.0,91.0,90.0,73.0,54.0,42.0,33.0,31.0,30.0,30.0,41.0,85.0
239,82.0,89.0,93.0,93.0,92.0,96.0,96.0,96.0,92.0,96.0,92.0,92.0,96.0,96.0,80.0,66.0,52.0,46.0,43.0,43.0,40.0,44.0,47.0,72.0
240,89.0,89.0,93.0,92.0,92.0,92.0,92.0,92.0,92.0,92.0,96.0,96.0,96.0,96.0,93.0,74.0,51.0,42.0,38.0,38.0,38.0,46.0,69.0,89.0
241,76.0,82.0,85.0,86.0,85.0,85.0,86.0,86.0,89.0,89.0,89.0,89.0,89.0,89.0,83.0,62.0,50.0,44.0,42.0,39.0,37.0,40.0,48.0,64.0
242,86.0,93.0,96.0,96.0,93.0,97.0,93.0,96.0,96.0,96.0,96.0,96.0,96.0,92.0,82.0,69.0,53.0,44.0,40.0,37.0,34.0,37.0,44.0,69.0
243,90.0,87.0,92.0,93.0,92.0,96.0,96.0,96.0,100.0,92.0,96.0,96.0,96.0,96.0,93.0,80.0,64.0,53.0,48.0,46.0,45.0,47.0,67.0,92.0
244,63.0,68.0,74.0,76.0,82.0,79.0,86.0,86.0,79.0,86.0,86.0,86.0,89.0,86.0,76.0,68.0,55.0,46.0,41.0,38.0,40.0,38.0,44.0,57.0
245,73.0,76.0,82.0,86.0,85.0,89.0,89.0,89.0,82.0,82.0,86.0,89.0,89.0,82.0,74.0,60.0,47.0,44.0,52.0,50.0,44.0,50.0,54.0,69.0
246,76.0,82.0,82.0,86.0,88.0,89.0,89.0,89.0,90.0,89.0,89.0,92.0,91.0,89.0,74.0,62.0,47.0,42.0,48.0,45.0,44.0,46.0,53.0,63.0
247,93.0,97.0,97.0,89.0,98.66666666666667,100.0,100.0,100.0,100.0,100.0,100.0,100.0,100.0,97.66666666666667,63.0,64.0,52.0,45.0,42.0,43.0,52.0,52.0,62.0,84.0
248,77.0,86.0,86.0,89.0,92.0,96.0,97.0,96.0,96.0,96.0,96.0,96.0,92.0,93.0,83.0,66.0,54.0,45.0,43.0,42.0,40.0,42.0,46.0,60.0
249,100.0,100.0,100.0,85.66666666666667,100.0,100.0,100.0,100.0,100.0,100.0,100.0,100.0,100.0,100.0,100.0,100.0,100.0,60.0,56.0,53.0,50.0,51.0,91.0,100.0
250,76.0,85.0,89.0,92.0,96.0,96.0,100.0,96.0,96.0,92.0,96.0,96.0,96.0,96.0,92.0,77.0,62.0,52.0,45.0,40.0,37.0,40.0,45.0,55.0
251,76.0,86.0,84.0,87.0,89.0,91.0,92.0,92.0,91.0,93.0,93.0,93.0,93.0,90.0,87.0,62.0,46.0,37.0,35.0,32.0,32.0,36.0,42.0,59.0
252,76.0,82.0,89.0,89.0,92.0,92.0,96.0,92.0,96.0,96.0,96.0,92.0,92.0,96.0,89.0,74.0,49.0,39.0,41.0,40.0,41.0,40.0,46.0,62.0
253,82.0,89.33333333333333,89.0,89.33333333333333,92.66666666666667,96.33333333333333,93.33333333333333,94.66666666666667,94.66666666666667,96.0,94.66666666666667,94.66666666666667,93.33333333333333,93.33333333333333,90.33333333333333,76.0,60.333333333333336,47.333333333333336,46.0,44.0,44.333333333333336,46.333333333333336,55.333333333333336,76.33333333333333
254,81.66666666666667,89.33333333333333,89.0,88.0,92.66666666666667,96.0,94.66666666666667,94.66666666666667,96.0,97.33333333333333,96.0,94.66666666666667,94.66666666666667,96.0,91.66666666666667,73.0,54.666666666666664,43.0,43.0,42.333333333333336,44.0,45.333333333333336,52.0,72.0
255,61.0,71.0,74.0,77.0,77.0,86.0,90.0,90.0,93.0,89.0,89.0,92.0,96.0,96.0,86.0,75.0,60.0,41.0,47.0,45.0,45.0,48.0,52.0,56.0
256,67.0,82.0,76.0,76.0,82.0,87.0,87.0,82.0,82.0,82.0,93.0,82.0,82.0,77.0,67.0,59.0,49.0,52.0,59.0,63.0,63.0,68.0,77.0,82.0
257,68.33333333333333,73.33333333333333,78.0,81.0,80.0,84.0,85.33333333333333,83.33333333333333,82.66666666666667,81.33333333333333,84.0,85.66666666666667,88.0,90.33333333333333,86.33333333333333,73.33333333333333,57.0,44.666666666666664,45.333333333333336,46.0,48.333333333333336,49.666666666666664,56.666666666666664,61.666666666666664
258,86.0,89.0,89.0,89.0,89.0,89.0,89.0,89.0,89.0,89.0,89.0,88.0,88.0,88.0,86.0,76.0,64.0,54.0,43.0,37.0,39.0,40.0,54.0,72.0
259,80.0,82.0,86.0,93.0,92.0,96.0,96.0,96.0,96.0,92.0,96.0,96.0,96.0,100.0,92.0,83.0,68.0,57.0,48.0,42.0,42.0,41.0,52.0,66.0
260,75.0,84.0,89.0,91.0,91.66666666666667,92.0,95.0,96.0,97.0,97.0,97.0,97.0,97.0,97.0,95.0,80.0,69.0,65.0,55.0,57.0,58.0,58.0,59.0,67.0
261,66.0,77.0,80.0,89.0,93.0,93.0,93.0,93.0,93.0,93.0,96.0,93.0,90.0,96.0,89.0,83.0,75.0,68.0,59.0,59.0,59.0,55.0,53.0,68.0
262,64.0,74.0,77.0,77.0,86.0,83.0,89.0,89.0,89.0,90.0,89.0,90.0,89.0,89.0,86.0,81.0,70.0,59.0,51.0,53.0,49.0,53.0,55.0,67.0
263,57.0,67.0,72.0,78.0,83.0,87.0,87.0,90.0,90.0,93.0,93.0,96.0,93.0,97.0,93.0,70.0,63.0,59.0,59.0,61.0,61.0,63.0,73.0,81.0
264,58.0,62.0,66.0,69.0,80.0,77.0,86.0,97.0,100.0,100.0,100.0,100.0,100.0,97.0,96.0,90.0,80.0,63.0,57.0,51.0,55.0,53.0,57.0,63.0
265,55.0,55.0,58.0,62.0,66.0,72.0,72.0,72.0,72.0,72.0,82.0,87.0,94.0,88.0,82.0,77.0,68.0,56.0,53.0,53.0,56.0,60.0,60.0,60.0
266,64.0,80.0,74.0,74.0,77.0,83.0,80.0,82.0,86.0,82.0,89.0,93.0,97.0,97.0,93.0,86.0,75.0,65.0,63.0,55.0,50.0,42.0,44.0,54.0
267,66.0,64.0,66.0,71.0,77.0,76.0,80.0,83.0,86.0,96.0,93.0,100.0,100.0,96.0,97.0,83.0,69.0,60.0,52.0,50.0,49.0,47.0,50.0,62.0
268,38.333333333333336,45.0,50.333333333333336,52.333333333333336,55.333333333333336,54.666666666666664,56.333333333333336,58.0,64.0,66.33333333333333,69.33333333333333,74.66666666666667,77.66666666666667,80.66666666666667,81.66666666666667,76.0,67.33333333333333,62.0,56.0,53.333333333333336,51.333333333333336,50.666666666666664,49.666666666666664,57.333333333333336
269,73.0,80.0,90.0,87.0,90.0,93.0,93.0,93.0,96.0,97.0,96.0,100.0,97.0,93.0,90.0,84.0,79.0,84.0,76.0,71.0,71.0,71.0,74.0,76.0
270,72.0,78.0,81.0,84.0,84.0,86.0,86.0,89.0,89.0,93.0,93.0,90.0,86.0,86.0,90.0,84.0,70.0,57.0,60.0,62.0,68.0,68.0,71.0,78.0
271,44.0,46.0,60.0,57.0,66.0,74.0,83.0,83.0,86.0,88.0,89.0,93.0,93.0,93.0,89.0,87.0,81.0,73.0,68.0,64.0,62.0,60.0,60.0,64.0
272,42.0,42.0,63.0,66.0,74.0,73.0,74.0,85.0,86.0,89.0,89.0,89.0,89.0,89.0,93.0,80.0,72.0,66.0,61.0,53.0,61.0,65.0,65.0,65.0
273,36.0,45.0,53.0,59.0,63.0,63.0,66.0,71.0,74.0,76.0,82.0,86.0,90.0,86.0,86.0,77.0,72.0,63.0,57.0,53.0,48.0,53.0,53.0,59.0
274,72.0,77.0,86.0,89.0,90.0,93.0,93.0,93.0,93.0,93.0,97.0,93.0,93.0,92.0,93.0,90.0,78.0,63.0,61.0,61.0,59.0,63.0,64.0,68.0
275,51.0,55.0,61.0,61.0,61.0,71.0,68.0,74.0,77.0,80.0,83.0,93.0,93.0,93.0,93.0,89.0,77.0,70.0,63.0,56.0,49.0,49.0,51.0,56.0
276,41.0,47.0,57.0,58.0,58.0,56.0,60.0,66.0,71.0,80.0,87.0,90.0,94.0,96.0,97.0,92.0,76.0,62.0,56.0,46.0,49.0,50.0,49.0,54.0
277,36.0,41.0,42.0,47.0,51.0,49.0,49.0,59.0,63.0,66.0,68.0,76.0,80.0,89.0,86.0,77.0,69.0,63.0,60.0,51.0,46.0,46.0,49.0,50.0
278,37.0,42.0,46.0,54.0,59.0,57.0,61.0,61.0,66.0,68.0,71.0,71.0,80.0,82.0,86.0,77.0,70.0,60.0,56.0,54.0,49.0,44.0,47.0,50.0
279,34.0,42.0,48.0,52.0,60.0,67.0,67.0,68.0,71.0,73.0,75.0,78.0,78.0,79.0,83.0,78.0,69.0,60.0,53.0,47.0,43.0,42.0,43.0,50.0
280,41.0,44.0,47.0,58.0,62.0,66.0,71.0,71.0,66.0,76.0,81.0,87.0,100.0,93.0,93.0,82.0,77.0,68.0,52.0,43.0,44.0,47.0,50.0,56.0
281,18.0,21.0,21.0,26.0,25.0,27.0,27.0,26.0,25.0,22.0,20.0,21.0,26.0,29.0,27.0,25.0,25.0,24.0,18.0,18.0,17.0,16.0,15.0,14.0
282,37.0,40.0,50.0,54.0,62.0,54.0,58.0,60.0,62.0,72.0,62.0,78.0,67.0,70.0,70.0,66.0,67.0,56.0,42.0,36.0,30.0,27.0,29.0,29.0
283,12.0,23.0,28.0,36.0,31.0,51.0,50.0,34.666666666666664,59.0,57.0,60.0,60.0,62.0,59.0,51.0,23.0,24.333333333333332,16.0,16.0,16.0,17.0,20.0,16.666666666666668,17.666666666666668
284,24.0,35.0,33.0,50.0,44.0,44.0,52.0,54.0,60.0,58.0,62.0,62.0,64.0,75.0,62.0,46.0,38.0,22.0,21.0,21.0,25.0,31.0,35.0,41.0
285,39.0,47.0,52.0,58.0,52.0,50.0,52.0,50.0,50.0,54.0,52.0,50.0,54.0,54.0,54.0,50.0,55.0,53.0,46.0,42.0,44.0,41.0,39.0,39.0
286,24.0,29.0,36.0,39.0,47.0,33.0,30.0,35.0,42.0,50.0,59.0,66.0,72.0,75.0,72.0,60.0,60.0,58.0,56.0,56.0,54.0,60.0,65.0,76.0
287,21.0,28.0,35.0,41.0,55.0,51.0,57.0,59.0,64.0,59.0,69.0,69.0,75.0,69.0,72.0,57.0,48.0,50.0,46.0,41.0,40.0,36.0,36.0,37.0
288,13.333333333333334,16.0,18.333333333333332,22.333333333333332,23.0,25.0,28.333333333333332,27.666666666666668,31.666666666666668,35.0,36.333333333333336,35.666666666666664,38.333333333333336,40.0,44.0,32.0,26.0,21.666666666666668,18.666666666666668,16.0,16.333333333333332,16.666666666666668,15.333333333333334,16.333333333333332
289,13.0,20.0,19.0,22.0,29.0,31.0,28.0,28.0,32.0,33.0,39.0,40.0,42.0,46.0,44.0,38.0,28.0,24.0,19.0,17.0,19.0,19.0,17.0,16.0
290,12.0,15.0,16.0,20.0,27.0,36.0,34.0,29.0,32.0,24.0,25.0,29.0,31.0,36.0,38.0,33.0,28.0,24.0,18.0,17.0,11.0,8.0,9.0,11.0
291,16.0,22.0,30.0,34.0,34.0,37.0,37.0,36.0,41.0,36.0,32.0,45.0,47.0,38.0,35.0,28.0,22.0,15.0,16.0,17.0,15.0,15.0,15.0,15.0
292,13.0,21.0,22.0,27.0,28.0,32.0,26.0,26.0,29.0,36.0,42.0,45.0,48.0,47.0,48.0,34.0,28.0,26.0,24.0,19.0,16.0,14.0,10.0,13.0
293,12.0,18.0,18.0,25.0,31.0,31.0,34.0,37.0,37.0,42.0,43.0,42.0,42.0,46.0,45.0,42.0,34.0,28.0,24.0,19.0,9.0,11.0,14.0,14.0
294,16.0,23.0,28.0,38.0,43.0,46.0,54.0,54.0,57.0,60.0,57.0,62.0,59.0,62.0,65.0,65.0,43.0,33.0,22.0,16.0,16.0,15.0,15.0,15.0
295,11.0,14.0,23.0,28.0,21.0,23.0,36.0,38.0,41.0,44.0,39.0,36.0,38.0,39.0,42.0,41.0,33.0,27.0,23.0,20.0,17.0,16.0,15.0,15.0
296,24.333333333333332,15.666666666666666,19.666666666666668,46.333333333333336,26.666666666666668,30.333333333333332,29.0,29.333333333333332,33.333333333333336,34.666666666666664,36.0,38.0,39.0,47.333333333333336,49.333333333333336,59.666666666666664,41.0,39.666666666666664,36.333333333333336,25.666666666666668,19.333333333333332,25.666666666666668,17.333333333333332,18.0
297,17.0,24.0,29.0,100.0,100.0,100.0,100.0,100.0,100.0,29.0,30.0,29.0,30.0,30.0,30.0,28.0,29.0,30.0,30.0,26.0,24.0,22.0,23.0,22.0
298,14.0,17.0,19.333333333333332,20.333333333333332,22.0,24.0,27.0,26.666666666666668,27.333333333333332,30.666666666666668,28.333333333333332,30.333333333333332,32.666666666666664,33.666666666666664,33.0,32.333333333333336,27.666666666666668,24.0,20.666666666666668,17.333333333333332,15.333333333333334,13.0,12.0,12.666666666666666
299,15.0,22.0,32.0,38.0,40.0,41.0,45.0,47.0,55.0,54.0,56.0,55.0,57.0,58.0,63.0,61.0,43.0,33.0,24.0,18.0,17.0,19.0,20.0,22.0
300,35.0,47.0,52.0,58.0,70.0,72.0,74.0,81.0,72.0,77.0,80.0,100.0,100.0,100.0,100.0,100.0,100.0,100.0,75.0,54.0,40.0,39.0,32.0,36.0
301,33.333333333333336,45.0,47.333333333333336,56.666666666666664,60.666666666666664,64.66666666666667,61.666666666666664,82.0,58.0,61.333333333333336,66.0,68.0,73.66666666666667,87.66666666666667,78.0,75.66666666666667,74.0,69.0,56.0,43.333333333333336,39.0,40.0,31.666666666666668,35.0
302,60.0,78.0,78.0,78.0,78.0,78.0,87.0,84.0,83.0,87.0,87.0,77.0,66.0,64.0,52.0,50.0,34.0,30.0,25.0,22.0,24.0,17.0,21.0,27.0
303,79.33333333333333,82.0,85.0,83.66666666666667,87.66666666666667,85.0,90.0,89.66666666666667,90.66666666666667,88.0,83.33333333333333,79.0,73.0,69.66666666666667,68.33333333333333,67.0,63.0,49.0,53.666666666666664,66.33333333333333,68.33333333333333,65.0,65.66666666666667,65.0
304,30.0,14.0,13.0,13.0,15.0,15.0,13.0,14.0,44.0,24.0,23.0,51.0,27.0,96.0,83.0,80.33333333333333,75.0,78.0,66.0,48.0,70.0,65.0,63.0,62.0
305,17.0,68.0,67.0,57.0,60.0,69.0,74.0,77.0,80.0,66.0,54.0,56.0,52.0,46.0,44.0,38.0,28.0,18.0,17.0,16.0,16.0,14.0,16.0,18.0
306,70.0,78.0,84.0,80.0,87.0,90.0,90.0,93.0,93.0,93.0,96.0,93.0,90.0,86.0,86.0,83.0,78.0,75.0,65.0,59.0,59.0,66.0,70.0,73.0
307,66.0,73.0,54.0,58.0,81.0,84.0,86.0,90.0,93.0,87.0,77.0,80.0,80.0,77.0,80.0,80.0,78.0,72.0,68.0,65.0,63.0,59.0,61.0,68.0
308,71.0,93.0,89.0,74.0,92.0,86.0,92.0,96.0,96.0,96.0,88.0,96.0,96.0,96.0,92.0,76.0,66.0,52.0,47.0,42.0,41.0,42.0,47.0,54.0
309,81.0,81.0,87.0,87.0,93.0,87.0,87.0,87.0,93.0,93.0,93.0,93.0,93.0,71.0,58.0,51.0,51.0,48.0,42.0,42.0,45.0,59.0,72.0,82.0
310,87.0,91.0,95.0,94.0,96.33333333333333,87.0,91.0,92.0,93.0,92.0,92.0,92.0,91.0,90.0,80.0,66.0,58.0,54.0,49.0,48.0,46.0,45.0,56.0,86.0
311,49.0,47.0,48.0,54.0,52.0,55.0,57.0,57.0,57.0,58.0,59.0,62.0,60.0,60.0,56.0,54.0,54.0,55.0,57.0,56.0,57.0,54.0,58.0,61.0
312,75.0,76.66666666666667,85.33333333333333,86.66666666666667,86.33333333333333,90.33333333333333,88.0,89.33333333333333,89.33333333333333,88.33333333333333,88.0,89.0,89.33333333333333,75.66666666666667,69.0,63.666666666666664,53.333333333333336,51.333333333333336,47.333333333333336,45.333333333333336,45.666666666666664,51.0,63.666666666666664,72.66666666666667
313,89.0,93.0,96.0,100.0,100.0,100.0,100.0,96.0,92.0,100.0,100.0,100.0,89.0,100.0,71.0,63.0,61.0,54.0,51.0,47.0,46.0,47.0,61.0,86.0
314,81.0,76.0,81.0,87.0,93.0,81.0,87.0,87.0,87.0,87.0,93.0,93.0,81.0,76.0,72.0,58.0,55.0,55.0,55.0,55.0,58.0,71.0,76.0,81.0
315,68.0,71.0,73.0,76.0,74.0,82.0,79.0,80.0,76.0,96.0,82.0,79.0,76.0,73.0,71.0,71.0,58.0,68.0,63.0,66.0,63.0,63.0,71.0,85.0
316,71.0,73.0,86.0,100.0,97.0,100.0,100.0,97.0,100.0,96.0,97.0,97.0,100.0,80.0,71.0,66.0,60.0,56.0,51.0,53.0,49.0,49.0,66.0,80.0
317,83.0,86.0,86.0,86.0,86.0,76.0,82.0,82.0,82.0,82.0,85.0,79.0,79.0,96.0,73.0,93.0,80.0,80.0,69.0,69.0,74.0,64.0,48.0,48.0
318,61.0,65.0,68.0,70.0,73.0,83.0,83.0,83.0,86.0,89.0,89.0,92.0,92.0,92.0,71.0,57.0,51.0,47.0,44.0,38.0,36.0,38.0,57.0,71.0
319,89.0,96.0,89.0,93.0,96.0,96.0,96.0,86.0,89.0,92.0,96.0,100.0,96.0,89.0,80.0,56.0,48.0,45.0,42.0,39.0,39.0,42.0,57.0,66.0
320,74.0,71.0,89.0,79.0,79.0,89.0,96.0,96.0,89.0,92.0,100.0,100.0,100.0,92.0,66.0,57.0,48.0,44.0,40.0,40.0,36.0,39.0,47.0,52.0
321,60.0,62.0,67.0,67.0,68.0,70.0,82.0,85.0,88.0,85.0,85.0,88.0,92.0,88.0,82.0,70.0,54.0,50.0,43.0,28.0,31.0,30.0,42.0,50.0
322,87.0,87.0,87.0,93.0,93.0,87.0,87.0,93.0,93.0,93.0,93.0,94.0,87.0,82.0,63.0,55.0,49.0,43.0,43.0,37.0,38.0,49.0,77.0,82.0
323,65.0,76.0,79.0,89.0,92.0,96.0,92.0,92.0,92.0,88.0,82.0,82.0,82.0,92.0,73.0,63.0,58.0,54.0,51.0,45.0,41.0,40.0,50.0,56.0
324,76.0,81.0,81.0,100.0,93.0,93.0,100.0,96.66666666666667,100.0,93.0,100.0,100.0,100.0,76.0,58.0,51.0,42.0,39.0,36.0,37.0,37.0,51.0,67.0,87.0
325,86.0,89.0,92.0,92.0,85.0,92.0,92.0,96.0,96.0,92.0,92.0,92.0,92.0,92.0,92.0,96.0,93.0,71.0,51.0,46.0,46.0,48.0,60.0,83.0
326,73.0,82.0,89.0,92.0,93.0,96.0,96.0,96.0,96.0,100.0,100.0,96.0,100.0,96.0,93.0,86.0,72.0,60.0,54.0,46.0,43.0,43.0,48.0,64.0
327,82.0,89.0,89.0,92.0,92.0,89.0,89.0,92.0,92.0,96.0,92.0,100.0,96.0,100.0,100.0,96.0,97.0,80.0,56.0,47.0,40.0,41.0,46.0,71.0
328,73.0,85.0,88.0,92.0,92.0,92.0,89.0,96.0,88.0,92.0,92.0,92.0,92.0,92.0,96.0,73.0,52.0,47.0,40.0,36.0,36.0,34.0,40.0,54.0
329,65.0,76.0,83.0,86.0,89.0,89.0,96.0,96.0,96.0,100.0,96.0,100.0,96.0,100.0,100.0,96.0,80.0,68.0,59.0,51.0,47.0,47.0,45.0,58.0
330,61.0,70.0,82.0,86.0,89.0,89.0,88.0,92.0,85.0,88.0,88.0,92.0,92.0,92.0,92.0,76.0,68.0,57.0,48.0,43.0,40.0,41.0,46.0,53.0
331,81.0,87.0,94.33333333333333,87.0,98.33333333333333,98.66666666666667,93.0,93.0,93.0,98.33333333333333,93.0,86.0,93.0,93.0,81.0,66.0,55.0,51.0,45.0,40.0,40.0,37.0,42.0,51.0
332,66.0,76.0,89.0,96.0,96.0,100.0,100.0,100.0,96.0,100.0,100.0,100.0,100.0,96.0,96.0,89.0,80.0,74.0,66.0,57.0,54.0,54.0,54.0,71.0
333,74.0,83.0,86.0,89.0,92.0,86.0,92.0,92.0,92.0,92.0,89.0,92.0,88.0,88.0,89.0,76.0,66.0,50.0,43.0,38.0,37.0,38.0,45.0,49.0
334,63.0,73.0,79.0,82.0,86.0,89.0,89.0,86.0,89.0,89.0,89.0,82.0,89.0,93.0,86.0,74.0,62.0,52.0,45.0,45.0,42.0,42.0,43.0,53.0
335,93.0,83.33333333333333,100.0,100.0,100.0,100.0,100.0,93.0,100.0,94.33333333333333,100.0,100.0,100.0,93.0,87.0,76.0,62.0,54.0,47.0,48.0,41.0,41.0,62.0,71.0
336,54.0,63.0,71.0,73.0,81.0,84.0,81.0,85.0,88.0,85.0,90.0,89.0,88.0,82.0,77.0,69.0,62.0,53.0,46.0,48.0,48.0,41.0,47.0,52.0
337,74.0,63.0,63.0,63.0,73.0,79.0,93.0,96.0,100.0,96.0,100.0,100.0,100.0,100.0,100.0,90.0,68.0,51.0,50.0,42.0,39.0,39.0,42.0,46.0
338,51.0,59.0,66.0,71.0,66.0,73.0,76.0,73.0,76.0,79.0,76.0,88.0,82.0,85.0,83.0,76.0,66.0,59.0,42.0,33.0,32.0,31.0,33.0,37.0
339,47.0,58.0,58.0,62.0,66.0,71.0,76.0,76.0,66.0,71.0,76.0,71.0,66.0,66.0,54.0,45.0,39.0,32.0,32.0,27.0,20.0,22.0,27.0,36.0
340,49.333333333333336,60.0,62.0,66.66666666666667,66.0,70.66666666666667,69.33333333333333,77.0,84.33333333333333,86.33333333333333,91.0,91.0,92.0,93.33333333333333,90.33333333333333,76.33333333333333,63.333333333333336,48.333333333333336,40.333333333333336,37.333333333333336,35.333333333333336,35.666666666666664,38.0,41.666666666666664
341,40.333333333333336,47.333333333333336,47.666666666666664,51.666666666666664,54.333333333333336,57.666666666666664,63.0,64.66666666666667,66.33333333333333,65.66666666666667,66.66666666666667,68.0,70.0,68.0,63.0,52.333333333333336,45.0,41.0,35.333333333333336,32.333333333333336,32.666666666666664,32.666666666666664,35.0,40.0
342,42.0,47.0,54.0,50.0,52.0,63.0,70.0,65.0,63.0,65.0,73.0,76.0,79.0,86.0,76.0,57.0,51.0,39.0,36.0,36.0,33.0,33.0,33.0,38.0
343,58.0,62.0,65.33333333333333,53.666666666666664,76.0,75.0,81.0,84.0,85.0,81.0,88.0,89.0,88.0,86.0,85.0,72.0,52.0,46.0,40.0,37.0,37.0,53.0,59.0,65.0
344,57.0,61.0,61.0,65.0,76.0,76.0,68.0,68.0,65.0,79.0,79.0,79.0,85.0,82.0,82.0,71.0,50.0,35.0,36.0,36.0,36.0,51.0,57.0,71.0
345,46.0,53.0,58.333333333333336,62.666666666666664,58.0,59.0,59.0,60.0,61.0,66.0,68.0,69.0,71.0,74.0,72.0,60.0,45.0,36.0,35.0,33.0,31.0,40.0,49.0,61.0
346,55.0,63.0,61.0,65.0,71.0,66.33333333333333,76.0,76.0,85.0,88.0,92.0,92.0,96.0,94.0,89.0,80.0,62.0,53.0,44.0,42.0,42.0,42.0,41.0,69.0
347,45.0,51.0,59.0,61.0,59.0,57.0,56.0,61.0,63.0,68.0,73.0,73.0,76.0,76.0,76.0,56.0,51.0,47.0,40.0,37.0,34.0,33.0,34.0,40.0
348,47.0,47.0,58.0,69.0,58.0,54.0,56.0,61.0,62.0,64.0,68.0,74.0,73.0,78.0,62.0,51.0,42.0,35.666666666666664,34.0,32.0,32.0,45.0,58.0,71.0
349,51.0,52.0,52.0,53.0,53.0,51.0,49.0,42.0,51.0,57.0,72.0,82.0,82.0,85.0,88.0,79.0,78.0,76.0,72.0,72.0,76.0,79.0,82.0,88.0
350,19.0,26.0,29.0,29.0,29.0,30.0,31.0,31.0,37.0,45.0,44.0,46.0,45.0,52.0,48.0,41.0,33.0,26.0,22.0,16.0,14.0,14.0,13.0,14.0
351,29.0,32.0,35.0,39.0,43.0,45.0,43.0,46.0,55.0,52.0,53.0,55.0,76.0,82.0,78.0,78.0,76.0,78.0,82.0,88.0,88.0,89.0,85.0,85.0
352,12.0,14.0,16.0,17.0,17.0,21.0,21.0,19.0,21.0,28.0,26.0,30.0,32.0,35.0,40.0,33.0,27.0,22.0,19.0,16.0,18.0,18.0,16.0,18.0
353,23.0,25.0,38.0,36.0,34.0,36.0,36.0,39.0,36.0,39.0,42.0,40.0,42.0,37.0,35.0,39.0,36.0,30.0,26.0,22.0,19.0,19.0,18.0,18.0
354,39.333333333333336,46.333333333333336,47.0,59.0,63.333333333333336,66.66666666666667,63.333333333333336,67.66666666666667,67.33333333333333,68.66666666666667,69.66666666666667,71.66666666666667,70.66666666666667,73.66666666666667,71.33333333333333,72.66666666666667,64.33333333333333,53.0,38.666666666666664,34.333333333333336,31.666666666666668,30.666666666666668,28.0,36.0
355,15.0,20.0,26.0,28.0,27.0,28.0,30.0,31.0,30.0,33.0,28.0,37.0,37.0,37.0,38.0,26.0,17.0,17.0,12.0,12.0,12.0,12.0,12.0,12.0
356,29.0,33.0,40.0,41.0,44.0,43.0,44.0,46.0,52.0,52.0,52.0,48.0,54.0,50.0,50.0,48.0,38.0,39.0,36.0,34.0,30.0,28.0,26.0,25.0
357,24.0,32.0,41.0,48.0,52.0,40.0,48.0,56.0,58.0,58.0,55.0,61.0,61.0,63.0,66.0,63.0,46.0,35.0,26.0,19.0,17.0,16.0,16.0,16.0
358,26.0,23.0,26.0,34.0,34.0,38.0,47.0,42.0,44.0,65.0,49.0,53.0,63.0,57.0,54.0,63.0,40.0,33.0,34.0,23.0,19.0,18.0,17.0,17.0
359,19.333333333333332,21.0,27.666666666666668,33.666666666666664,37.0,39.333333333333336,44.0,42.666666666666664,46.333333333333336,54.333333333333336,49.666666666666664,54.333333333333336,61.0,57.333333333333336,56.333333333333336,59.0,36.0,25.666666666666668,24.666666666666668,19.333333333333332,17.0,17.0,18.333333333333332,18.0
360,15.0,17.0,20.0,20.0,19.0,20.0,19.0,20.0,22.0,23.0,22.0,24.0,25.0,24.0,26.0,24.0,22.0,19.0,18.0,17.0,15.0,14.0,13.0,12.0
361,10.0,11.0,13.0,13.0,15.0,15.0,18.0,19.0,22.0,23.0,19.0,21.0,25.0,22.0,21.0,23.0,23.0,23.0,22.0,19.0,16.0,11.0,12.0,12.0
362,11.0,12.0,17.0,19.0,21.0,23.0,25.0,28.0,28.0,32.0,27.0,35.0,32.0,35.0,33.0,33.0,26.0,24.0,23.0,18.0,15.0,11.0,11.0,12.0
363,12.0,19.0,21.0,21.0,20.0,23.0,29.0,32.0,31.0,25.0,32.0,25.0,31.0,33.0,36.0,23.0,25.0,21.0,18.0,16.0,17.0,18.0,20.0,22.0
364,26.0,36.0,40.0,40.0,43.0,45.0,46.0,46.0,46.0,47.0,43.0,46.0,53.0,49.0,49.0,49.0,46.0,36.0,36.0,24.0,25.0,18.0,17.0,18.0
365,14.666666666666666,17.333333333333332,21.0,22.666666666666668,25.0,26.666666666666668,28.666666666666668,29.333333333333332,31.0,33.0,31.666666666666668,33.0,36.0,36.0,36.666666666666664,36.0,29.0,23.666666666666668,21.666666666666668,18.666666666666668,16.0,15.333333333333334,13.666666666666666,14.0
366,18.0,22.0,22.0,25.0,27.0,29.0,29.0,29.0,33.0,34.0,35.0,37.0,37.0,35.0,40.0,38.0,30.0,26.0,25.0,24.0,22.0,21.0,18.0,18.0
367,13.0,14.0,16.0,17.0,18.0,20.0,25.0,24.0,25.0,25.0,25.0,26.0,31.0,29.0,28.0,27.0,23.0,18.0,18.0,15.0,14.0,14.0,13.0,13.0
368,26.0,30.0,36.0,50.0,54.0,50.0,58.0,61.0,58.0,62.0,57.0,67.0,61.0,67.0,62.0,68.0,65.0,50.0,44.0,38.0,34.0,28.0,26.0,26.0
369,38.0,54.0,57.0,70.66666666666667,64.33333333333333,65.33333333333333,70.66666666666667,72.66666666666667,84.66666666666667,75.33333333333333,75.0,78.0,77.0,77.66666666666667,78.66666666666667,77.66666666666667,89.0,66.33333333333333,61.666666666666664,53.333333333333336,54.0,52.0,51.666666666666664,54.666666666666664
370,75.0,84.0,87.0,87.0,93.0,87.0,90.0,93.0,93.0,92.0,90.0,89.0,83.0,83.0,76.0,76.0,71.0,55.0,58.0,68.0,66.0,66.0,66.0,68.0
371,75.0,80.0,93.0,90.0,90.0,96.0,92.0,93.0,97.0,86.0,89.0,100.0,100.0,93.0,93.0,96.0,83.0,78.0,70.0,70.0,73.0,73.0,54.0,70.0
372,78.0,88.0,95.0,96.0,94.0,94.0,93.0,96.0,98.0,98.0,98.0,98.0,98.0,100.0,99.0,99.0,99.0,93.0,82.0,69.0,74.0,75.0,75.0,76.0
373,68.0,81.0,90.0,93.0,86.0,84.0,90.0,90.0,97.0,93.0,93.0,93.0,96.0,100.0,96.0,100.0,97.0,77.0,70.0,58.0,60.0,66.0,66.0,70.0
374,97.0,96.0,100.0,86.0,83.0,85.0,86.0,92.0,96.0,100.0,96.0,100.0,92.0,89.0,76.0,65.0,60.0,59.0,56.0,54.0,52.0,58.0,65.0,70.0
375,65.0,68.0,70.0,70.0,70.0,70.0,72.0,70.0,68.0,65.0,65.0,65.0,70.0,70.0,65.0,60.0,60.0,56.0,55.0,56.0,53.0,56.0,62.0,62.0
376,73.0,73.0,82.0,79.0,82.0,85.0,85.0,85.0,85.0,85.0,85.0,85.0,88.0,88.0,79.0,65.0,60.0,54.0,50.0,48.0,48.0,50.0,56.0,76.0
377,73.0,68.0,71.0,74.0,76.0,70.0,70.0,73.0,79.0,82.0,88.0,85.0,88.0,73.0,63.0,56.0,52.0,48.0,44.0,44.0,44.0,50.0,58.0,65.0
378,82.0,73.0,67.0,76.0,70.0,73.0,79.0,76.0,76.0,78.0,76.0,72.0,72.0,67.0,67.0,65.0,60.0,58.0,58.0,56.0,54.0,54.0,58.0,58.0
379,79.0,89.0,96.0,76.0,79.0,73.0,86.0,100.0,100.0,100.0,96.0,92.0,85.0,79.0,70.0,63.0,63.0,60.0,58.0,56.0,58.0,65.0,65.0,86.0
380,56.0,55.0,55.0,50.0,52.0,56.0,53.0,56.0,58.0,65.0,62.0,62.0,64.0,60.0,58.0,56.0,55.0,54.0,50.0,48.0,46.0,48.0,51.0,58.0
381,68.0,70.0,70.0,70.0,70.0,67.0,70.0,70.0,70.0,65.0,65.0,65.0,68.0,67.0,60.0,60.0,62.0,58.0,54.0,54.0,54.0,56.0,60.0,64.0
382,70.0,67.0,70.0,72.0,76.0,78.0,82.0,85.0,85.0,82.0,79.0,76.0,70.0,68.0,63.0,58.0,52.0,48.0,52.0,50.0,52.0,56.0,63.0,70.0
383,65.0,70.0,73.0,70.0,76.0,76.0,82.0,76.0,76.0,73.0,73.0,73.0,73.0,70.0,62.0,56.0,51.0,51.0,49.0,50.0,49.0,49.0,51.0,60.0
384,68.0,66.33333333333333,69.33333333333333,70.0,79.0,78.0,92.0,88.0,82.0,79.0,79.0,76.0,76.0,73.0,63.0,58.0,54.0,54.0,54.0,54.0,56.0,58.0,63.0,73.0
385,60.0,60.0,70.0,82.0,79.0,88.0,88.0,96.0,92.0,96.0,92.0,96.0,92.0,100.0,73.0,63.0,54.0,50.0,50.0,47.0,47.0,47.0,66.0,82.0
386,65.0,65.0,67.0,65.0,70.0,67.0,73.0,73.0,76.0,79.0,82.0,79.0,82.0,79.0,68.0,61.0,59.0,52.0,48.0,47.0,42.0,45.0,49.0,63.0
387,75.0,79.0,75.0,85.0,85.0,88.0,88.0,92.0,88.0,88.0,88.0,88.0,85.0,85.0,85.0,78.0,79.0,68.0,63.0,56.0,54.0,50.0,50.0,70.0
388,76.66666666666667,77.33333333333333,80.33333333333333,81.33333333333333,87.0,88.0,94.0,96.66666666666667,96.66666666666667,96.66666666666667,97.0,97.0,97.66666666666667,97.66666666666667,90.33333333333333,84.66666666666667,80.33333333333333,76.33333333333333,61.0,56.333333333333336,52.333333333333336,52.0,56.666666666666664,65.33333333333333
389,70.0,73.0,73.0,73.0,79.0,79.0,83.0,83.0,86.0,86.0,86.0,86.0,89.0,89.0,89.0,82.0,73.0,76.0,70.0,63.0,58.0,61.0,61.0,68.0
390,68.0,68.0,67.0,66.0,69.0,75.0,78.0,70.0,73.0,75.0,75.0,70.0,81.0,83.33333333333333,65.0,65.0,56.0,55.0,54.0,52.0,50.0,52.0,69.0,86.0
391,72.0,72.0,72.0,75.0,72.0,75.0,72.0,75.0,79.0,82.0,82.0,85.0,85.0,82.0,78.0,73.0,72.0,70.0,65.0,58.0,58.0,58.0,68.0,85.0
392,75.0,75.0,75.0,81.0,81.0,81.0,81.0,81.0,75.0,75.0,75.0,70.0,75.0,61.0,57.0,53.0,53.0,50.0,50.0,50.0,53.0,66.0,61.0,66.0
393,64.0,77.0,86.0,93.0,93.0,96.0,96.0,100.0,97.0,96.0,96.0,100.0,96.0,100.0,92.0,86.0,74.0,60.0,46.0,42.0,43.0,45.0,52.0,60.0
394,100.0,96.0,96.0,96.0,96.0,92.0,92.0,92.0,92.0,92.0,92.0,92.0,96.0,96.0,96.0,89.0,79.0,76.0,76.0,79.0,79.0,82.0,86.0,86.0
395,86.0,86.0,89.0,89.0,86.0,86.0,86.0,86.0,85.0,85.0,82.0,82.0,85.0,85.0,79.0,79.0,79.0,76.0,76.0,73.0,73.0,70.0,70.0,76.0
396,82.0,85.0,82.0,85.0,85.0,85.0,89.0,85.0,85.0,85.0,86.0,86.0,86.0,86.0,86.0,83.0,82.0,82.0,76.0,73.0,66.0,66.0,68.0,82.0
397,76.0,76.0,76.0,76.0,73.0,79.0,89.0,88.0,92.0,92.0,92.0,92.0,88.0,92.0,92.0,89.0,83.0,82.0,82.0,71.0,68.0,66.0,66.0,71.0
398,91.0,99.0,99.0,99.0,99.0,99.0,99.0,99.0,99.0,99.0,99.0,99.0,99.0,99.0,100.0,100.0,100.0,100.0,100.0,100.0,100.0,100.0,100.0,90.0
399,70.0,73.0,73.0,85.0,92.0,92.0,89.0,89.0,89.0,89.0,89.0,89.0,92.0,92.0,86.0,86.0,79.0,70.0,70.0,65.0,61.0,61.0,63.0,70.0
400,82.0,85.0,89.0,89.0,85.0,85.0,85.0,82.0,82.0,79.0,82.0,79.0,75.0,79.0,79.0,78.0,79.0,76.0,73.0,73.0,73.0,65.0,73.0,82.0
401,81.66666666666667,89.66666666666667,94.33333333333333,95.33333333333333,96.33333333333333,96.33333333333333,98.66666666666667,98.66666666666667,98.66666666666667,100.0,98.66666666666667,100.0,98.66666666666667,100.0,100.0,98.66666666666667,93.33333333333333,79.66666666666667,65.66666666666667,57.333333333333336,48.666666666666664,48.666666666666664,54.0,70.0
402,85.0,85.0,85.0,85.0,82.0,82.0,82.0,82.0,82.0,79.0,82.0,82.0,82.0,82.0,79.0,76.0,73.0,70.0,68.0,65.0,65.0,65.0,67.0,67.0
403,86.0,86.0,86.0,86.0,86.0,86.0,86.0,89.0,89.0,82.0,82.0,78.0,78.0,78.0,76.0,72.0,72.0,73.0,67.0,65.0,65.0,70.0,70.0,73.0
404,92.0,92.0,92.0,92.0,100.0,100.0,96.0,100.0,100.0,100.0,100.0,100.0,100.0,100.0,100.0,100.0,93.0,82.0,80.0,71.0,66.0,64.0,69.0,76.0
405,85.0,90.0,92.0,91.0,93.0,95.0,96.0,96.0,97.0,97.0,96.0,97.0,97.0,97.0,91.0,84.0,75.0,70.0,67.0,65.0,64.0,62.0,70.0,75.0
406,76.0,82.0,89.0,92.0,92.0,92.0,92.0,96.0,100.0,96.0,100.0,96.0,96.0,96.0,96.0,89.0,82.0,76.0,68.0,68.0,66.0,76.0,85.0,92.0
407,82.0,82.0,85.0,88.0,88.0,92.0,89.0,89.0,89.0,88.0,88.0,89.0,89.0,88.0,89.0,82.0,66.0,59.0,55.0,48.0,46.0,46.0,48.0,55.0
408,81.0,79.0,81.0,80.33333333333333,80.66666666666667,78.66666666666667,79.66666666666667,83.0,83.0,79.66666666666667,82.0,87.0,86.0,86.0,81.0,75.0,75.0,75.0,70.0,70.0,66.0,70.0,81.0,81.0
409,85.0,85.0,85.0,85.0,85.0,85.0,88.0,92.0,92.0,88.0,92.0,92.0,88.0,92.0,92.0,92.0,92.0,89.0,86.0,79.0,76.0,79.0,79.0,82.0
410,82.0,82.0,82.0,78.0,82.0,79.0,82.0,85.0,88.0,82.0,85.0,82.0,82.0,82.0,85.0,82.0,82.0,82.0,82.0,82.0,79.0,76.0,76.0,79.0
411,88.0,92.0,92.0,92.0,92.0,92.0,96.0,96.0,96.0,96.0,88.0,88.0,88.0,88.0,92.0,88.0,92.0,92.0,92.0,88.0,88.0,85.0,85.0,89.0
412,56.0,64.0,56.0,56.0,54.0,58.0,60.0,65.0,65.0,65.0,68.0,70.0,73.0,73.0,73.0,63.0,56.0,53.0,47.0,43.0,40.0,36.0,43.0,44.0
413,58.333333333333336,63.666666666666664,64.66666666666667,67.0,67.66666666666667,69.0,73.33333333333333,74.33333333333333,77.0,77.0,78.0,79.0,82.0,84.33333333333333,81.0,76.0,73.33333333333333,74.33333333333333,72.33333333333333,72.66666666666667,73.33333333333333,74.33333333333333,74.66666666666667,74.33333333333333
414,68.0,67.0,67.0,65.0,67.0,65.0,67.0,60.0,65.0,68.0,73.0,76.0,79.0,79.0,71.0,63.0,61.0,57.0,53.0,51.0,51.0,53.0,61.0,68.0
415,81.0,87.0,91.33333333333333,87.0,81.0,87.0,87.0,87.0,93.0,87.0,87.0,87.0,87.0,87.0,95.33333333333333,87.0,87.0,88.0,87.0,81.0,86.66666666666667,81.0,87.0,81.0
416,56.0,60.0,62.0,68.0,70.0,73.0,76.0,79.0,78.0,76.0,82.0,82.0,82.0,85.0,82.0,76.0,71.0,63.0,63.0,68.0,71.0,76.0,79.0,82.0
417,67.0,67.0,73.0,73.0,70.0,68.0,65.0,73.0,73.0,73.0,73.0,73.0,79.0,85.0,79.0,76.0,73.0,79.0,76.0,76.0,79.0,78.0,79.0,78.0
418,61.0,65.0,65.0,70.0,70.0,70.0,73.0,82.0,73.0,76.0,79.0,82.0,92.0,88.0,96.0,79.0,74.0,68.0,68.0,74.0,79.0,76.0,86.0,85.0
419,68.0,70.0,73.0,76.0,82.0,89.0,89.0,88.0,92.0,89.0,92.0,89.0,96.0,89.0,89.0,89.0,86.0,86.0,82.0,82.0,82.0,82.0,85.0,85.0
420,59.0,63.0,52.0,56.0,61.0,68.0,73.0,76.0,83.0,89.0,86.0,86.0,89.0,83.0,86.0,86.0,86.0,86.0,82.0,82.0,82.0,82.0,85.0,92.0
421,50.0,54.0,60.0,63.0,60.0,65.0,65.0,60.0,67.0,76.0,76.0,76.0,75.0,75.0,78.0,78.0,81.0,81.0,81.0,81.0,82.0,85.0,85.0,81.0
422,57.0,58.0,61.0,61.0,68.0,71.0,76.0,76.0,79.0,89.0,89.0,86.0,89.0,86.0,89.0,85.0,85.0,85.0,82.0,85.0,85.0,92.0,92.0,92.0
423,50.0,58.0,58.0,81.0,80.0,84.0,81.0,80.0,87.0,77.0,76.0,77.0,78.0,79.0,79.0,78.0,77.0,76.0,75.0,77.0,73.0,72.0,72.0,72.0
424,58.0,68.0,65.0,70.0,73.0,79.0,82.0,82.0,85.0,85.0,88.0,88.0,85.0,83.0,79.0,79.0,79.0,76.0,73.0,72.0,73.0,72.0,73.0,72.0
425,56.0,65.0,70.0,63.0,63.0,65.0,73.0,79.0,76.0,79.0,82.0,85.0,88.0,89.0,89.0,89.0,88.0,89.0,85.0,81.0,78.0,71.0,74.0,78.0
426,34.0,44.0,51.0,68.0,75.0,88.0,88.0,92.0,87.0,92.0,87.0,88.0,87.0,92.0,92.0,84.0,74.0,56.0,43.0,35.0,30.0,27.0,25.0,24.0
427,38.0,44.0,60.0,51.0,67.0,67.0,62.0,67.0,70.0,75.0,79.0,85.0,85.0,82.0,79.0,82.0,78.0,82.0,82.0,78.0,81.0,78.0,78.0,78.0
428,50.0,70.0,58.0,67.0,62.0,51.0,45.0,53.0,57.0,62.0,69.0,82.0,81.0,78.0,82.0,82.0,85.0,78.0,78.0,78.0,85.0,92.0,89.0,92.0
429,50.0,58.0,70.0,65.0,59.0,70.0,72.0,79.0,82.0,82.0,85.0,86.0,88.0,88.0,92.0,92.0,92.0,86.0,91.0,88.0,88.0,88.0,88.0,86.0
430,32.0,42.0,43.0,38.0,31.0,43.0,52.0,59.0,69.0,75.0,75.0,78.0,78.0,85.0,89.0,89.0,89.0,89.0,92.0,92.0,96.0,92.0,92.0,96.0
431,34.0,51.0,46.0,36.0,40.0,37.0,44.0,54.0,65.0,72.0,74.0,69.0,88.0,85.0,84.0,86.0,86.0,87.0,92.0,93.0,97.0,99.0,99.0,100.0
432,32.0,34.0,39.0,46.0,48.0,51.0,61.0,63.0,69.0,74.0,74.0,75.0,77.0,79.0,82.0,94.0,85.0,83.0,97.0,89.0,91.0,98.0,96.0,98.0
433,29.0,40.0,45.0,49.0,54.0,55.0,51.0,56.0,56.0,56.0,60.0,51.0,53.0,58.0,58.0,58.0,39.0,39.0,35.0,34.0,30.0,31.0,30.0,31.0
434,32.0,43.0,50.0,58.0,54.0,58.0,58.0,63.0,68.0,71.0,74.0,74.0,78.0,74.0,71.0,74.0,56.0,46.0,35.0,33.0,28.0,27.0,29.0,34.0
435,32.0,39.0,39.0,52.0,56.0,52.0,50.0,50.0,58.0,61.0,58.0,63.0,63.0,68.0,60.0,58.0,49.0,41.0,36.0,35.0,30.0,29.0,32.0,32.0
436,16.0,20.666666666666668,28.0,31.0,36.0,36.0,39.0,36.0,36.0,39.0,42.0,45.0,45.0,45.0,48.0,39.0,26.0,19.0,15.0,13.0,15.0,19.0,24.0,26.0
437,30.0,36.0,45.0,55.0,69.0,69.0,68.0,69.0,74.0,80.0,74.0,86.0,80.0,86.0,80.0,74.0,51.0,52.0,45.0,39.0,34.0,32.0,28.0,34.0
438,12.0,16.0,18.0,20.0,28.0,31.0,32.0,38.0,36.0,42.0,42.0,42.0,39.0,44.0,42.0,48.0,34.0,23.0,18.0,15.0,14.0,13.0,12.0,12.0
439,41.0,58.0,66.0,59.0,81.0,81.0,87.0,93.0,93.0,93.0,93.0,93.0,93.0,100.0,100.0,93.0,58.0,44.0,32.0,32.0,28.0,27.0,27.0,28.0
440,28.0,41.0,52.0,67.0,65.0,68.0,70.0,75.0,75.0,82.0,85.0,82.0,88.0,88.0,81.0,85.0,78.0,54.0,37.0,34.0,31.0,29.0,25.0,24.0
441,34.0,56.0,63.0,76.0,79.0,82.0,86.0,89.0,89.0,92.0,89.0,92.0,88.0,88.0,88.0,92.0,92.0,76.0,56.0,45.0,37.0,29.0,30.0,29.0
442,14.0,17.0,21.0,24.0,25.0,26.0,28.0,31.0,31.0,33.0,32.0,37.0,37.0,40.0,40.0,38.0,33.0,28.0,24.0,19.0,17.0,13.0,12.0,14.0
443,13.0,18.0,27.0,31.0,35.0,36.0,40.0,40.0,42.0,43.0,45.0,47.0,51.0,49.0,51.0,49.0,48.0,32.0,23.0,15.0,14.0,19.0,21.0,24.0
444,23.0,27.0,31.0,37.0,40.0,44.0,50.0,52.0,56.0,60.0,61.0,62.0,63.0,62.0,60.0,62.0,49.0,38.0,30.0,25.0,22.0,20.0,21.0,22.0
445,13.0,16.0,22.0,23.0,30.0,31.0,37.0,33.0,43.0,48.0,47.0,50.0,55.0,55.0,58.0,60.0,56.0,45.0,36.0,29.0,21.0,20.0,18.0,17.0
446,38.666666666666664,34.333333333333336,53.666666666666664,50.0,60.666666666666664,61.0,64.33333333333333,61.0,55.666666666666664,64.0,76.66666666666667,71.0,67.0,69.0,67.66666666666667,67.66666666666667,74.33333333333333,64.0,64.0,57.333333333333336,61.333333333333336,56.0,59.666666666666664,64.33333333333333
447,27.0,42.0,45.0,54.0,58.0,60.0,67.0,67.0,67.0,73.0,70.0,76.0,78.0,72.0,75.0,78.0,76.0,60.0,56.0,47.0,44.0,36.0,32.0,32.0
448,44.0,49.0,59.0,61.0,61.0,71.0,80.0,63.0,60.0,62.0,58.0,67.0,70.0,76.0,73.0,76.0,76.0,57.0,69.0,69.0,67.0,64.0,64.0,64.0
449,58.0,70.0,72.0,64.0,66.0,54.0,59.0,58.0,83.0,83.0,66.0,76.0,86.0,76.0,82.0,80.0,83.0,74.0,75.0,67.0,67.0,67.0,62.0,64.0
450,31.0,31.0,35.0,48.0,37.0,36.0,34.0,32.0,45.0,42.0,42.0,45.0,52.0,60.0,55.0,56.0,48.0,48.0,35.0,34.0,23.0,20.0,25.333333333333332,22.0
451,70.0,73.0,78.0,82.0,76.0,73.0,73.0,73.0,73.0,82.0,73.0,67.0,70.0,67.0,76.0,72.0,70.0,62.0,75.0,73.0,78.0,73.0,70.0,72.0
452,65.0,67.0,67.0,67.0,79.0,73.0,78.0,79.0,78.0,76.0,76.0,76.0,76.0,73.0,65.0,58.0,53.0,54.0,51.0,50.0,52.0,53.0,56.0,56.0
453,55.0,57.0,60.0,62.0,65.0,65.0,65.0,65.0,65.0,65.0,65.0,62.0,64.0,62.0,60.0,55.0,50.0,52.0,52.0,46.0,47.0,49.0,49.0,53.0
454,62.0,65.0,67.0,64.0,67.0,70.0,72.0,72.0,70.0,73.0,73.0,70.0,70.0,67.0,65.0,58.0,49.0,46.0,46.0,47.0,49.0,52.0,53.0,58.0
455,70.0,70.0,70.0,75.0,75.0,75.0,75.0,75.0,75.0,87.0,81.0,81.0,81.0,66.0,53.0,50.0,46.0,46.0,46.0,53.0,53.0,53.0,53.0,57.0
456,81.0,75.0,75.0,75.0,75.0,70.0,75.0,75.0,75.0,81.0,81.0,81.0,75.0,70.0,66.0,61.0,54.0,54.0,53.0,50.0,50.0,57.0,66.0,70.0
457,73.0,76.0,82.0,78.0,76.0,76.0,79.0,82.0,82.0,79.0,79.0,79.0,79.0,82.0,70.0,68.0,58.0,54.0,50.0,50.0,48.0,49.0,53.0,53.0
458,79.0,82.0,85.0,85.0,85.0,78.0,82.0,78.0,78.0,79.0,76.0,78.0,79.0,82.0,72.0,67.0,60.0,53.0,49.0,47.0,53.0,57.0,55.0,57.0
459,73.0,76.0,70.0,76.0,76.0,70.0,73.0,78.0,70.0,70.0,67.0,67.0,70.0,70.0,70.0,60.0,56.0,54.0,50.0,54.0,49.0,53.0,51.0,49.0
460,81.0,81.0,81.0,81.0,75.0,75.0,75.0,75.0,75.0,75.0,81.0,75.0,73.33333333333333,75.0,75.0,70.0,70.0,65.0,65.0,65.0,61.0,61.0,61.0,65.0
461,62.0,65.0,67.0,70.0,70.0,68.0,70.0,68.0,70.0,70.0,65.0,65.0,68.0,68.0,62.0,53.0,53.0,53.0,51.0,53.0,53.0,55.0,57.0,65.0
462,78.0,79.0,78.0,77.0,77.0,77.0,80.0,77.0,77.0,74.0,76.0,76.0,73.0,74.0,72.0,68.0,68.0,67.0,62.0,64.0,65.0,66.0,68.0,70.0
463,78.0,78.0,78.0,82.0,82.0,82.0,85.0,88.0,85.0,85.0,88.0,85.0,88.0,88.0,82.0,78.0,78.0,76.0,72.0,72.0,72.0,76.0,76.0,76.0
464,75.0,75.0,75.0,75.0,79.0,82.0,78.0,78.0,78.0,82.0,78.0,76.0,76.0,76.0,76.0,72.0,70.0,70.0,67.0,70.0,70.0,70.0,70.0,76.0
465,85.0,81.0,85.0,88.0,96.0,100.0,100.0,96.0,88.0,92.0,88.0,88.0,82.0,85.0,82.0,82.0,85.0,96.0,85.0,75.0,70.0,79.0,88.0,88.0
466,80.66666666666667,81.33333333333333,82.33333333333333,78.0,80.0,81.33333333333333,78.0,80.0,80.33333333333333,77.66666666666667,80.33333333333333,81.66666666666667,81.33333333333333,82.66666666666667,80.66666666666667,80.33333333333333,83.33333333333333,78.66666666666667,76.66666666666667,73.33333333333333,70.66666666666667,73.0,70.66666666666667,72.0
467,64.0,64.0,64.0,64.0,70.0,70.0,67.0,70.0,70.0,70.0,68.0,68.0,68.0,68.0,65.0,62.0,57.0,55.0,55.0,55.0,55.0,55.0,57.0,57.0
468,78.0,78.0,82.0,70.0,65.0,70.0,70.0,65.0,73.0,70.0,76.0,70.0,76.0,76.0,65.0,65.0,62.0,55.0,53.0,53.0,55.0,65.0,67.0,64.0
469,88.0,88.0,85.0,85.0,85.0,82.0,85.0,85.0,85.0,82.0,82.0,82.0,82.0,76.0,72.0,72.0,72.0,72.0,72.0,75.0,73.0,75.0,72.0,69.0
470,100.0,100.0,100.0,100.0,100.0,100.0,96.0,96.0,96.0,96.0,96.0,96.0,96.0,96.0,92.0,88.0,85.0,73.0,79.0,72.0,76.0,72.0,76.0,79.0
471,88.0,85.0,85.0,85.0,85.0,85.0,85.0,85.0,85.0,82.0,85.0,85.0,85.0,79.0,78.0,79.0,76.0,70.0,67.0,73.0,73.0,73.0,76.0,76.0
472,87.0,64.0,87.0,75.0,81.0,81.0,87.0,87.0,81.0,93.0,93.0,93.0,87.0,81.0,87.0,81.0,81.0,87.0,87.0,75.0,87.0,81.0,75.0,81.0
473,81.33333333333333,82.0,83.66666666666667,84.0,83.33333333333333,82.0,80.0,81.66666666666667,80.0,84.0,79.0,76.0,74.66666666666667,73.0,78.0,77.66666666666667,79.0,77.33333333333333,75.33333333333333,74.33333333333333,74.66666666666667,74.0,72.0,78.66666666666667
474,79.0,82.0,82.0,82.0,85.0,85.0,85.0,85.0,82.0,79.0,79.0,79.0,79.0,82.0,82.0,76.0,73.0,73.0,70.0,70.0,70.0,70.0,76.0,76.0
475,96.0,92.0,92.0,92.0,92.0,96.0,96.0,96.0,96.0,96.0,96.0,92.0,92.0,88.0,88.0,92.0,82.0,79.0,79.0,76.0,82.0,82.0,85.0,85.0
476,85.0,72.0,70.0,70.0,67.0,70.0,62.0,59.0,62.0,62.0,79.0,67.0,70.0,73.0,70.0,68.0,65.0,70.0,67.0,67.0,67.0,64.0,67.0,62.0
477,85.0,85.0,82.0,82.0,82.0,85.0,82.0,75.0,78.0,72.0,76.0,72.0,70.0,72.0,75.0,85.0,78.0,70.0,69.0,66.0,69.0,72.0,69.0,75.0
478,89.0,85.0,85.0,85.0,82.0,85.0,82.0,87.0,82.0,82.0,79.0,76.0,72.0,70.0,70.0,76.0,82.0,85.0,72.0,65.0,64.0,64.0,64.0,82.0
479,76.0,75.0,75.0,78.0,78.0,82.0,79.0,85.0,85.0,85.0,88.0,92.0,92.0,92.0,96.0,92.0,96.0,92.0,92.0,92.0,92.0,85.0,85.0,88.0
480,87.0,85.0,89.0,93.0,94.0,94.0,94.0,96.0,92.0,94.0,95.0,95.0,96.0,96.0,96.0,94.0,93.0,89.0,86.0,84.0,89.0,93.0,94.0,95.0
481,85.0,92.0,88.0,88.0,92.0,92.0,92.0,92.0,92.0,92.0,92.0,92.0,92.0,92.0,92.0,85.0,85.0,85.0,89.0,92.0,92.0,92.0,92.0,96.0
482,86.0,87.0,89.0,92.0,89.0,89.0,89.0,93.0,92.0,89.0,92.0,92.0,92.0,93.0,92.0,85.0,82.0,82.0,79.0,81.0,79.0,82.0,86.0,82.0
483,70.0,73.0,73.0,75.0,72.0,72.0,75.0,79.0,75.0,78.0,82.0,78.0,85.0,88.0,92.0,92.0,88.0,88.0,88.0,88.0,85.0,85.0,82.0,76.0
484,82.0,79.0,82.0,82.0,82.0,78.0,85.0,82.0,85.0,85.0,92.0,92.0,92.0,92.0,92.0,88.0,92.0,92.0,92.0,92.0,89.0,89.0,89.0,92.0
485,76.0,76.0,76.0,76.0,76.0,76.0,72.0,76.0,76.0,76.0,78.0,78.0,78.0,78.0,78.0,76.0,73.0,70.0,70.0,73.0,73.0,73.0,76.0,76.0
486,70.0,70.0,72.0,76.0,70.0,70.0,70.0,75.0,73.0,73.0,67.0,67.0,66.0,67.0,64.0,59.0,55.0,55.0,60.0,64.0,64.0,62.0,64.0,67.0
487,72.0,72.0,72.0,72.0,82.0,69.0,69.0,69.0,75.0,74.0,71.0,77.0,74.0,74.0,78.0,71.0,71.0,71.0,68.0,65.0,68.0,65.0,62.0,65.0
488,89.0,89.0,85.0,85.0,88.0,85.0,82.0,85.0,82.0,79.0,79.0,85.0,85.0,89.0,85.0,82.0,85.0,96.0,88.0,88.0,85.0,78.0,78.0,85.0
489,68.0,70.33333333333333,72.33333333333333,75.0,82.33333333333333,85.66666666666667,85.66666666666667,84.33333333333333,84.33333333333333,83.66666666666667,83.33333333333333,84.66666666666667,87.0,89.0,88.0,87.66666666666667,87.0,85.33333333333333,84.33333333333333,84.33333333333333,84.33333333333333,84.33333333333333,83.66666666666667,85.33333333333333
490,78.0,82.0,85.0,85.0,85.0,82.0,85.0,82.0,88.0,88.0,88.0,85.0,85.0,82.0,82.0,85.0,85.0,85.0,85.0,88.0,88.0,88.0,88.0,88.0
491,78.0,78.0,78.0,78.0,81.0,81.0,81.0,89.0,92.0,96.0,92.0,96.0,92.0,92.0,92.0,88.0,88.0,85.0,85.0,81.0,78.0,75.0,75.0,76.0
492,76.0,75.0,78.0,82.0,78.0,82.0,79.0,82.0,79.0,82.0,85.0,92.0,92.0,92.0,92.0,92.0,88.0,88.0,85.0,82.0,85.0,85.0,85.0,82.0
493,72.0,78.0,81.0,81.0,78.0,78.0,81.0,92.0,92.0,92.0,96.0,100.0,96.0,96.0,92.0,92.0,92.0,88.0,85.0,85.0,78.0,81.0,82.0,78.0
494,65.0,67.0,70.0,76.0,73.0,76.0,85.0,89.0,92.0,96.0,96.0,96.0,96.0,96.0,96.0,96.0,92.0,92.0,92.0,92.0,89.0,85.0,81.0,81.0
495,78.0,81.0,81.0,81.0,81.0,81.0,89.0,92.0,92.0,96.0,96.0,96.0,96.0,96.0,92.0,92.0,89.0,82.0,81.0,75.0,72.0,72.0,71.0,72.0
496,75.0,82.0,82.0,78.0,78.0,82.0,96.0,96.0,96.0,96.0,96.0,92.0,92.0,92.0,88.0,85.0,85.0,72.0,78.0,71.0,69.0,69.0,68.0,74.0
497,75.0,75.0,88.0,92.0,92.0,92.0,92.0,96.0,92.0,93.0,96.0,92.0,92.0,91.0,88.0,84.0,84.0,74.0,74.0,74.0,78.0,78.0,78.0,84.0
498,60.0,63.0,68.0,70.0,65.0,65.0,68.0,70.0,79.0,82.0,82.0,78.0,81.0,78.0,81.0,75.0,66.0,69.0,66.0,66.0,63.0,65.0,74.0,77.0
499,62.0,60.0,68.0,70.0,68.0,68.0,70.0,73.0,79.0,82.0,82.0,81.0,81.0,85.0,82.0,81.0,78.0,77.0,71.0,68.0,72.0,81.0,86.0,84.0
500,52.0,58.0,60.0,65.0,60.0,70.0,78.0,78.0,76.0,81.0,88.0,89.0,89.0,88.0,88.0,81.0,78.0,71.0,68.0,71.0,81.0,84.0,84.0,84.0
501,60.333333333333336,67.0,68.0,69.33333333333333,66.0,66.33333333333333,70.0,77.33333333333333,84.33333333333333,85.66666666666667,84.66666666666667,82.33333333333333,85.66666666666667,83.66666666666667,84.0,79.66666666666667,71.66666666666667,74.0,71.66666666666667,69.66666666666667,66.66666666666667,70.66666666666667,77.66666666666667,79.66666666666667
502,71.0,99.0,97.0,85.0,81.0,77.0,77.0,81.0,91.0,99.0,99.0,95.0,95.0,98.0,94.0,90.0,81.0,75.0,75.0,74.0,75.0,89.0,95.0,96.0
503,79.0,81.33333333333333,84.33333333333333,85.66666666666667,93.0,93.66666666666667,98.33333333333333,100.0,100.0,100.0,100.0,100.0,100.0,100.0,93.66666666666667,90.0,88.66666666666667,84.0,62.333333333333336,56.666666666666664,54.0,53.0,55.333333333333336,67.66666666666667
504,54.0,58.0,63.0,73.0,86.0,82.0,88.0,85.0,89.0,96.0,92.0,92.0,84.0,84.0,84.0,81.0,81.0,77.0,74.0,71.0,68.0,68.0,70.0,70.0
505,70.0,70.0,79.0,79.0,85.0,88.0,89.0,88.0,88.0,89.0,85.0,85.0,84.0,84.0,81.0,78.0,71.0,71.0,68.0,65.0,68.0,65.0,65.0,68.0
506,60.666666666666664,64.66666666666667,67.0,67.33333333333333,68.33333333333333,71.33333333333333,77.33333333333333,85.66666666666667,89.33333333333333,88.66666666666667,86.0,87.33333333333333,89.0,87.66666666666667,87.0,83.66666666666667,80.66666666666667,77.0,71.66666666666667,70.33333333333333,72.66666666666667,75.66666666666667,79.0,80.33333333333333
507,39.0,40.0,47.0,60.0,67.0,73.0,92.0,88.0,88.0,88.0,92.0,100.0,96.0,92.0,92.0,96.0,92.0,88.0,88.0,88.0,81.0,84.0,84.0,84.0
508,32.0,41.0,48.0,56.0,62.0,62.0,70.0,75.0,75.0,82.0,81.0,84.0,88.0,88.0,92.0,88.0,78.0,75.0,71.0,78.0,78.0,78.0,78.0,78.0
509,33.0,53.0,64.0,85.0,88.0,92.0,92.0,96.0,96.0,96.0,96.0,96.0,96.0,100.0,100.0,95.0,92.0,92.0,96.0,92.0,88.0,92.0,92.0,88.0
510,27.0,25.0,44.0,43.0,57.0,64.0,72.0,81.0,82.0,82.0,85.0,85.0,85.0,92.0,100.0,100.0,96.0,96.0,100.0,96.0,96.0,96.0,96.0,92.0
511,58.0,56.0,63.0,70.0,79.0,96.0,96.0,96.0,96.0,92.0,92.0,96.0,96.0,96.0,92.0,92.0,88.0,88.0,84.0,88.0,84.0,84.0,88.0,88.0
512,60.0,65.0,73.0,88.0,88.0,88.0,92.0,88.0,88.0,84.0,88.0,84.0,88.0,88.0,84.0,84.0,77.0,77.0,71.0,68.0,68.0,65.0,65.0,68.0
513,96.0,100.0,100.0,100.0,96.0,100.0,96.0,91.0,92.0,88.0,96.0,92.0,92.0,96.0,96.0,88.0,88.0,84.0,88.0,88.0,88.0,88.0,84.0,84.0
514,88.0,96.0,96.0,100.0,96.0,96.0,92.0,92.0,92.0,88.0,92.0,92.0,92.0,91.0,91.0,87.0,87.0,83.0,80.0,80.0,80.0,77.0,77.0,77.0
515,29.0,30.0,45.0,51.0,56.0,60.0,55.0,78.0,75.0,81.0,78.0,84.0,78.0,71.0,77.0,69.0,66.0,61.0,61.0,72.0,75.0,78.0,85.0,88.0
516,40.0,65.0,72.0,72.0,67.0,61.0,62.0,75.0,89.0,78.0,78.0,76.0,78.0,72.0,69.0,73.0,76.0,72.0,70.0,70.0,70.0,64.0,62.0,60.0
517,30.0,34.0,37.0,42.0,45.0,75.0,82.0,78.0,85.0,96.0,96.0,92.0,92.0,92.0,88.0,88.0,88.0,84.0,80.0,77.0,74.0,74.0,77.0,80.0
518,40.0,65.0,68.0,67.0,59.0,50.0,52.0,54.0,46.0,42.0,46.0,64.0,50.0,64.0,67.0,70.0,78.0,89.0,89.0,86.0,76.0,70.0,65.0,60.0
519,62.0,75.0,92.0,92.0,96.0,96.0,92.0,92.0,96.0,92.0,92.0,92.0,92.0,92.0,88.0,92.0,88.0,84.0,84.0,84.0,84.0,81.0,84.0,81.0
520,55.0,57.0,61.0,88.0,92.0,92.0,92.0,96.0,96.0,92.0,96.0,92.0,88.0,88.0,88.0,88.0,68.0,61.0,64.0,63.0,61.0,53.0,52.0,49.0
521,38.0,48.0,46.0,45.0,59.0,59.0,59.0,88.0,96.0,100.0,100.0,100.0,92.0,88.0,81.0,88.0,78.0,78.0,69.0,72.0,64.0,56.0,50.0,52.0
522,17.0,21.0,31.0,34.0,44.0,50.0,50.0,45.0,49.0,59.0,59.0,61.0,53.0,67.0,53.0,61.0,52.0,41.0,25.0,20.0,22.0,26.0,27.0,26.0
523,34.0,44.0,50.0,47.0,60.0,66.0,47.0,60.0,65.0,63.0,63.0,66.0,63.0,66.0,66.0,68.0,63.0,54.0,44.0,43.0,50.0,52.0,49.0,51.0
524,13.0,17.0,25.0,32.0,33.0,33.0,38.0,38.0,39.0,42.0,45.0,44.0,44.0,46.0,49.0,50.0,38.0,31.0,29.0,39.0,43.0,41.0,38.0,40.0
525,15.0,29.0,38.0,38.0,40.0,47.0,43.0,47.0,46.0,50.0,50.0,50.0,58.0,58.0,58.0,62.0,50.0,38.0,28.0,23.0,22.0,19.0,19.0,19.0
526,39.0,48.0,36.0,36.0,38.0,41.0,43.0,46.0,50.0,50.0,53.0,50.0,53.0,76.0,61.0,53.0,44.0,47.0,48.0,52.0,56.0,52.0,62.333333333333336,59.0
527,38.666666666666664,52.333333333333336,54.666666666666664,60.666666666666664,60.666666666666664,59.666666666666664,61.666666666666664,65.66666666666667,69.0,75.33333333333333,72.0,80.33333333333333,89.0,95.0,93.66666666666667,93.66666666666667,85.0,74.0,69.33333333333333,63.333333333333336,50.333333333333336,45.333333333333336,45.0,56.0
528,27.0,34.0,39.0,48.0,51.0,53.0,55.0,55.0,55.0,57.0,57.0,59.0,62.0,59.0,64.0,56.0,59.0,51.0,41.0,32.0,27.0,26.0,25.0,25.0
529,18.0,22.0,29.0,34.0,42.0,47.0,49.0,57.0,59.0,61.0,64.0,64.0,67.0,69.0,72.0,78.0,69.0,64.0,50.0,38.0,29.0,22.0,20.0,24.0
530,56.0,34.333333333333336,63.0,50.0,72.0,71.0,82.0,82.0,55.666666666666664,76.0,81.0,93.0,76.0,71.0,71.0,62.0,74.33333333333333,51.0,77.0,72.0,68.0,63.0,68.0,72.0
531,94.66666666666667,95.66666666666667,95.66666666666667,95.0,93.0,91.66666666666667,91.33333333333333,90.66666666666667,88.66666666666667,90.66666666666667,90.66666666666667,90.33333333333333,89.66666666666667,87.66666666666667,87.66666666666667,86.33333333333333,79.33333333333333,76.66666666666667,76.33333333333333,70.33333333333333,63.333333333333336,65.33333333333333,71.66666666666667,74.0
532,92.0,88.0,96.0,92.0,88.0,92.0,92.0,89.0,92.0,92.0,88.0,88.0,85.0,82.0,79.0,62.0,57.0,64.0,55.0,51.0,51.0,55.0,68.0,70.0
533,89.0,92.0,92.0,92.0,89.0,88.0,89.0,88.0,85.0,85.0,85.0,85.0,82.0,85.0,82.0,76.0,73.0,70.0,58.0,55.0,51.0,55.0,67.0,59.0
534,92.0,92.0,92.0,92.0,92.0,89.0,92.0,92.0,96.0,92.0,92.0,96.0,96.0,92.0,89.0,85.0,76.0,70.0,72.0,76.0,65.0,64.0,85.0,85.0
535,85.0,82.0,85.0,82.0,81.0,85.0,78.0,79.0,64.0,64.0,75.0,67.0,85.0,85.0,76.0,70.0,57.0,49.0,47.0,49.0,50.0,55.0,53.0,55.0
536,98.33333333333333,99.0,98.66666666666667,98.33333333333333,97.33333333333333,97.33333333333333,97.33333333333333,97.66666666666667,95.0,96.0,94.33333333333333,92.33333333333333,91.0,90.0,89.66666666666667,88.66666666666667,84.66666666666667,84.0,86.0,87.66666666666667,86.33333333333333,89.66666666666667,89.0,90.33333333333333
537,100.0,100.0,100.0,100.0,100.0,100.0,100.0,100.0,100.0,100.0,100.0,100.0,100.0,100.0,100.0,100.0,100.0,100.0,100.0,100.0,100.0,100.0,100.0,100.0
538,96.0,96.0,96.0,96.0,96.0,96.0,96.0,96.0,96.0,100.0,96.0,100.0,100.0,96.0,100.0,96.0,92.0,89.0,85.0,72.0,62.0,67.0,78.0,73.0
539,92.0,96.0,89.0,92.0,88.0,82.0,81.0,82.0,82.0,79.0,79.0,82.0,82.0,75.0,75.0,72.0,72.0,64.0,67.0,70.0,76.0,70.0,67.0,73.0
540,92.0,89.0,88.0,88.0,88.0,85.0,88.0,88.0,82.0,78.0,88.0,79.0,76.0,70.0,85.0,89.0,86.0,70.0,60.0,53.0,55.0,55.0,88.0,88.0
541,88.0,88.0,84.0,88.0,84.0,84.0,84.0,84.0,84.0,81.0,81.0,84.0,81.0,81.0,78.0,78.0,75.0,75.0,75.0,72.0,75.0,75.0,78.0,75.0
542,96.0,100.0,96.0,96.0,92.0,92.0,96.0,92.0,96.0,96.0,92.0,96.0,96.0,92.0,96.0,88.0,78.0,78.0,78.0,78.0,78.0,92.0,92.0,92.0
543,69.0,74.0,67.0,74.0,76.0,80.0,83.0,86.0,90.0,88.0,89.0,89.0,93.0,86.0,80.0,68.0,61.333333333333336,68.0,58.0,63.666666666666664,63.0,55.333333333333336,68.0,73.0
544,88.0,87.0,90.33333333333333,86.0,74.66666666666667,72.0,73.0,72.33333333333333,75.33333333333333,79.33333333333333,79.0,84.66666666666667,90.33333333333333,92.33333333333333,92.66666666666667,81.0,70.66666666666667,62.666666666666664,63.333333333333336,61.0,66.33333333333333,68.33333333333333,69.33333333333333,70.33333333333333
545,76.0,70.0,73.0,70.0,72.0,70.0,67.0,70.0,70.0,75.0,75.0,82.0,85.0,88.0,85.0,85.0,85.0,85.0,79.0,73.0,69.0,69.0,69.0,69.0
546,64.0,67.0,67.0,59.0,61.0,64.0,61.0,64.0,70.0,70.0,70.0,82.0,88.0,85.0,85.0,82.0,82.0,78.0,75.0,72.0,72.0,72.0,67.0,69.0
547,82.0,82.0,82.0,85.0,82.0,75.0,75.0,81.0,79.0,75.0,82.0,75.0,78.0,81.0,82.0,75.0,69.0,85.0,82.0,85.0,82.0,75.0,78.0,81.0
548,85.0,78.0,82.0,82.0,78.0,72.0,69.0,69.0,69.0,66.0,66.0,69.0,72.0,72.0,75.0,75.0,78.0,69.0,75.0,66.0,60.0,66.0,66.0,71.0
549,82.0,78.0,82.0,78.0,85.0,69.0,63.0,66.0,72.0,72.0,72.0,72.0,71.0,71.0,78.0,78.0,69.0,75.0,69.0,60.0,51.0,53.0,56.0,58.0
550,64.0,70.0,72.0,75.0,75.0,69.0,72.0,72.0,81.0,85.0,85.0,85.0,85.0,85.0,85.0,78.0,75.0,72.0,69.0,67.0,64.0,59.0,58.0,58.0
551,75.0,78.0,78.0,78.0,82.0,82.0,85.0,92.0,88.0,92.0,92.0,92.0,92.0,92.0,88.0,85.0,78.0,75.0,72.0,72.0,69.0,69.0,69.0,69.0
552,72.0,69.0,72.0,76.0,72.0,72.0,66.0,76.0,66.0,69.0,72.0,75.0,78.0,78.0,69.0,63.0,58.0,58.0,54.0,54.0,51.0,51.0,51.0,58.0
553,69.0,69.0,72.0,81.0,85.0,85.0,85.0,85.0,85.0,85.0,81.0,78.0,78.0,77.0,72.0,66.0,60.0,58.0,53.0,58.0,56.0,56.0,58.0,60.0
554,92.0,96.0,100.0,100.0,96.0,92.0,96.0,96.0,96.0,96.0,96.0,96.0,92.0,88.0,88.0,81.0,78.0,75.0,78.0,78.0,75.0,75.0,74.0,77.0
555,69.0,69.0,66.0,63.0,64.0,64.0,66.0,69.0,69.0,69.0,66.0,66.0,63.0,63.0,60.0,58.0,54.0,51.0,49.0,54.0,54.0,49.0,54.0,53.0
556,72.0,66.0,69.0,69.0,68.0,66.0,68.0,68.0,68.0,68.0,68.0,71.0,71.0,71.0,74.0,71.0,65.0,63.0,57.0,52.0,50.0,48.0,52.0,57.0
557,63.0,63.0,63.0,63.0,66.0,66.0,66.0,68.0,74.0,74.0,74.0,77.0,81.0,78.0,77.0,64.0,63.0,55.0,53.0,53.0,51.0,53.0,55.0,55.0
558,77.66666666666667,88.66666666666667,93.66666666666667,93.66666666666667,92.66666666666667,91.33333333333333,92.33333333333333,92.33333333333333,88.66666666666667,90.33333333333333,89.66666666666667,88.33333333333333,83.66666666666667,84.66666666666667,82.0,82.0,82.0,80.33333333333333,81.66666666666667,82.0,80.66666666666667,79.66666666666667,83.0,79.66666666666667
559,72.0,78.0,78.0,78.0,82.0,88.0,88.0,84.0,84.0,84.0,80.0,80.0,80.0,84.0,80.0,77.0,74.0,74.0,74.0,65.0,60.0,62.0,62.0,62.0
560,78.0,83.66666666666667,86.66666666666667,91.0,91.66666666666667,90.0,90.0,91.0,88.33333333333333,88.33333333333333,88.33333333333333,86.66666666666667,85.33333333333333,87.0,84.66666666666667,84.0,81.66666666666667,81.0,74.66666666666667,68.66666666666667,64.66666666666667,59.666666666666664,58.333333333333336,64.66666666666667
561,75.0,84.0,89.0,100.0,100.0,98.0,98.0,94.0,91.0,91.0,91.0,89.0,88.0,90.0,87.0,86.0,84.0,84.0,77.0,70.0,65.0,54.0,56.0,62.0
562,78.0,75.0,92.0,88.0,88.0,84.0,84.0,80.0,80.0,80.0,84.0,84.0,80.0,80.0,84.0,80.0,73.0,73.0,69.0,64.0,61.0,58.0,58.0,64.0
563,63.0,63.0,63.0,71.0,71.0,68.0,68.0,70.0,68.0,65.0,65.0,65.0,62.0,65.0,65.0,64.0,60.0,59.0,54.0,50.0,48.0,46.0,45.0,56.0
564,71.33333333333333,73.33333333333333,78.0,89.33333333333333,93.0,91.66666666666667,92.33333333333333,92.33333333333333,90.66666666666667,89.0,89.66666666666667,88.0,87.0,86.33333333333333,86.0,85.33333333333333,84.33333333333333,83.0,77.33333333333333,73.33333333333333,67.33333333333333,62.0,64.0,67.0
565,82.0,96.0,92.0,92.0,72.0,75.0,74.0,68.0,68.0,68.0,68.0,68.0,68.0,68.0,68.0,68.0,62.0,60.0,63.0,52.0,50.0,48.0,50.0,54.0
566,91.0,88.0,84.0,80.0,84.0,84.0,80.0,80.0,80.0,80.0,80.0,83.0,83.0,83.0,83.0,79.0,76.0,72.0,73.0,64.0,56.0,53.0,64.0,72.0
567,82.0,73.0,88.0,92.0,88.0,88.0,88.0,88.0,87.0,87.0,92.0,87.0,92.0,92.0,87.0,92.0,92.0,88.0,88.0,88.0,84.0,84.0,84.0,84.0
568,92.0,92.0,92.0,96.0,92.0,92.0,88.0,96.0,88.0,91.0,95.0,95.0,91.0,95.0,91.0,91.0,92.0,92.0,95.0,88.0,92.0,84.0,81.0,78.0
569,96.0,96.0,92.0,92.0,91.0,92.0,92.0,92.0,88.0,92.0,88.0,92.0,95.0,92.0,88.0,87.0,84.0,84.0,84.0,88.0,78.0,81.0,84.0,83.0
570,38.0,44.0,72.0,82.0,85.0,81.0,78.0,81.0,88.0,89.0,88.0,91.0,88.0,88.0,88.0,84.0,84.0,80.0,77.0,74.0,77.0,77.0,77.0,80.0
571,92.0,88.0,88.0,88.0,84.0,81.0,84.0,84.0,88.0,80.0,80.0,80.0,87.0,87.0,88.0,84.0,84.0,71.0,68.0,62.0,60.0,65.0,66.0,68.0
572,41.0,46.0,54.0,60.0,63.0,61.0,63.0,63.0,75.0,88.0,92.0,88.0,91.0,88.0,92.0,88.0,84.0,84.0,81.0,74.0,68.0,69.0,66.0,68.0
573,75.0,75.0,89.0,92.0,96.0,92.0,92.0,91.0,96.0,96.0,92.0,92.0,88.0,92.0,88.0,92.0,92.0,88.0,84.0,84.0,81.0,81.0,84.0,80.0
574,84.0,88.0,92.0,84.0,88.0,92.0,92.0,87.0,92.0,87.0,84.0,88.0,87.0,88.0,84.0,84.0,84.0,77.0,77.0,77.0,74.0,68.0,71.0,75.0
575,37.0,44.0,47.0,44.0,47.0,47.0,57.0,60.0,67.0,76.0,76.0,78.0,73.0,81.0,85.0,85.0,85.0,79.0,68.0,60.0,52.0,46.0,46.0,44.0
576,46.0,60.0,66.0,75.0,82.0,79.0,82.0,82.0,79.0,76.0,70.0,64.0,64.0,69.0,72.0,72.0,69.0,59.0,53.0,51.0,49.0,42.0,36.0,40.0
577,85.0,89.0,89.0,92.0,88.0,88.0,91.0,92.0,88.0,92.0,96.0,92.0,92.0,91.0,91.0,96.0,92.0,92.0,85.0,59.0,54.0,41.0,43.0,44.0
578,71.0,76.0,79.0,79.0,83.0,82.0,86.0,89.0,89.0,96.0,89.0,96.0,92.0,92.0,78.0,92.0,92.0,85.0,85.0,67.0,62.0,58.0,58.0,56.0
579,50.0,59.666666666666664,67.0,75.66666666666667,75.0,75.66666666666667,77.33333333333333,81.33333333333333,82.66666666666667,77.66666666666667,77.66666666666667,79.33333333333333,79.33333333333333,79.66666666666667,83.0,85.33333333333333,84.0,76.33333333333333,64.66666666666667,59.666666666666664,50.333333333333336,46.0,44.333333333333336,42.666666666666664
580,92.0,96.0,96.0,96.0,96.0,96.0,92.0,96.0,92.0,92.0,88.0,88.0,92.0,88.0,81.0,85.0,85.0,81.0,78.0,78.0,78.0,78.0,82.0,85.0
581,100.0,93.0,93.0,93.0,93.0,93.0,100.0,100.0,93.0,100.0,92.0,93.0,100.0,100.0,100.0,100.0,86.0,86.0,80.0,80.0,80.0,86.0,86.0,80.0
582,84.0,88.0,88.0,84.0,84.0,88.0,84.0,84.0,84.0,84.0,84.0,88.0,84.0,84.0,81.0,74.0,74.0,75.0,72.0,72.0,72.0,75.0,78.0,88.0
583,88.0,92.0,92.0,92.0,92.0,92.0,92.0,88.0,88.0,92.0,92.0,92.0,92.0,88.0,84.0,85.0,81.0,82.0,78.0,82.0,81.0,82.0,88.0,85.0
584,75.0,72.0,69.0,85.0,78.0,69.0,66.0,69.0,66.0,72.0,72.0,74.0,71.0,74.0,68.0,65.0,65.0,65.0,77.0,81.0,68.0,68.0,74.0,74.0
585,79.0,76.0,79.0,79.33333333333333,77.33333333333333,76.66666666666667,78.0,78.66666666666667,82.33333333333333,82.66666666666667,84.66666666666667,87.33333333333333,82.33333333333333,82.66666666666667,87.33333333333333,80.33333333333333,75.33333333333333,71.66666666666667,69.66666666666667,64.66666666666667,61.666666666666664,58.0,58.666666666666664,68.0
586,69.0,70.66666666666667,67.0,69.66666666666667,75.33333333333333,76.66666666666667,76.33333333333333,76.66666666666667,80.0,78.66666666666667,79.33333333333333,80.33333333333333,81.0,76.66666666666667,79.66666666666667,68.66666666666667,61.333333333333336,64.0,60.666666666666664,63.666666666666664,61.0,55.333333333333336,59.0,65.0
587,66.0,68.0,68.0,68.0,66.0,63.0,65.0,65.0,65.0,68.0,78.0,68.0,70.0,71.0,68.0,68.0,64.0,68.0,67.0,65.0,62.0,65.0,64.0,65.0
588,70.0,74.0,70.0,71.0,65.0,65.0,62.0,64.0,64.0,64.0,62.0,64.0,65.0,62.0,62.0,67.0,70.0,67.0,54.0,52.0,52.0,49.0,45.0,53.0
589,29.333333333333332,36.333333333333336,43.666666666666664,59.0,59.333333333333336,58.0,54.333333333333336,53.333333333333336,61.333333333333336,60.666666666666664,63.0,63.333333333333336,71.33333333333333,73.66666666666667,70.0,73.0,67.66666666666667,62.0,45.0,39.0,32.666666666666664,29.0,30.666666666666668,28.666666666666668
590,77.0,80.0,80.0,80.0,80.0,80.0,80.0,77.0,84.0,83.0,83.0,76.0,76.0,83.0,83.0,83.0,79.0,76.0,70.0,64.0,70.0,69.0,74.0,76.0
591,80.0,80.0,82.0,85.0,86.0,85.0,84.0,82.0,84.0,85.0,88.0,88.0,85.0,83.0,83.0,83.0,81.0,74.0,68.0,62.0,60.0,58.0,59.0,67.0
592,88.0,84.0,84.0,84.0,80.0,84.0,84.0,80.0,84.0,84.0,84.0,80.0,80.0,80.0,80.0,76.0,76.0,76.0,77.0,73.0,77.0,73.0,73.0,77.0
593,84.0,80.0,76.0,76.0,76.0,80.0,77.0,77.0,77.0,76.0,79.0,83.0,83.0,87.0,87.0,87.0,88.0,79.0,80.0,70.0,67.0,73.0,73.0,77.0
594,86.0,77.66666666666667,86.0,86.0,79.0,79.0,79.0,79.0,86.0,86.0,86.0,86.0,86.0,77.33333333333333,86.0,79.0,79.0,79.0,80.0,74.0,58.333333333333336,69.0,69.0,80.0
595,68.0,65.0,68.0,68.0,74.0,70.0,68.0,67.0,67.0,67.0,67.0,67.0,67.0,68.0,68.0,68.0,68.0,65.0,62.0,60.0,58.0,55.0,55.0,55.0
596,92.0,81.0,69.0,66.0,63.0,63.0,60.0,63.0,63.0,63.0,60.0,57.0,60.0,60.0,60.0,57.0,58.0,58.0,55.0,56.0,51.0,51.0,53.0,50.0
597,80.0,79.0,73.0,73.0,73.0,73.0,78.33333333333333,73.0,79.0,73.0,73.0,73.0,73.0,73.0,73.0,73.0,68.0,68.0,63.0,67.33333333333333,63.0,59.0,69.0,74.0
598,92.0,91.0,92.0,96.0,96.0,92.0,96.0,95.0,100.0,100.0,91.0,96.0,100.0,100.0,95.0,91.0,92.0,96.0,88.0,77.0,74.0,74.0,72.0,74.0
599,92.0,83.66666666666667,84.0,86.0,87.66666666666667,85.33333333333333,96.0,85.66666666666667,87.33333333333333,81.66666666666667,83.33333333333333,80.33333333333333,100.0,86.33333333333333,84.33333333333333,83.0,84.66666666666667,84.33333333333333,88.0,77.66666666666667,70.33333333333333,70.0,69.0,69.0
600,50.0,54.0,48.0,54.0,42.0,40.0,45.0,45.0,40.0,54.0,66.0,69.0,72.0,63.0,66.0,72.0,69.0,57.0,47.0,37.0,37.0,36.0,35.0,36.0
601,58.0,65.0,56.0,43.0,40.0,38.0,38.0,38.0,59.0,67.0,64.0,72.0,75.0,78.0,82.0,78.0,82.0,78.0,73.0,62.0,60.0,55.0,47.0,45.0
602,59.0,60.0,62.0,67.0,67.0,72.0,73.0,70.0,76.0,76.0,85.0,92.0,96.0,96.0,92.0,96.0,96.0,96.0,92.0,96.0,92.0,89.0,79.0,79.0
603,64.33333333333333,67.0,70.33333333333333,68.33333333333333,70.33333333333333,70.0,71.66666666666667,72.66666666666667,78.66666666666667,83.66666666666667,81.0,85.33333333333333,81.66666666666667,84.66666666666667,81.0,86.33333333333333,83.33333333333333,75.66666666666667,69.33333333333333,57.666666666666664,55.0,52.666666666666664,52.666666666666664,53.333333333333336
604,56.0,62.0,70.0,73.0,70.0,78.0,82.0,82.0,81.0,85.0,85.0,78.0,78.0,72.0,69.0,71.0,66.0,61.0,56.0,52.0,52.0,48.0,44.0,41.0
605,72.0,75.66666666666667,80.0,81.66666666666667,82.33333333333333,84.66666666666667,87.33333333333333,84.0,89.66666666666667,87.33333333333333,90.0,90.0,88.33333333333333,89.33333333333333,89.66666666666667,89.66666666666667,86.33333333333333,83.33333333333333,76.33333333333333,62.333333333333336,59.666666666666664,57.0,60.0,63.0
606,40.0,46.0,49.0,49.0,56.0,56.0,53.0,61.0,56.0,60.0,60.0,60.0,60.0,65.0,70.0,65.0,53.0,46.0,46.0,43.0,43.0,40.0,40.0,46.0
607,77.0,77.0,80.0,80.0,77.0,77.0,77.0,80.0,86.0,86.0,82.0,82.0,82.0,76.0,82.0,89.0,89.0,86.0,71.0,61.0,54.0,49.0,50.0,52.0
608,72.0,75.0,76.0,72.0,76.0,76.0,76.0,76.0,82.0,76.0,72.0,70.0,76.0,79.0,70.0,64.0,65.0,58.0,58.0,58.0,58.0,62.0,64.0,67.0
609,87.0,91.0,100.0,96.0,95.0,98.0,99.0,99.0,99.0,99.0,99.0,99.0,99.0,99.0,98.0,87.0,69.0,60.0,47.0,47.0,43.0,44.0,47.0,68.0
610,70.0,75.0,66.33333333333333,68.0,67.33333333333333,66.33333333333333,69.66666666666667,68.33333333333333,67.33333333333333,65.0,62.333333333333336,64.66666666666667,75.0,78.0,61.0,61.0,57.0,57.0,53.0,51.0,53.0,55.0,56.0,62.333333333333336
611,43.333333333333336,51.0,57.0,62.333333333333336,65.66666666666667,63.333333333333336,62.333333333333336,71.0,76.0,74.33333333333333,73.0,75.66666666666667,73.0,78.0,78.66666666666667,76.66666666666667,66.0,64.66666666666667,61.666666666666664,59.666666666666664,69.0,69.66666666666667,63.0,61.0
612,84.0,88.0,80.0,84.0,80.0,80.0,84.0,80.0,77.0,77.0,80.0,80.0,80.0,80.0,87.0,84.0,80.0,73.0,67.0,62.0,57.0,60.0,55.0,60.0
613,58.0,58.0,51.666666666666664,62.0,62.0,62.333333333333336,57.666666666666664,69.0,73.33333333333333,77.33333333333333,82.33333333333333,83.0,80.33333333333333,87.0,83.0,67.0,52.0,46.0,42.333333333333336,43.0,38.666666666666664,38.0,43.0,52.0
614,80.0,90.0,96.0,96.0,100.0,100.0,100.0,100.0,100.0,100.0,100.0,100.0,100.0,100.0,100.0,89.0,80.0,72.0,63.0,51.0,47.0,44.0,44.0,48.0
615,100.0,100.0,100.0,100.0,100.0,100.0,100.0,100.0,100.0,100.0,100.0,100.0,98.0,76.0,73.0,72.0,72.0,67.0,63.0,66.0,74.0,99.0,78.0,81.0
616,88.66666666666667,89.33333333333333,90.66666666666667,94.66666666666667,92.33333333333333,92.0,93.66666666666667,93.33333333333333,92.33333333333333,92.33333333333333,92.33333333333333,92.33333333333333,92.66666666666667,92.33333333333333,85.33333333333333,81.0,70.33333333333333,64.33333333333333,57.666666666666664,53.0,51.666666666666664,66.33333333333333,69.66666666666667,69.33333333333333
617,88.66666666666667,90.66666666666667,92.0,94.66666666666667,96.0,93.33333333333333,96.0,94.66666666666667,94.66666666666667,94.66666666666667,93.33333333333333,93.33333333333333,93.66666666666667,90.0,83.0,77.0,74.0,59.333333333333336,53.333333333333336,47.666666666666664,50.333333333333336,64.66666666666667,68.66666666666667,71.66666666666667
618,96.0,96.0,96.0,96.0,92.0,88.0,85.0,92.0,96.0,96.0,93.0,89.0,89.0,82.0,76.0,73.0,63.0,55.0,49.0,55.0,62.0,64.0,65.0,57.0
619,75.0,73.0,75.0,75.0,78.0,75.0,75.0,75.0,75.0,73.0,73.0,72.0,72.0,72.0,70.0,64.0,64.0,62.0,60.0,57.0,57.0,59.0,59.0,73.0
620,28.666666666666668,36.333333333333336,41.666666666666664,46.0,47.333333333333336,49.666666666666664,47.666666666666664,49.666666666666664,48.666666666666664,52.0,53.0,49.666666666666664,50.333333333333336,59.333333333333336,73.0,73.0,62.0,60.333333333333336,57.333333333333336,54.666666666666664,52.333333333333336,57.666666666666664,65.33333333333333,61.666666666666664
621,81.0,81.0,81.0,81.0,81.0,81.0,81.0,81.0,81.0,85.0,85.0,92.0,92.0,92.0,92.0,88.0,88.0,88.0,85.0,82.0,82.0,81.0,82.0,78.0
622,91.0,94.0,99.0,96.0,97.0,95.0,97.0,96.0,98.0,98.0,99.0,98.0,96.0,99.0,96.0,96.0,90.0,92.0,91.0,93.0,93.0,93.0,93.0,96.0
623,87.0,87.66666666666667,87.0,87.0,87.0,87.0,87.0,87.0,87.0,81.0,87.0,87.0,93.0,87.0,75.0,74.33333333333333,87.0,93.0,93.0,93.0,81.0,75.0,71.33333333333333,75.0
624,83.33333333333333,84.66666666666667,84.66666666666667,80.66666666666667,74.33333333333333,72.0,72.0,72.0,77.66666666666667,74.66666666666667,75.33333333333333,74.0,74.33333333333333,75.0,71.0,69.0,66.33333333333333,61.333333333333336,58.0,56.0,58.0,63.0,73.0,69.66666666666667
625,67.0,67.0,73.0,70.0,73.0,76.0,76.0,79.0,79.0,73.0,76.0,73.0,76.0,73.0,70.0,63.0,54.0,51.0,54.0,54.0,51.0,54.0,60.0,58.0
626,78.0,79.0,79.0,75.0,75.0,82.0,75.0,72.0,70.0,72.0,67.0,70.0,70.0,68.0,67.0,60.0,60.0,56.0,51.0,53.0,55.0,57.0,59.0,51.0
627,73.0,77.0,76.0,77.0,76.0,72.0,72.0,70.0,69.0,68.0,72.0,67.0,69.0,73.0,67.0,70.0,55.0,57.0,56.0,54.0,52.0,54.0,55.0,54.0
628,76.66666666666667,79.0,75.0,75.66666666666667,75.66666666666667,76.0,74.66666666666667,75.33333333333333,72.0,72.66666666666667,69.0,70.0,70.0,68.33333333333333,67.33333333333333,60.0,57.333333333333336,54.666666666666664,52.333333333333336,53.666666666666664,52.666666666666664,54.333333333333336,54.333333333333336,50.333333333333336
629,66.0,66.0,66.0,57.0,61.0,66.0,61.0,61.0,66.0,61.0,61.0,61.0,61.0,57.0,58.0,54.0,58.0,54.0,50.0,57.0,53.0,61.0,61.0,66.0
630,75.66666666666667,73.66666666666667,72.66666666666667,67.66666666666667,68.0,70.66666666666667,69.0,70.0,70.33333333333333,70.0,72.0,71.0,69.0,66.66666666666667,65.33333333333333,62.333333333333336,59.666666666666664,55.333333333333336,52.666666666666664,55.666666666666664,54.333333333333336,57.666666666666664,59.666666666666664,59.666666666666664
631,82.0,79.0,76.0,76.0,70.0,70.0,73.0,73.0,68.0,65.0,68.0,70.0,70.0,64.0,64.0,64.0,70.0,67.0,67.0,67.0,64.0,67.0,73.0,67.0
632,26.0,40.0,45.0,45.0,52.0,56.0,53.0,56.0,64.0,58.0,62.0,63.0,73.0,73.0,70.0,74.0,70.0,70.0,52.0,40.0,36.0,35.0,31.0,31.0
633,38.666666666666664,34.333333333333336,53.666666666666664,50.0,60.666666666666664,61.0,64.33333333333333,61.0,55.666666666666664,64.0,76.66666666666667,72.66666666666667,67.0,69.0,67.66666666666667,74.33333333333333,74.33333333333333,64.0,64.33333333333333,57.333333333333336,61.333333333333336,56.0,59.666666666666664,64.33333333333333
634,47.0,55.666666666666664,55.666666666666664,53.666666666666664,55.0,55.333333333333336,60.666666666666664,55.666666666666664,64.33333333333333,65.0,59.0,64.33333333333333,69.66666666666667,76.0,72.0,69.66666666666667,67.66666666666667,59.333333333333336,64.0,62.666666666666664,63.333333333333336,61.0,63.0,62.333333333333336
635,39.0,51.0,55.0,57.0,53.0,56.0,56.0,61.0,60.0,65.0,68.0,70.0,70.0,76.0,76.0,79.0,76.0,66.0,59.0,53.0,40.0,51.0,60.0,67.0
636,31.0,39.0,47.0,52.0,65.0,61.0,60.0,64.0,69.0,73.0,68.0,72.0,73.0,78.0,73.0,73.0,69.0,52.0,41.0,39.0,35.0,31.0,28.0,27.0
637,30.0,31.0,34.0,54.0,56.0,61.0,66.0,71.0,71.0,74.0,77.0,75.0,77.0,84.0,84.0,74.0,56.0,44.0,34.0,29.0,24.0,24.0,23.0,23.0
638,23.0,36.0,42.0,42.0,33.0,39.0,56.0,65.0,72.0,82.0,85.0,93.0,90.0,93.0,89.0,92.0,93.0,96.0,99.0,99.0,100.0,99.0,99.0,99.0
639,46.555555555555564,49.666666666666664,42.888888888888886,40.22222222222222,43.0,52.888888888888886,61.666666666666664,70.0,80.55555555555556,82.77777777777777,86.22222222222223,89.66666666666667,93.55555555555556,95.33333333333333,93.8888888888889,95.0,96.33333333333333,96.44444444444444,97.33333333333333,97.8888888888889,98.77777777777777,98.1111111111111,96.77777777777777,97.33333333333333
640,47.0,48.0,53.0,56.0,63.0,69.0,87.0,86.0,91.0,82.0,90.0,89.0,87.0,88.0,88.0,89.0,92.0,92.0,91.0,94.0,94.0,92.0,92.0,93.0
641,66.0,79.0,71.0,74.0,70.0,73.0,79.0,79.0,86.0,89.0,86.0,82.0,82.0,82.0,85.0,82.0,82.0,82.0,85.0,85.0,81.0,82.0,81.0,78.0
642,48.0,62.0,68.0,74.0,76.0,78.0,80.0,81.0,76.0,79.0,83.0,85.0,86.0,83.0,67.0,55.0,47.0,42.0,40.0,40.0,41.0,42.0,46.0,52.0
643,84.0,84.0,85.0,84.0,83.0,85.0,85.0,85.0,84.0,83.0,81.0,74.0,77.0,84.0,76.0,73.0,72.0,72.0,68.0,68.0,67.0,66.0,73.0,78.0
644,69.33333333333333,66.0,70.33333333333333,74.66666666666667,81.0,81.33333333333333,90.0,88.33333333333333,85.33333333333333,80.0,79.0,77.0,75.0,74.66666666666667,64.66666666666667,58.666666666666664,54.333333333333336,52.0,53.333333333333336,52.666666666666664,54.666666666666664,57.333333333333336,64.66666666666667,74.0
645,69.0,66.0,62.0,57.0,58.0,60.0,59.0,60.0,64.0,67.0,68.0,76.0,66.0,64.0,61.0,60.0,59.0,55.0,53.0,51.0,51.0,53.0,56.0,65.0
646,81.33333333333333,84.33333333333333,87.33333333333333,81.0,79.33333333333333,77.0,77.33333333333333,75.66666666666667,78.0,84.0,80.33333333333333,90.33333333333333,82.0,79.33333333333333,66.33333333333333,57.0,54.0,53.0,52.0,50.666666666666664,50.666666666666664,54.0,62.0,66.0
647,81.0,83.0,83.0,84.0,89.0,93.0,94.0,94.0,88.0,96.0,97.0,98.0,98.0,76.0,71.0,67.0,61.0,56.0,60.0,59.0,60.0,64.0,74.0,81.0
648,10.0,11.0,12.0,15.0,16.0,16.0,16.0,17.0,19.0,20.0,21.0,21.0,23.0,25.0,23.0,25.0,17.0,18.0,14.0,12.0,11.0,12.0,12.0,12.0
649,8.0,10.0,13.0,15.0,16.0,18.0,19.0,20.0,23.0,24.0,25.0,28.0,29.0,28.0,29.0,28.0,24.0,22.0,17.0,13.0,12.0,11.0,10.0,9.0
650,15.0,20.0,21.0,20.0,23.0,26.0,28.0,25.0,26.0,34.0,28.0,28.0,30.0,32.0,31.0,32.0,27.0,26.0,20.0,18.0,15.0,12.0,11.0,11.0
651,9.0,10.333333333333334,12.333333333333334,13.333333333333334,14.666666666666666,15.333333333333334,17.666666666666668,19.0,21.666666666666668,23.0,22.333333333333332,24.333333333333332,25.0,24.333333333333332,24.333333333333332,24.666666666666668,23.0,21.666666666666668,19.0,16.333333333333332,14.0,11.0,10.666666666666666,10.333333333333334
652,28.0,30.0,32.0,32.0,37.0,37.0,40.0,49.0,39.0,39.0,49.0,45.0,60.0,65.0,75.0,66.0,61.0,57.0,57.0,54.0,54.0,57.0,66.0,65.33333333333333
653,50.0,54.0,50.0,54.0,54.0,47.0,50.0,53.0,57.0,53.0,56.0,75.0,70.0,80.0,87.0,81.0,87.0,80.0,86.0,80.0,93.0,93.0,93.0,93.0
654,53.0,61.666666666666664,66.0,65.33333333333333,64.33333333333333,64.33333333333333,65.0,67.33333333333333,68.33333333333333,72.33333333333333,74.33333333333333,72.0,75.0,74.33333333333333,75.0,62.666666666666664,55.0,45.666666666666664,39.666666666666664,36.333333333333336,34.666666666666664,38.0,42.333333333333336,47.666666666666664
655,58.0,49.666666666666664,57.666666666666664,62.0,63.333333333333336,73.33333333333333,87.0,86.0,90.0,82.0,79.0,75.0,75.0,79.0,90.0,72.0,79.0,70.0,66.0,68.0,73.0,77.0,80.0,84.0
656,79.0,90.0,94.0,95.0,99.0,99.0,99.0,99.0,99.0,99.0,99.0,99.0,99.0,99.0,100.0,84.0,69.0,59.0,54.0,48.0,45.0,41.0,43.0,53.0
657,91.0,94.0,96.0,96.0,96.0,97.0,98.0,96.0,97.0,96.0,97.0,96.0,94.0,95.0,91.0,83.0,69.0,61.0,55.0,49.0,46.0,42.0,46.0,64.0
658,93.0,100.0,93.0,100.0,93.0,100.0,100.0,100.0,100.0,100.0,100.0,100.0,100.0,100.0,75.33333333333333,62.666666666666664,55.0,51.0,49.0,46.0,47.333333333333336,48.666666666666664,67.0,93.0
659,80.0,97.0,99.0,97.0,96.33333333333333,93.0,100.0,99.0,99.0,99.0,99.0,99.0,99.0,97.0,78.0,61.0,55.0,53.0,46.0,44.0,46.0,46.0,63.0,90.0
660,99.0,100.0,100.0,100.0,100.0,100.0,100.0,100.0,100.0,100.0,100.0,100.0,100.0,100.0,85.0,68.0,57.0,53.0,50.0,49.0,49.0,49.0,78.0,92.0
661,65.0,81.0,64.33333333333333,66.66666666666667,68.0,68.0,73.66666666666667,93.0,100.0,100.0,93.0,100.0,87.66666666666667,76.0,67.0,67.66666666666667,67.0,63.0,59.0,63.0,67.0,82.0,75.66666666666667,93.0
662,60.0,63.0,57.666666666666664,61.0,61.0,61.333333333333336,67.0,71.33333333333333,73.66666666666667,73.0,71.66666666666667,76.66666666666667,77.0,69.0,64.0,63.666666666666664,62.666666666666664,62.333333333333336,61.0,61.0,62.666666666666664,68.33333333333333,69.66666666666667,77.0
663,28.0,53.0,51.0,62.333333333333336,65.33333333333333,66.33333333333333,73.33333333333333,74.33333333333333,74.33333333333333,77.66666666666667,76.0,78.33333333333333,77.33333333333333,80.0,80.0,79.33333333333333,77.66666666666667,61.333333333333336,48.0,39.0,33.666666666666664,29.0,27.0,26.0
664,17.0,25.333333333333332,34.333333333333336,33.666666666666664,34.666666666666664,38.666666666666664,42.0,39.333333333333336,41.333333333333336,47.0,48.666666666666664,50.333333333333336,50.666666666666664,51.666666666666664,54.0,50.666666666666664,40.0,34.0,30.666666666666668,23.333333333333332,21.0,19.666666666666668,19.0,17.333333333333332
665,28.333333333333332,31.333333333333332,36.666666666666664,36.0,38.333333333333336,40.0,41.0,48.333333333333336,40.666666666666664,47.666666666666664,51.666666666666664,52.0,54.333333333333336,68.0,74.66666666666667,69.66666666666667,66.66666666666667,64.0,63.0,61.666666666666664,61.666666666666664,63.333333333333336,70.0,82.33333333333333
666,24.0,31.0,39.0,43.0,38.0,37.0,34.0,38.0,55.0,55.0,56.0,55.0,51.0,56.0,58.0,48.0,37.0,34.0,26.0,21.0,19.0,17.0,15.0,15.0
667,37.0,46.0,55.0,60.0,64.0,62.0,69.0,67.0,72.0,67.0,65.0,70.0,72.0,72.0,70.0,70.0,70.0,70.0,70.0,73.0,72.0,72.0,82.0,85.0
668,36.0,44.0,47.0,49.0,48.0,50.0,52.0,52.0,61.0,63.0,65.0,71.0,74.0,76.0,76.0,74.0,64.0,60.0,52.0,52.0,51.0,50.0,49.0,58.0
669,30.0,42.0,50.0,56.0,63.0,76.0,86.0,85.0,92.0,92.0,92.0,96.0,96.0,92.0,89.0,86.0,78.0,61.0,52.0,47.0,44.0,46.0,46.0,53.0
670,36.0,66.0,79.0,79.0,82.0,89.0,66.0,89.0,92.0,92.0,93.0,92.0,90.0,89.0,89.0,89.0,77.0,68.0,57.0,50.0,48.0,50.0,55.0,57.0
671,63.0,67.0,67.0,72.0,77.0,94.0,100.0,100.0,100.0,100.0,100.0,100.0,100.0,100.0,100.0,82.0,64.0,56.0,56.0,53.0,53.0,53.0,60.0,64.0
672,49.0,57.0,70.0,69.0,66.0,68.0,70.0,78.0,83.0,84.0,85.0,87.0,90.0,95.0,93.0,85.0,74.0,68.0,58.0,42.0,48.0,52.0,51.0,56.0
673,72.0,82.0,82.0,76.0,87.0,81.0,87.0,94.33333333333333,93.0,93.0,93.0,93.0,93.0,93.0,93.0,72.0,55.0,56.0,49.0,46.0,46.0,46.0,64.0,77.0
674,83.0,86.0,90.0,89.0,97.0,93.0,89.0,92.0,89.0,92.0,89.0,92.0,92.0,80.0,71.0,57.0,54.0,54.0,49.0,47.0,42.0,41.0,45.0,65.0
675,80.0,86.0,86.0,90.0,89.0,89.0,92.0,89.0,93.0,93.0,91.66666666666667,91.66666666666667,92.66666666666667,91.33333333333333,87.0,71.66666666666667,59.0,45.0,43.0,42.0,41.0,43.0,52.0,69.0
676,83.0,89.0,90.0,92.0,93.0,92.0,92.0,92.0,92.0,92.0,96.0,96.0,92.0,92.0,89.0,80.0,64.0,50.0,43.0,42.0,43.0,43.0,43.0,67.0
677,68.0,74.0,76.0,76.0,76.0,79.0,79.0,79.0,82.0,82.0,86.0,86.0,86.0,86.0,86.0,71.0,55.0,50.0,46.0,44.0,44.0,43.0,44.0,55.0
678,71.0,75.0,71.0,78.0,83.0,80.0,88.0,91.0,79.0,77.0,78.0,80.0,80.0,77.0,67.0,59.0,49.0,42.0,40.0,37.0,40.0,46.0,50.0,66.0
679,77.0,90.0,93.0,97.0,93.0,96.0,96.0,96.0,100.0,100.0,100.0,96.0,100.0,96.0,83.0,64.0,53.0,50.0,43.0,42.0,42.0,39.0,47.0,60.0
680,82.0,87.0,69.0,81.0,86.0,94.0,87.0,87.0,93.0,93.0,93.0,100.0,100.0,87.0,82.0,67.0,46.0,46.0,40.0,49.0,45.0,46.0,48.0,52.0
681,89.66666666666667,92.33333333333333,89.33333333333333,89.66666666666667,97.0,93.0,95.0,93.33333333333333,95.33333333333333,95.33333333333333,93.66666666666667,93.0,93.66666666666667,94.0,86.66666666666667,71.0,64.0,49.666666666666664,45.333333333333336,41.0,45.666666666666664,41.333333333333336,65.0,82.33333333333333
682,83.0,87.0,96.77777777777777,95.0,96.66666666666667,98.33333333333333,92.0,97.0,96.0,96.0,95.0,97.0,99.0,98.0,83.0,67.0,55.0,51.0,46.0,42.0,44.0,45.0,51.0,83.0
683,89.0,93.0,89.0,97.0,93.0,96.0,93.0,93.0,96.0,93.0,93.0,100.0,89.0,83.0,71.0,60.0,58.0,61.0,59.0,57.0,57.0,61.0,70.0,81.0
684,75.0,78.0,78.0,81.0,84.0,84.0,90.0,90.0,90.0,90.0,90.0,93.0,93.0,90.0,87.0,79.0,71.0,64.0,62.0,66.0,64.0,62.0,69.0,71.0
685,80.0,96.0,96.0,97.0,93.0,83.0,83.0,80.0,83.0,86.0,83.0,86.0,86.0,83.0,77.0,72.0,66.0,63.0,64.0,64.0,66.0,68.0,73.0,84.0
686,70.0,74.0,76.0,74.0,72.0,78.0,82.0,85.0,85.0,82.0,84.0,81.0,80.0,72.0,63.0,58.0,60.0,56.0,50.0,45.0,44.0,48.0,50.0,71.0
687,86.0,97.66666666666667,95.33333333333333,97.66666666666667,93.0,95.0,96.0,94.0,94.0,92.0,92.0,93.0,94.0,94.0,85.0,67.0,55.0,50.0,44.0,42.0,41.0,42.0,49.0,72.0
688,89.0,90.0,82.0,90.0,96.0,93.0,92.0,89.0,93.0,93.0,89.0,86.0,86.0,80.0,63.0,55.0,49.0,50.0,53.0,52.0,53.0,55.0,59.0,80.0
689,64.0,64.0,69.0,77.0,80.0,86.0,89.0,89.0,86.0,86.0,83.0,83.0,83.0,77.0,72.0,63.0,55.0,53.0,48.0,40.0,41.0,42.0,48.0,59.0
690,75.0,75.0,77.0,81.0,82.0,81.0,77.0,76.0,72.0,71.0,76.0,80.0,83.0,82.0,76.0,68.0,66.0,63.0,53.0,48.0,53.0,52.0,60.0,67.0
691,81.0,77.0,82.33333333333333,77.0,81.0,88.0,84.0,79.0,75.0,74.0,76.0,82.0,85.0,85.0,79.0,72.0,66.0,63.0,54.0,47.0,54.0,55.0,57.0,56.0
692,67.0,74.33333333333333,79.0,82.66666666666667,87.33333333333333,93.66666666666667,94.66666666666667,92.33333333333333,91.66666666666667,91.66666666666667,88.33333333333333,85.66666666666667,87.33333333333333,75.33333333333333,75.1111111111111,66.0,59.666666666666664,55.666666666666664,45.666666666666664,44.666666666666664,42.333333333333336,43.333333333333336,51.333333333333336,66.66666666666667
693,24.0,27.0,34.0,41.0,47.0,56.0,57.0,56.0,70.0,73.0,74.0,76.0,81.0,82.0,80.0,63.0,38.0,28.0,16.0,19.0,21.0,18.0,18.0,22.0
694,88.66666666666667,87.33333333333333,86.33333333333333,88.0,88.33333333333333,88.66666666666667,87.66666666666667,86.0,83.33333333333333,83.66666666666667,83.0,83.0,85.66666666666667,81.0,76.0,68.33333333333333,69.66666666666667,66.66666666666667,63.333333333333336,64.66666666666667,68.0,64.66666666666667,64.66666666666667,67.33333333333333
695,10.0,12.0,14.0,14.0,20.0,20.0,21.0,20.0,25.0,34.666666666666664,36.0,38.0,39.0,53.0,52.0,40.0,40.0,39.0,29.0,28.0,15.0,13.0,15.0,19.0
696,51.0,17.0,20.333333333333332,96.0,51.333333333333336,55.0,53.666666666666664,53.666666666666664,57.0,38.666666666666664,38.666666666666664,40.666666666666664,40.333333333333336,43.0,44.333333333333336,96.0,38.333333333333336,37.0,48.0,26.333333333333332,20.333333333333332,44.0,19.333333333333332,19.666666666666668
697,42.333333333333336,17.0,20.333333333333332,50.0,51.333333333333336,55.0,53.666666666666664,53.666666666666664,57.0,38.666666666666664,38.666666666666664,40.666666666666664,40.333333333333336,43.0,44.333333333333336,70.33333333333333,38.333333333333336,37.0,37.333333333333336,26.333333333333332,20.333333333333332,25.666666666666668,19.333333333333332,19.666666666666668
698,66.0,19.666666666666668,23.666666666666668,49.0,34.333333333333336,29.666666666666668,33.333333333333336,31.333333333333332,35.333333333333336,47.0,48.666666666666664,50.333333333333336,50.666666666666664,49.666666666666664,50.666666666666664,75.0,39.333333333333336,35.666666666666664,37.666666666666664,24.666666666666668,19.0,26.333333333333332,17.666666666666668,18.0
699,44.0,20.666666666666668,26.333333333333332,27.333333333333332,36.333333333333336,39.333333333333336,38.333333333333336,41.0,44.666666666666664,45.0,46.333333333333336,50.0,50.333333333333336,51.0,50.666666666666664,43.0,32.666666666666664,27.0,22.0,17.333333333333332,13.0,22.0,15.333333333333334,16.666666666666668
700,20.666666666666668,23.666666666666668,30.0,29.666666666666668,37.333333333333336,42.666666666666664,42.0,44.0,49.333333333333336,49.333333333333336,51.666666666666664,58.333333333333336,59.333333333333336,60.666666666666664,60.666666666666664,60.666666666666664,36.0,29.0,33.333333333333336,20.0,18.0,21.666666666666668,15.0,16.0
701,31.0,20.0,22.666666666666668,25.333333333333332,25.0,31.333333333333332,33.333333333333336,34.333333333333336,36.0,40.333333333333336,42.0,47.666666666666664,48.0,51.666666666666664,53.666666666666664,73.0,30.333333333333332,24.333333333333332,49.0,19.666666666666668,19.0,33.0,14.0,14.0
702,23.0,28.0,36.0,29.0,48.0,54.0,47.0,51.0,51.0,47.0,44.0,58.0,51.0,44.0,44.0,34.0,28.0,25.0,21.0,17.0,16.0,17.0,18.0,23.0
703,57.0,32.0,33.333333333333336,34.0,41.0,45.666666666666664,46.0,48.0,50.666666666666664,51.333333333333336,52.333333333333336,60.0,64.0,65.33333333333333,64.0,86.0,37.333333333333336,29.333333333333332,64.0,22.666666666666668,21.666666666666668,29.0,19.0,19.0
704,33.0,32.0,35.0,41.0,41.0,42.0,46.0,47.0,50.0,52.0,54.0,55.0,57.0,55.0,54.0,42.0,43.0,35.0,32.0,28.0,27.0,33.0,27.0,28.0
705,29.0,45.333333333333336,49.333333333333336,47.0,66.0,65.33333333333333,64.33333333333333,73.0,78.33333333333333,86.0,89.33333333333333,94.33333333333333,99.0,87.0,87.0,88.0,72.0,60.0,59.0,47.0,50.0,42.0,50.0,60.0
706,31.0,37.0,46.666666666666664,39.666666666666664,41.0,45.666666666666664,46.0,48.0,50.666666666666664,51.333333333333336,52.333333333333336,60.0,66.0,66.0,63.0,56.0,25.0,19.0,16.0,13.0,14.0,14.0,17.0,17.0
707,39.0,44.666666666666664,43.333333333333336,49.0,37.333333333333336,42.666666666666664,42.0,44.0,49.333333333333336,49.333333333333336,51.666666666666664,58.333333333333336,58.333333333333336,57.666666666666664,58.666666666666664,53.0,43.666666666666664,40.666666666666664,30.0,29.333333333333332,28.0,34.0,30.666666666666668,33.666666666666664
708,42.0,58.0,60.333333333333336,69.33333333333333,74.0,81.33333333333333,86.66666666666667,90.0,92.66666666666667,94.0,93.33333333333333,95.0,96.0,95.66666666666667,94.0,83.0,73.0,69.0,69.0,65.0,61.0,61.0,57.0,69.0
709,83.0,69.0,69.0,35.333333333333336,37.333333333333336,42.666666666666664,42.0,44.0,49.333333333333336,49.333333333333336,51.666666666666664,58.333333333333336,58.333333333333336,57.666666666666664,69.0,64.0,78.0,78.0,52.0,58.0,54.0,45.0,57.0,61.0
710,36.666666666666664,46.0,46.666666666666664,39.666666666666664,37.0,39.333333333333336,38.666666666666664,40.666666666666664,42.0,42.333333333333336,42.666666666666664,47.666666666666664,58.0,55.0,62.0,70.33333333333333,48.666666666666664,44.0,34.666666666666664,33.0,31.666666666666668,21.0,33.666666666666664,35.333333333333336
711,22.0,24.0,29.0,29.0,29.0,38.333333333333336,39.666666666666664,31.666666666666668,44.666666666666664,45.666666666666664,48.0,48.333333333333336,50.0,49.666666666666664,46.333333333333336,69.0,26.0,24.666666666666668,24.0,20.0,19.666666666666668,15.0,19.666666666666668,19.666666666666668
712,46.0,50.0,55.0,71.0,63.333333333333336,64.66666666666667,67.0,78.66666666666667,84.0,87.33333333333333,87.33333333333333,91.66666666666667,93.33333333333333,82.0,90.33333333333333,64.0,59.0,52.0,50.0,57.0,54.0,42.0,53.333333333333336,64.0
713,45.333333333333336,58.666666666666664,59.0,68.0,66.0,72.0,75.0,84.0,86.33333333333333,88.33333333333333,88.33333333333333,90.66666666666667,93.0,89.33333333333333,90.0,82.0,65.33333333333333,57.333333333333336,58.0,57.666666666666664,52.0,54.0,53.666666666666664,58.333333333333336
714,45.0,48.0,54.0,58.0,58.0,62.0,72.0,77.0,78.0,80.0,81.0,82.0,87.0,87.0,77.0,68.0,59.0,49.0,46.0,46.0,41.0,43.0,46.0,49.0
715,93.33333333333333,94.0,93.33333333333333,92.66666666666667,92.66666666666667,92.0,92.0,92.33333333333333,89.0,87.33333333333333,85.66666666666667,86.33333333333333,86.66666666666667,86.66666666666667,85.66666666666667,82.66666666666667,82.66666666666667,87.0,84.33333333333333,82.33333333333333,79.33333333333333,76.66666666666667,69.0,66.66666666666667
716,71.33333333333333,73.0,75.33333333333333,78.66666666666667,78.66666666666667,81.0,83.0,83.0,85.0,85.0,86.0,87.0,82.0,79.33333333333333,72.33333333333333,63.333333333333336,57.666666666666664,54.333333333333336,53.666666666666664,54.666666666666664,56.0,58.0,60.333333333333336,62.666666666666664
717,71.33333333333333,73.0,75.33333333333333,78.66666666666667,78.66666666666667,81.0,83.0,83.0,85.0,85.0,86.0,87.0,70.0,69.0,65.0,58.0,58.0,61.0,58.0,58.0,58.0,62.0,61.0,69.0
718,71.33333333333333,73.0,75.33333333333333,78.66666666666667,78.66666666666667,81.0,83.0,83.0,85.0,85.0,86.0,87.0,82.0,79.33333333333333,72.33333333333333,63.333333333333336,57.666666666666664,54.333333333333336,53.666666666666664,54.666666666666664,56.0,58.0,60.333333333333336,62.666666666666664
719,68.33333333333333,71.33333333333333,72.0,74.66666666666667,76.66666666666667,79.33333333333333,81.33333333333333,82.33333333333333,82.33333333333333,82.33333333333333,83.33333333333333,84.0,85.0,83.33333333333333,77.66666666666667,69.66666666666667,63.0,56.666666666666664,56.333333333333336,58.0,58.666666666666664,58.0,61.666666666666664,63.666666666666664
720,94.0,94.33333333333333,94.66666666666667,94.0,93.66666666666667,91.0,90.66666666666667,91.0,92.1111111111111,89.66666666666667,89.33333333333333,87.0,89.1111111111111,88.66666666666667,88.0,84.0,81.66666666666667,82.66666666666667,90.66666666666667,88.33333333333333,85.66666666666667,82.0,75.0,72.0
721,91.33333333333333,92.33333333333333,92.33333333333333,92.0,91.33333333333333,91.33333333333333,90.66666666666667,90.33333333333333,91.77777777777777,90.33333333333333,89.66666666666667,89.66666666666667,88.77777777777777,87.66666666666667,85.66666666666667,83.0,82.66666666666667,79.0,80.0,80.33333333333333,80.66666666666667,77.33333333333333,77.33333333333333,71.66666666666667
722,93.66666666666667,94.33333333333333,94.66666666666667,95.0,94.66666666666667,94.66666666666667,94.33333333333333,94.66666666666667,95.0,94.33333333333333,94.0,94.33333333333333,94.66666666666667,92.0,90.33333333333333,88.66666666666667,88.66666666666667,88.0,85.66666666666667,85.66666666666667,80.33333333333333,76.33333333333333,79.0,79.0
723,95.33333333333333,96.33333333333333,99.0,99.0,96.33333333333333,96.0,92.0,92.0,92.0,89.66666666666667,91.0,90.66666666666667,83.66666666666667,75.33333333333333,73.33333333333333,77.0,72.33333333333333,78.33333333333333,84.0,76.33333333333333,72.0,74.33333333333333,81.66666666666667,81.33333333333333
724,78.0,88.33333333333333,81.66666666666667,81.66666666666667,79.66666666666667,79.33333333333333,84.0,90.0,93.66666666666667,90.0,87.0,85.66666666666667,83.0,80.0,72.33333333333333,63.333333333333336,60.333333333333336,58.0,56.666666666666664,53.666666666666664,56.0,59.0,64.33333333333333,87.33333333333333
725,33.666666666666664,43.0,50.333333333333336,53.666666666666664,54.666666666666664,57.666666666666664,58.666666666666664,61.0,62.666666666666664,65.66666666666667,71.0,71.0,73.0,74.0,75.0,68.66666666666667,63.0,57.333333333333336,50.333333333333336,46.0,41.333333333333336,39.666666666666664,42.0,47.666666666666664
726,77.33333333333333,83.66666666666667,89.33333333333333,75.66666666666667,85.66666666666667,87.66666666666667,87.66666666666667,88.0,91.33333333333333,87.33333333333333,85.66666666666667,83.66666666666667,87.33333333333333,83.66666666666667,74.66666666666667,67.0,62.0,45.333333333333336,40.666666666666664,37.0,36.666666666666664,38.333333333333336,65.66666666666667,79.33333333333333
727,85.0,90.0,88.0,96.33333333333333,96.66666666666667,99.0,99.66666666666667,97.0,99.66666666666667,99.66666666666667,99.33333333333333,99.66666666666667,100.0,100.0,94.33333333333333,77.66666666666667,58.0,50.666666666666664,46.0,44.0,42.666666666666664,40.666666666666664,48.666666666666664,63.0
728,87.0,87.0,86.0,86.0,85.0,83.0,83.0,83.0,80.0,80.0,80.0,82.0,77.0,73.0,71.0,68.0,64.0,63.0,70.0,71.0,75.0,72.0,76.0,76.0
729,87.33333333333333,89.66666666666667,91.0,86.0,86.0,86.33333333333333,87.33333333333333,85.33333333333333,88.33333333333333,86.33333333333333,83.0,86.66666666666667,86.33333333333333,86.66666666666667,85.66666666666667,84.33333333333333,86.66666666666667,75.66666666666667,72.66666666666667,69.0,69.0,67.0,66.66666666666667,72.0
730,82.33333333333333,82.33333333333333,84.0,88.0,89.0,89.33333333333333,91.33333333333333,90.66666666666667,91.33333333333333,92.66666666666667,93.0,92.33333333333333,95.33333333333333,96.0,95.33333333333333,95.66666666666667,95.0,95.33333333333333,95.33333333333333,93.66666666666667,93.33333333333333,93.33333333333333,92.33333333333333,93.66666666666667
731,87.33333333333333,85.0,85.66666666666667,80.66666666666667,77.66666666666667,73.66666666666667,75.0,78.33333333333333,74.0,75.66666666666667,73.33333333333333,71.33333333333333,71.33333333333333,74.33333333333333,70.0,69.66666666666667,71.0,67.66666666666667,62.0,58.333333333333336,56.333333333333336,59.333333333333336,63.0,64.0
732,96.0,96.0,97.0,97.0,96.0,96.0,91.0,89.0,91.0,89.0,88.0,91.0,82.0,76.0,77.0,81.0,74.0,92.0,78.0,80.0,76.0,78.0,83.0,87.0
733,97.0,97.0,96.0,94.33333333333333,94.0,93.33333333333333,93.0,93.66666666666667,94.33333333333333,94.0,93.66666666666667,95.0,97.0,96.0,95.0,95.0,93.0,79.0,71.0,68.0,67.0,68.0,73.0,73.0
734,56.0,60.0,66.0,71.33333333333333,72.66666666666667,77.33333333333333,78.66666666666667,80.33333333333333,80.66666666666667,81.33333333333333,86.66666666666667,89.66666666666667,93.0,92.66666666666667,93.66666666666667,88.66666666666667,76.33333333333333,57.666666666666664,51.333333333333336,49.333333333333336,51.333333333333336,52.666666666666664,55.0,61.0
735,93.33333333333333,93.66666666666667,93.33333333333333,92.33333333333333,92.66666666666667,92.33333333333333,91.66666666666667,90.33333333333333,90.66666666666667,90.0,90.0,90.0,93.0,91.33333333333333,88.33333333333333,86.66666666666667,81.0,73.33333333333333,70.66666666666667,73.66666666666667,66.33333333333333,70.0,77.33333333333333,76.0
736,82.0,92.0,89.0,86.0,77.0,69.0,73.0,68.0,80.0,67.0,70.0,70.0,65.0,85.0,76.0,69.0,61.0,59.0,59.0,60.0,73.0,67.0,69.0,61.0
737,93.33333333333333,94.0,93.66666666666667,94.0,93.66666666666667,93.66666666666667,93.0,94.0,93.66666666666667,93.0,92.66666666666667,93.0,94.0,91.66666666666667,88.33333333333333,87.0,88.0,87.0,82.0,79.0,74.66666666666667,73.66666666666667,78.33333333333333,77.0
738,89.0,90.33333333333333,93.33333333333333,93.33333333333333,90.33333333333333,89.0,86.33333333333333,85.66666666666667,83.66666666666667,84.33333333333333,85.33333333333333,86.0,77.0,69.66666666666667,67.66666666666667,68.33333333333333,68.66666666666667,67.66666666666667,67.0,66.33333333333333,66.33333333333333,60.666666666666664,62.333333333333336,63.333333333333336
739,43.333333333333336,50.333333333333336,59.666666666666664,62.333333333333336,67.0,70.33333333333333,72.0,77.33333333333333,74.33333333333333,75.0,76.33333333333333,76.0,80.66666666666667,83.33333333333333,80.0,79.33333333333333,79.0,79.33333333333333,80.66666666666667,79.0,78.66666666666667,77.66666666666667,84.0,87.66666666666667
740,93.33333333333333,93.0,94.0,93.0,92.66666666666667,92.33333333333333,92.0,92.0,90.0,89.66666666666667,89.0,88.66666666666667,87.0,89.33333333333333,86.66666666666667,83.0,79.33333333333333,82.0,80.33333333333333,74.33333333333333,67.0,62.333333333333336,63.333333333333336,67.66666666666667
741,26.0,38.333333333333336,42.333333333333336,51.333333333333336,54.0,55.666666666666664,55.0,56.666666666666664,63.0,63.666666666666664,64.0,65.0,65.33333333333333,68.66666666666667,64.66666666666667,65.66666666666667,53.0,45.0,37.333333333333336,32.666666666666664,28.0,37.666666666666664,50.666666666666664,47.0
742,89.66666666666667,91.0,89.33333333333333,91.33333333333333,90.0,86.33333333333333,85.66666666666667,85.33333333333333,83.66666666666667,84.66666666666667,81.66666666666667,89.33333333333333,74.0,67.0,65.33333333333333,64.0,65.33333333333333,66.66666666666667,61.666666666666664,66.0,68.33333333333333,58.0,51.0,55.666666666666664
743,23.0,28.333333333333332,31.333333333333332,43.666666666666664,44.666666666666664,54.333333333333336,54.333333333333336,60.333333333333336,61.0,60.0,64.33333333333333,62.666666666666664,66.33333333333333,67.0,74.0,72.0,58.0,46.333333333333336,37.0,32.333333333333336,28.0,26.666666666666668,27.0,32.0
744,48.666666666666664,53.333333333333336,56.333333333333336,59.333333333333336,64.33333333333333,55.0,57.0,61.666666666666664,62.666666666666664,64.66666666666667,70.0,78.33333333333333,78.66666666666667,84.0,85.66666666666667,82.0,78.33333333333333,74.0,79.0,79.33333333333333,86.33333333333333,87.66666666666667,90.66666666666667,92.66666666666667
745,93.66666666666667,92.66666666666667,94.0,94.0,93.0,92.66666666666667,92.66666666666667,92.33333333333333,92.0,92.33333333333333,92.66666666666667,92.0,91.66666666666667,91.33333333333333,92.0,87.33333333333333,82.33333333333333,80.0,76.66666666666667,71.66666666666667,70.33333333333333,75.0,72.33333333333333,77.0
746,89.0,87.33333333333333,86.0,86.0,88.66666666666667,84.0,78.33333333333333,72.33333333333333,75.33333333333333,85.0,82.66666666666667,74.33333333333333,73.33333333333333,80.33333333333333,82.33333333333333,74.0,81.66666666666667,83.66666666666667,77.66666666666667,73.33333333333333,74.33333333333333,72.66666666666667,73.66666666666667,75.66666666666667
747,96.66666666666667,98.66666666666667,96.33333333333333,96.33333333333333,96.33333333333333,96.33333333333333,93.0,92.66666666666667,93.0,96.66666666666667,91.0,90.33333333333333,89.0,87.33333333333333,90.33333333333333,90.33333333333333,85.66666666666667,82.33333333333333,80.66666666666667,88.33333333333333,98.33333333333333,96.33333333333333,95.66666666666667,92.0
748,95.33333333333333,94.33333333333333,93.66666666666667,92.66666666666667,92.33333333333333,92.0,92.0,92.0,91.33333333333333,91.33333333333333,91.66666666666667,92.33333333333333,91.0,88.33333333333333,83.33333333333333,79.0,81.0,74.33333333333333,77.0,75.33333333333333,69.66666666666667,68.33333333333333,70.33333333333333,69.33333333333333
749,35.333333333333336,53.333333333333336,61.0,75.66666666666667,80.0,85.66666666666667,87.66666666666667,95.0,97.33333333333333,96.66666666666667,96.0,96.33333333333333,96.66666666666667,96.33333333333333,98.33333333333333,95.0,92.66666666666667,92.66666666666667,94.33333333333333,91.0,89.33333333333333,91.0,90.33333333333333,89.0
750,97.0,100.0,100.0,100.0,100.0,100.0,100.0,100.0,100.0,100.0,100.0,100.0,100.0,100.0,100.0,94.66666666666667,68.0,52.0,43.666666666666664,38.333333333333336,34.666666666666664,33.333333333333336,60.0,83.66666666666667
751,91.66666666666667,92.0,91.33333333333333,91.33333333333333,89.66666666666667,88.0,86.33333333333333,89.33333333333333,91.33333333333333,88.33333333333333,86.0,80.0,77.66666666666667,76.0,77.0,77.66666666666667,75.33333333333333,78.0,82.66666666666667,82.66666666666667,86.33333333333333,83.33333333333333,86.33333333333333,83.66666666666667
752,89.66666666666667,88.0,90.66666666666667,90.66666666666667,90.66666666666667,90.33333333333333,89.33333333333333,89.0,82.33333333333333,79.33333333333333,84.33333333333333,88.33333333333333,89.33333333333333,72.66666666666667,76.66666666666667,73.0,80.33333333333333,79.33333333333333,73.66666666666667,70.33333333333333,65.33333333333333,69.0,70.66666666666667,74.66666666666667
753,94.0,92.33333333333333,92.0,91.0,92.33333333333333,91.33333333333333,91.0,87.0,84.0,83.0,89.33333333333333,88.66666666666667,85.0,77.66666666666667,74.33333333333333,76.0,74.66666666666667,72.0,74.0,76.33333333333333,77.66666666666667,79.0,79.66666666666667,84.66666666666667
754,86.0,84.33333333333333,85.66666666666667,85.0,86.0,86.66666666666667,86.66666666666667,85.0,83.33333333333333,77.66666666666667,74.66666666666667,75.66666666666667,82.0,75.33333333333333,68.0,67.33333333333333,70.66666666666667,71.0,72.66666666666667,75.33333333333333,68.0,63.666666666666664,63.666666666666664,63.0
755,89.66666666666667,92.66666666666667,93.66666666666667,95.66666666666667,96.0,96.0,95.66666666666667,95.33333333333333,97.0,95.66666666666667,96.0,96.33333333333333,97.33333333333333,96.66666666666667,94.66666666666667,76.33333333333333,60.333333333333336,53.333333333333336,48.666666666666664,48.666666666666664,49.333333333333336,49.0,63.0,84.0
756,99.0,100.0,100.0,100.0,97.33333333333333,96.66666666666667,95.0,96.66666666666667,95.0,89.66666666666667,90.0,85.33333333333333,87.0,91.0,82.0,77.0,80.0,77.0,76.0,70.0,72.0,73.0,82.0,86.0
757,80.66666666666667,76.33333333333333,72.66666666666667,83.0,81.66666666666667,73.33333333333333,70.33333333333333,71.66666666666667,72.66666666666667,74.66666666666667,79.66666666666667,84.33333333333333,79.66666666666667,80.0,74.33333333333333,78.0,72.33333333333333,76.33333333333333,77.0,73.66666666666667,66.0,73.0,73.66666666666667,72.0
758,73.33333333333333,88.66666666666667,80.0,78.66666666666667,68.0,69.66666666666667,68.0,65.33333333333333,64.0,65.0,63.0,62.0,64.0,62.666666666666664,62.666666666666664,62.666666666666664,59.333333333333336,55.333333333333336,55.666666666666664,50.0,49.333333333333336,46.0,48.0,52.666666666666664
759,96.0,96.33333333333333,96.66666666666667,96.66666666666667,97.0,97.33333333333333,96.33333333333333,96.66666666666667,97.77777777777777,97.33333333333333,97.66666666666667,97.33333333333333,97.77777777777777,95.33333333333333,94.33333333333333,92.33333333333333,90.33333333333333,90.0,90.0,92.0,95.33333333333333,95.0,95.33333333333333,93.0
760,72.33333333333333,78.0,82.33333333333333,87.33333333333333,89.66666666666667,93.0,92.0,94.33333333333333,94.66666666666667,90.66666666666667,94.0,92.33333333333333,93.66666666666667,95.0,93.0,90.33333333333333,88.33333333333333,87.66666666666667,88.0,87.0,84.66666666666667,86.0,84.66666666666667,86.0
761,63.666666666666664,70.33333333333333,69.66666666666667,72.33333333333333,70.66666666666667,72.66666666666667,71.66666666666667,71.0,72.0,68.33333333333333,75.0,71.33333333333333,77.33333333333333,76.33333333333333,76.33333333333333,71.66666666666667,69.66666666666667,66.0,65.0,63.0,57.333333333333336,54.333333333333336,53.666666666666664,53.0
762,72.0,75.66666666666667,80.0,81.66666666666667,82.33333333333333,84.66666666666667,87.33333333333333,84.0,89.66666666666667,87.33333333333333,90.0,90.0,88.33333333333333,89.33333333333333,89.66666666666667,89.66666666666667,86.33333333333333,83.33333333333333,76.33333333333333,62.333333333333336,59.666666666666664,57.0,60.0,63.0
763,84.0,84.33333333333333,82.0,81.66666666666667,81.66666666666667,83.33333333333333,82.66666666666667,80.66666666666667,78.66666666666667,78.33333333333333,76.33333333333333,76.0,79.33333333333333,81.33333333333333,81.0,72.66666666666667,67.33333333333333,66.33333333333333,65.66666666666667,65.66666666666667,67.0,67.0,66.33333333333333,68.33333333333333
764,91.66666666666667,92.66666666666667,91.66666666666667,90.33333333333333,90.66666666666667,90.0,89.66666666666667,89.66666666666667,86.33333333333333,84.0,82.33333333333333,82.66666666666667,84.0,83.33333333333333,82.0,78.33333333333333,75.33333333333333,81.0,79.33333333333333,77.66666666666667,73.33333333333333,68.66666666666667,62.666666666666664,63.0
765,93.66666666666667,94.66666666666667,94.66666666666667,94.66666666666667,94.66666666666667,95.0,94.0,93.66666666666667,95.1111111111111,94.33333333333333,94.33333333333333,94.33333333333333,93.77777777777777,91.66666666666667,90.33333333333333,88.33333333333333,88.33333333333333,84.66666666666667,87.66666666666667,89.66666666666667,91.0,90.66666666666667,89.33333333333333,83.0
766,93.0,92.0,91.66666666666667,91.0,92.66666666666667,91.66666666666667,91.0,87.66666666666667,85.0,84.66666666666667,86.66666666666667,88.0,89.0,80.66666666666667,77.33333333333333,76.33333333333333,73.33333333333333,72.66666666666667,73.33333333333333,75.66666666666667,78.66666666666667,81.66666666666667,81.33333333333333,84.0
767,67.33333333333333,67.33333333333333,66.0,68.66666666666667,73.0,88.33333333333333,93.0,93.66666666666667,94.33333333333333,93.66666666666667,96.0,97.33333333333333,97.0,97.0,89.33333333333333,65.33333333333333,54.333333333333336,48.333333333333336,44.666666666666664,40.0,37.333333333333336,39.333333333333336,53.0,68.0
768,93.33333333333333,94.0,94.33333333333333,94.33333333333333,94.66666666666667,94.33333333333333,94.33333333333333,94.33333333333333,94.66666666666667,94.33333333333333,94.66666666666667,94.33333333333333,94.66666666666667,94.0,92.33333333333333,90.0,88.66666666666667,88.66666666666667,87.33333333333333,87.33333333333333,87.0,83.0,83.66666666666667,82.66666666666667
769,21.333333333333332,25.0,33.666666666666664,33.0,32.333333333333336,36.333333333333336,37.666666666666664,40.0,41.333333333333336,45.0,47.0,48.666666666666664,48.666666666666664,47.0,49.0,42.666666666666664,35.0,29.0,23.666666666666668,18.333333333333332,16.0,15.666666666666666,14.666666666666666,15.0
770,93.33333333333333,92.66666666666667,94.0,93.66666666666667,92.66666666666667,91.33333333333333,90.66666666666667,90.66666666666667,90.0,90.33333333333333,90.0,89.33333333333333,88.66666666666667,88.33333333333333,88.33333333333333,84.33333333333333,78.0,78.33333333333333,77.33333333333333,72.66666666666667,66.0,68.66666666666667,68.0,70.66666666666667
771,77.33333333333333,84.33333333333333,86.0,92.33333333333333,91.0,93.0,95.0,95.0,97.0,97.0,95.0,93.0,96.66666666666667,92.33333333333333,89.66666666666667,80.66666666666667,66.0,49.333333333333336,40.666666666666664,32.333333333333336,32.666666666666664,30.666666666666668,38.0,58.0
772,37.666666666666664,47.333333333333336,54.0,56.0,60.333333333333336,63.0,67.33333333333333,63.666666666666664,66.33333333333333,66.33333333333333,64.33333333333333,70.33333333333333,71.0,77.33333333333333,74.66666666666667,74.66666666666667,71.66666666666667,56.333333333333336,52.0,50.333333333333336,48.0,44.333333333333336,44.333333333333336,43.0
773,82.0,83.33333333333333,81.0,80.0,79.66666666666667,81.33333333333333,81.0,78.66666666666667,77.66666666666667,75.66666666666667,72.0,72.0,73.66666666666667,79.33333333333333,80.33333333333333,77.33333333333333,70.33333333333333,67.0,68.0,67.0,68.0,69.33333333333333,69.33333333333333,71.33333333333333
774,85.33333333333333,92.0,89.66666666666667,93.0,94.0,96.33333333333333,98.0,97.66666666666667,96.0,96.33333333333333,98.66666666666667,97.33333333333333,96.33333333333333,96.33333333333333,82.66666666666667,63.333333333333336,56.333333333333336,49.666666666666664,46.0,45.333333333333336,42.0,43.333333333333336,56.666666666666664,73.33333333333333
775,68.0,78.0,84.0,76.33333333333333,91.33333333333333,90.33333333333333,92.0,92.0,95.0,91.66666666666667,96.0,95.33333333333333,94.33333333333333,91.0,89.33333333333333,79.66666666666667,67.0,55.0,46.333333333333336,43.333333333333336,41.333333333333336,40.0,45.0,52.333333333333336
776,52.666666666666664,59.333333333333336,64.0,70.33333333333333,78.33333333333333,87.66666666666667,88.33333333333333,95.66666666666667,96.0,92.66666666666667,93.0,95.0,96.0,96.0,93.0,92.66666666666667,89.0,90.33333333333333,87.66666666666667,88.0,85.66666666666667,87.0,88.33333333333333,88.33333333333333
777,81.66666666666667,86.33333333333333,94.0,95.0,92.66666666666667,93.66666666666667,95.66666666666667,94.66666666666667,96.0,97.33333333333333,97.33333333333333,96.0,96.0,97.33333333333333,97.33333333333333,88.0,77.0,67.0,60.666666666666664,55.0,54.333333333333336,57.0,64.66666666666667,71.66666666666667
778,73.66666666666667,75.0,77.0,81.33333333333333,90.33333333333333,91.0,94.66666666666667,96.33333333333333,96.33333333333333,96.33333333333333,96.33333333333333,96.33333333333333,97.33333333333333,97.33333333333333,89.0,85.33333333333333,81.66666666666667,77.33333333333333,65.0,60.333333333333336,57.0,56.666666666666664,60.333333333333336,70.0
779,34.666666666666664,41.333333333333336,47.333333333333336,43.666666666666664,45.0,47.666666666666664,53.0,56.666666666666664,56.0,56.0,67.66666666666667,77.0,84.66666666666667,83.66666666666667,82.66666666666667,79.66666666666667,81.66666666666667,83.66666666666667,84.33333333333333,88.0,85.66666666666667,85.0,85.33333333333333,85.33333333333333
780,96.0,96.0,96.0,96.0,96.0,96.0,96.0,94.0,93.0,92.0,92.0,93.0,92.0,88.0,87.0,84.0,83.0,81.0,78.0,79.0,72.0,81.0,83.0,96.0
781,12.0,17.333333333333332,23.333333333333332,27.333333333333332,36.333333333333336,31.333333333333332,32.333333333333336,38.333333333333336,36.0,35.333333333333336,37.333333333333336,38.666666666666664,39.666666666666664,40.666666666666664,38.666666666666664,23.333333333333332,26.666666666666668,17.0,16.666666666666668,15.333333333333334,15.666666666666666,16.666666666666668,21.333333333333332,22.0
782,31.666666666666668,38.0,38.0,39.333333333333336,40.333333333333336,49.666666666666664,50.333333333333336,53.333333333333336,54.333333333333336,57.333333333333336,57.333333333333336,66.0,69.66666666666667,66.0,71.33333333333333,63.333333333333336,59.666666666666664,60.0,56.0,50.666666666666664,50.0,49.333333333333336,50.0,57.666666666666664
783,24.333333333333332,15.666666666666666,19.666666666666668,46.333333333333336,26.666666666666668,30.333333333333332,29.0,29.333333333333332,33.333333333333336,34.666666666666664,36.0,38.0,39.0,47.333333333333336,49.333333333333336,59.666666666666664,41.0,39.666666666666664,36.333333333333336,25.666666666666668,19.333333333333332,25.666666666666668,17.333333333333332,18.0
784,72.66666666666667,80.0,85.66666666666667,89.0,93.66666666666667,93.66666666666667,93.33333333333333,94.66666666666667,88.66666666666667,92.33333333333333,92.0,93.66666666666667,94.66666666666667,94.66666666666667,96.0,87.0,80.33333333333333,69.66666666666667,54.333333333333336,47.0,43.0,44.0,45.666666666666664,53.333333333333336
785,94.0,94.0,94.0,94.0,94.0,94.0,94.0,93.0,96.33333333333333,94.0,94.0,94.0,95.33333333333333,92.0,92.0,90.0,89.0,86.0,92.0,94.0,93.0,92.0,92.0,86.0
786,94.0,94.0,93.66666666666667,93.33333333333333,93.0,92.0,92.33333333333333,93.0,92.0,89.66666666666667,88.66666666666667,87.33333333333333,88.0,88.33333333333333,87.66666666666667,85.0,85.0,88.33333333333333,88.66666666666667,84.33333333333333,84.33333333333333,81.0,70.66666666666667,68.0
787,89.66666666666667,88.0,87.66666666666667,88.33333333333333,88.33333333333333,88.66666666666667,87.66666666666667,85.33333333333333,82.66666666666667,81.66666666666667,84.33333333333333,84.0,82.66666666666667,76.0,73.0,68.0,70.33333333333333,67.0,65.33333333333333,66.0,69.33333333333333,66.0,65.33333333333333,69.66666666666667
788,93.66666666666667,93.0,93.33333333333333,94.0,93.0,92.0,91.66666666666667,91.33333333333333,91.0,92.0,91.0,91.66666666666667,90.66666666666667,90.0,90.0,87.0,81.66666666666667,77.66666666666667,75.33333333333333,72.0,70.0,75.0,72.66666666666667,74.66666666666667
789,98.33333333333333,98.0,97.0,95.33333333333333,93.66666666666667,93.33333333333333,93.33333333333333,94.0,91.0,91.33333333333333,89.33333333333333,91.66666666666667,92.0,93.33333333333333,91.66666666666667,90.66666666666667,85.66666666666667,84.33333333333333,86.66666666666667,82.0,81.66666666666667,73.33333333333333,71.66666666666667,69.66666666666667
790,99.0,99.0,100.0,98.0,97.0,98.0,99.0,99.0,99.0,99.0,95.0,98.0,96.0,99.0,99.0,100.0,99.0,94.0,89.0,82.0,77.0,74.0,74.0,74.0
791,97.0,94.0,94.0,93.0,92.0,93.0,92.0,88.0,86.0,82.0,93.0,90.0,83.0,79.0,73.0,73.0,76.0,70.0,72.0,73.0,76.0,77.0,77.0,84.0
792,97.0,96.0,96.33333333333333,94.66666666666667,93.66666666666667,94.0,94.33333333333333,93.66666666666667,93.0,93.33333333333333,92.33333333333333,93.66666666666667,92.33333333333333,91.33333333333333,86.33333333333333,81.33333333333333,83.66666666666667,80.33333333333333,81.33333333333333,75.33333333333333,72.66666666666667,71.33333333333333,72.33333333333333,70.33333333333333
793,92.0,94.0,100.0,94.0,87.0,94.0,93.0,93.0,92.0,88.0,84.0,83.0,83.0,89.0,83.0,78.0,75.0,72.0,70.0,70.0,71.0,76.0,78.0,82.0
794,96.0,94.33333333333333,96.0,94.33333333333333,94.0,93.33333333333333,93.0,93.66666666666667,94.33333333333333,94.0,93.66666666666667,95.0,94.33333333333333,93.66666666666667,94.33333333333333,94.33333333333333,92.0,78.66666666666667,74.0,70.0,67.66666666666667,66.0,71.0,72.33333333333333
795,92.0,93.0,92.66666666666667,91.0,91.33333333333333,89.0,88.66666666666667,89.0,87.33333333333333,84.0,83.33333333333333,82.0,84.0,83.66666666666667,82.66666666666667,78.0,73.0,78.0,82.33333333333333,80.0,75.0,70.0,63.333333333333336,62.333333333333336
796,77.33333333333333,78.66666666666667,78.66666666666667,80.33333333333333,78.33333333333333,75.66666666666667,75.33333333333333,77.66666666666667,76.66666666666667,76.66666666666667,74.66666666666667,74.0,74.33333333333333,73.33333333333333,71.66666666666667,70.33333333333333,67.66666666666667,63.0,64.33333333333333,66.66666666666667,66.33333333333333,66.66666666666667,66.0,72.66666666666667
797,88.22222222222223,89.55555555555556,90.33333333333333,91.33333333333333,91.44444444444444,91.8888888888889,91.44444444444444,89.66666666666667,88.77777777777777,89.33333333333333,87.77777777777777,88.66666666666667,88.66666666666667,87.44444444444444,86.33333333333333,82.33333333333333,76.44444444444444,74.0,74.8888888888889,78.1111111111111,79.44444444444444,78.0,71.22222222222223,73.22222222222223
798,93.33333333333333,93.33333333333333,93.44444444444444,94.8888888888889,94.55555555555556,95.77777777777777,93.33333333333333,92.8888888888889,94.33333333333333,93.33333333333333,94.33333333333333,94.22222222222223,93.77777777777777,92.77777777777777,92.22222222222223,89.1111111111111,84.8888888888889,81.8888888888889,81.0,79.33333333333333,81.66666666666667,75.33333333333333,71.33333333333333,73.66666666666667
799,100.0,100.0,100.0,100.0,100.0,100.0,96.0,95.0,94.0,97.0,92.0,91.0,88.0,90.0,91.0,94.0,87.0,82.0,83.0,100.0,100.0,100.0,97.0,94.0
800,94.66666666666667,94.33333333333333,94.66666666666667,93.66666666666667,92.66666666666667,92.33333333333333,91.66666666666667,93.0,89.0,88.66666666666667,87.33333333333333,89.66666666666667,88.66666666666667,89.0,87.66666666666667,86.0,86.0,90.0,84.66666666666667,81.66666666666667,81.0,76.0,71.66666666666667,65.0
801,92.66666666666667,93.33333333333333,93.33333333333333,92.0,92.33333333333333,89.66666666666667,88.66666666666667,89.66666666666667,88.33333333333333,86.66666666666667,85.33333333333333,84.0,85.33333333333333,85.33333333333333,83.33333333333333,80.0,73.0,75.33333333333333,81.33333333333333,77.66666666666667,72.0,67.0,63.666666666666664,62.333333333333336
802,90.33333333333333,91.66666666666667,92.66666666666667,93.66666666666667,94.0,94.33333333333333,94.0,92.33333333333333,91.66666666666667,91.0,89.33333333333333,90.33333333333333,90.0,89.33333333333333,88.66666666666667,85.66666666666667,80.66666666666667,78.0,77.33333333333333,80.0,82.0,81.33333333333333,68.66666666666667,69.33333333333333
803,93.0,93.0,93.0,93.0,93.0,93.0,93.0,93.0,93.0,93.0,93.0,93.0,86.0,93.0,86.0,86.0,80.0,80.0,80.0,75.0,64.0,59.0,64.0,68.0
804,74.66666666666667,82.66666666666667,88.66666666666667,87.33333333333333,92.33333333333333,94.33333333333333,92.33333333333333,94.0,94.33333333333333,92.66666666666667,91.33333333333333,90.66666666666667,90.33333333333333,89.66666666666667,79.33333333333333,64.66666666666667,55.666666666666664,50.0,46.0,43.333333333333336,41.0,39.333333333333336,48.0,61.666666666666664
805,79.0,85.66666666666667,88.66666666666667,90.0,95.33333333333333,96.0,98.33333333333333,100.0,97.66666666666667,97.66666666666667,97.66666666666667,97.66666666666667,97.66666666666667,97.66666666666667,97.66666666666667,95.66666666666667,93.66666666666667,92.33333333333333,68.33333333333333,62.666666666666664,59.666666666666664,58.666666666666664,61.333333333333336,71.33333333333333
806,93.66666666666667,94.33333333333333,94.66666666666667,95.0,94.66666666666667,94.66666666666667,94.33333333333333,94.66666666666667,95.0,94.33333333333333,94.0,94.33333333333333,94.66666666666667,92.0,90.33333333333333,88.66666666666667,88.66666666666667,88.0,85.66666666666667,85.66666666666667,80.33333333333333,76.33333333333333,79.0,79.0
807,89.66666666666667,96.66666666666667,96.33333333333333,94.0,95.66666666666667,95.0,85.66666666666667,87.66666666666667,85.0,82.66666666666667,84.66666666666667,80.66666666666667,84.0,85.0,75.0,74.33333333333333,70.66666666666667,68.33333333333333,67.0,65.0,65.66666666666667,64.0,74.66666666666667,80.0
808,93.66666666666667,94.33333333333333,94.66666666666667,95.0,94.66666666666667,94.66666666666667,94.33333333333333,94.66666666666667,95.0,94.33333333333333,94.0,94.33333333333333,94.66666666666667,92.0,90.33333333333333,88.66666666666667,88.66666666666667,88.0,85.66666666666667,85.66666666666667,80.33333333333333,76.33333333333333,79.0,79.0
809,93.0,93.0,92.33333333333333,92.33333333333333,91.0,91.33333333333333,92.0,92.0,89.66666666666667,87.33333333333333,85.66666666666667,90.33333333333333,91.33333333333333,85.33333333333333,84.0,82.33333333333333,81.66666666666667,74.0,71.33333333333333,69.0,71.33333333333333,71.66666666666667,73.66666666666667,76.66666666666667
810,87.66666666666667,88.66666666666667,94.33333333333333,94.0,95.33333333333333,93.0,94.0,97.66666666666667,97.33333333333333,97.66666666666667,89.66666666666667,96.33333333333333,96.33333333333333,95.0,94.33333333333333,86.0,63.666666666666664,53.0,46.333333333333336,45.666666666666664,42.666666666666664,44.666666666666664,48.666666666666664,66.33333333333333
811,86.0,84.33333333333333,85.66666666666667,85.0,86.0,86.66666666666667,86.66666666666667,85.0,83.33333333333333,77.66666666666667,74.66666666666667,75.66666666666667,82.0,75.33333333333333,68.0,67.33333333333333,70.66666666666667,71.0,72.66666666666667,75.33333333333333,68.0,63.666666666666664,63.666666666666664,63.0
812,81.33333333333333,90.0,88.0,93.0,90.66666666666667,92.0,93.33333333333333,91.0,93.0,93.33333333333333,93.0,93.0,93.0,92.33333333333333,80.66666666666667,65.66666666666667,49.666666666666664,45.333333333333336,42.0,40.0,39.666666666666664,41.333333333333336,54.333333333333336,82.33333333333333
813,88.0,92.0,87.0,86.0,85.0,86.0,85.0,84.0,82.0,80.0,81.0,80.0,79.0,93.0,89.0,80.0,78.0,65.0,71.0,65.0,62.0,66.0,68.0,66.0
814,92.8888888888889,91.55555555555556,92.0,92.33333333333333,92.44444444444444,92.55555555555556,94.44444444444444,94.0,90.44444444444444,94.0,89.1111111111111,90.33333333333333,92.0,90.77777777777777,89.66666666666667,87.0,79.77777777777777,78.33333333333333,76.55555555555556,77.77777777777777,78.77777777777777,81.0,78.8888888888889,77.22222222222223
815,91.33333333333333,88.33333333333333,91.0,89.66666666666667,91.0,91.0,88.0,86.66666666666667,86.0,84.0,83.66666666666667,84.66666666666667,87.0,86.33333333333333,80.0,75.0,70.33333333333333,68.66666666666667,69.33333333333333,70.0,77.0,79.33333333333333,80.0,83.0
816,76.33333333333333,75.66666666666667,76.33333333333333,78.0,76.33333333333333,75.0,73.66666666666667,75.66666666666667,75.66666666666667,74.0,68.66666666666667,69.0,68.66666666666667,69.66666666666667,68.0,65.0,62.666666666666664,59.333333333333336,62.0,68.0,67.66666666666667,67.33333333333333,69.33333333333333,74.66666666666667
817,77.33333333333333,78.66666666666667,80.33333333333333,81.0,87.0,87.33333333333333,91.33333333333333,93.0,93.66666666666667,94.0,93.33333333333333,94.0,95.33333333333333,95.33333333333333,96.0,92.66666666666667,83.33333333333333,80.66666666666667,67.0,58.0,56.333333333333336,64.0,69.0,74.33333333333333
818,96.0,96.66666666666667,96.66666666666667,95.66666666666667,96.66666666666667,96.66666666666667,93.33333333333333,92.66666666666667,94.1111111111111,96.33333333333333,91.33333333333333,90.66666666666667,90.77777777777777,89.33333333333333,90.0,90.33333333333333,86.66666666666667,82.33333333333333,83.66666666666667,91.0,96.0,95.66666666666667,93.0,89.66666666666667
819,92.0,98.66666666666667,99.33333333333333,95.33333333333333,97.33333333333333,96.66666666666667,95.0,96.66666666666667,95.0,89.66666666666667,90.0,85.33333333333333,88.0,89.66666666666667,80.66666666666667,81.0,78.33333333333333,75.0,78.0,67.33333333333333,70.0,72.66666666666667,80.33333333333333,83.33333333333333
820,93.0,93.0,93.33333333333333,94.66666666666667,94.66666666666667,95.33333333333333,93.0,92.66666666666667,94.0,93.0,94.0,93.66666666666667,93.33333333333333,92.33333333333333,91.66666666666667,88.33333333333333,84.66666666666667,81.66666666666667,81.0,80.0,82.0,75.0,72.0,73.0
821,61.333333333333336,66.66666666666667,68.66666666666667,70.0,75.0,79.33333333333333,80.0,81.66666666666667,81.0,81.0,85.33333333333333,86.0,89.66666666666667,86.33333333333333,84.66666666666667,78.0,73.66666666666667,72.33333333333333,70.33333333333333,72.0,75.0,74.66666666666667,77.33333333333333,77.66666666666667
822,89.0,90.33333333333333,93.33333333333333,93.33333333333333,90.33333333333333,89.0,86.33333333333333,85.66666666666667,83.66666666666667,84.33333333333333,85.33333333333333,86.0,77.0,69.66666666666667,67.66666666666667,68.33333333333333,68.66666666666667,67.66666666666667,67.0,66.33333333333333,66.33333333333333,60.666666666666664,62.333333333333336,63.333333333333336
823,94.33333333333333,93.66666666666667,94.66666666666667,93.0,93.0,92.33333333333333,91.66666666666667,92.66666666666667,90.33333333333333,90.33333333333333,90.0,90.33333333333333,88.33333333333333,91.33333333333333,88.0,85.66666666666667,82.0,84.0,81.0,74.66666666666667,71.66666666666667,63.333333333333336,65.33333333333333,68.0
824,93.66666666666667,93.33333333333333,93.33333333333333,93.33333333333333,93.33333333333333,92.66666666666667,90.66666666666667,92.0,91.0,89.0,91.33333333333333,91.66666666666667,91.33333333333333,90.0,85.0,83.66666666666667,83.33333333333333,81.66666666666667,79.0,68.33333333333333,67.0,65.0,69.66666666666667,69.66666666666667
825,88.0,92.0,92.0,90.66666666666667,90.66666666666667,92.0,89.33333333333333,89.33333333333333,88.0,89.33333333333333,88.0,89.33333333333333,89.33333333333333,86.66666666666667,82.0,81.33333333333333,80.0,79.33333333333333,76.0,77.33333333333333,77.0,78.33333333333333,82.66666666666667,86.0
826,92.66666666666667,93.33333333333333,93.33333333333333,92.0,92.33333333333333,89.66666666666667,88.66666666666667,89.66666666666667,88.33333333333333,86.66666666666667,85.33333333333333,84.0,85.33333333333333,85.33333333333333,83.33333333333333,80.0,73.0,75.33333333333333,81.33333333333333,77.66666666666667,72.0,67.0,63.666666666666664,62.333333333333336
827,96.0,95.0,95.0,96.0,94.0,93.0,85.0,82.0,79.0,79.0,80.0,78.0,81.0,82.0,71.0,67.0,66.0,63.0,59.0,61.0,62.0,59.0,70.0,80.0
828,81.33333333333333,89.0,92.0,93.33333333333333,96.33333333333333,97.33333333333333,97.33333333333333,95.33333333333333,97.33333333333333,99.33333333333333,96.0,95.33333333333333,98.66666666666667,97.66666666666667,94.0,83.66666666666667,67.66666666666667,57.333333333333336,52.333333333333336,49.0,45.333333333333336,46.0,54.333333333333336,70.0
829,94.66666666666667,96.0,96.0,97.77777777777777,97.77777777777777,96.0,94.22222222222223,92.11111111111113,94.77777777777777,94.77777777777777,96.0,94.22222222222223,96.0,94.22222222222223,93.33333333333333,91.0,88.66666666666667,83.66666666666667,79.0,76.66666666666667,74.66666666666667,76.66666666666667,81.33333333333333,85.66666666666667
830,80.33333333333333,84.66666666666667,91.33333333333333,92.33333333333333,91.0,94.33333333333333,94.33333333333333,92.0,95.66666666666667,95.66666666666667,93.33333333333333,94.33333333333333,95.33333333333333,92.0,80.33333333333333,63.0,51.0,47.666666666666664,41.666666666666664,38.666666666666664,39.666666666666664,41.0,47.333333333333336,66.66666666666667
831,95.0,95.0,94.0,94.0,94.0,95.0,94.0,95.0,95.0,95.0,95.0,97.0,94.0,81.0,79.0,78.0,71.0,73.0,69.0,64.0,59.0,64.0,66.0,75.0
832,93.0,92.0,92.0,92.0,91.0,91.0,91.0,89.0,82.0,78.0,88.0,97.0,94.0,76.0,80.0,76.0,89.0,86.0,77.0,70.0,69.0,72.0,74.0,79.0
833,26.333333333333332,33.333333333333336,36.666666666666664,39.333333333333336,36.0,44.666666666666664,51.0,57.0,60.333333333333336,66.66666666666667,67.66666666666667,77.66666666666667,75.33333333333333,79.33333333333333,78.66666666666667,77.66666666666667,75.66666666666667,75.66666666666667,73.66666666666667,69.66666666666667,68.0,67.0,66.66666666666667,74.0
834,92.33333333333333,93.33333333333333,93.33333333333333,93.33333333333333,92.66666666666667,92.66666666666667,92.0,92.33333333333333,92.0,91.66666666666667,91.0,91.33333333333333,91.0,89.66666666666667,86.66666666666667,83.66666666666667,84.66666666666667,83.33333333333333,80.0,74.0,68.33333333333333,65.66666666666667,70.0,70.33333333333333
835,14.333333333333334,20.333333333333332,24.0,28.333333333333332,31.666666666666668,35.0,37.666666666666664,39.333333333333336,44.666666666666664,47.666666666666664,51.333333333333336,53.0,56.333333333333336,61.333333333333336,61.0,50.333333333333336,38.0,30.0,25.0,20.666666666666668,15.666666666666666,14.333333333333334,13.666666666666666,13.0
836,90.66666666666667,86.66666666666667,88.33333333333333,88.0,87.66666666666667,87.33333333333333,84.0,84.33333333333333,84.33333333333333,80.33333333333333,81.0,82.66666666666667,81.33333333333333,80.66666666666667,75.0,71.0,67.0,64.66666666666667,67.33333333333333,70.33333333333333,75.0,74.66666666666667,76.66666666666667,79.66666666666667
837,92.66666666666667,94.0,94.33333333333333,95.66666666666667,95.0,94.66666666666667,94.33333333333333,96.33333333333333,94.33333333333333,94.0,94.33333333333333,94.0,94.33333333333333,93.66666666666667,92.66666666666667,91.0,90.66666666666667,87.33333333333333,87.0,87.33333333333333,84.0,77.66666666666667,79.33333333333333,80.33333333333333
838,81.55555555555556,81.8888888888889,85.66666666666667,84.33333333333333,83.0,80.55555555555556,80.22222222222223,82.8888888888889,82.22222222222223,82.22222222222223,82.33333333333333,80.55555555555556,82.0,81.55555555555556,83.22222222222223,80.66666666666667,76.22222222222223,82.66666666666667,80.33333333333333,77.66666666666667,77.0,76.33333333333333,79.33333333333333,85.0
839,24.0,33.666666666666664,40.333333333333336,46.0,51.666666666666664,53.0,52.333333333333336,55.333333333333336,59.333333333333336,56.666666666666664,54.666666666666664,54.666666666666664,58.333333333333336,59.333333333333336,59.333333333333336,57.666666666666664,61.333333333333336,49.666666666666664,38.333333333333336,30.333333333333332,28.333333333333332,26.333333333333332,25.333333333333332,25.333333333333332
840,96.0,96.33333333333333,96.66666666666667,96.66666666666667,97.0,97.33333333333333,96.33333333333333,96.66666666666667,97.77777777777777,97.33333333333333,97.66666666666667,97.33333333333333,97.77777777777777,95.33333333333333,94.33333333333333,92.33333333333333,90.33333333333333,90.0,90.0,92.0,95.33333333333333,95.0,95.33333333333333,93.0
841,84.0,83.66666666666667,84.0,86.0,87.66666666666667,85.33333333333333,86.66666666666667,85.66666666666667,87.33333333333333,81.66666666666667,83.33333333333333,80.33333333333333,89.0,86.33333333333333,84.33333333333333,83.0,84.66666666666667,84.33333333333333,79.33333333333333,77.66666666666667,70.33333333333333,70.0,69.0,69.0
842,94.66666666666667,94.33333333333333,94.66666666666667,93.66666666666667,92.66666666666667,92.33333333333333,91.66666666666667,93.0,89.0,88.66666666666667,87.33333333333333,89.66666666666667,88.66666666666667,89.0,87.66666666666667,86.0,86.0,90.0,84.66666666666667,81.66666666666667,81.0,76.0,71.66666666666667,65.0
843,93.33333333333333,94.0,93.66666666666667,94.0,93.66666666666667,93.66666666666667,93.0,93.66666666666667,93.0,92.66666666666667,92.33333333333333,93.0,93.66666666666667,91.33333333333333,87.0,84.66666666666667,86.0,84.66666666666667,79.66666666666667,72.33333333333333,67.33333333333333,68.0,73.0,72.66666666666667
844,78.0,86.66666666666667,90.0,88.0,93.0,90.66666666666667,92.0,94.33333333333333,95.66666666666667,96.66666666666667,96.66666666666667,96.66666666666667,96.66666666666667,96.66666666666667,96.0,82.66666666666667,69.66666666666667,63.666666666666664,54.666666666666664,52.666666666666664,51.333333333333336,51.0,59.333333333333336,68.0
845,95.66666666666667,94.0,95.66666666666667,94.0,95.33333333333333,95.66666666666667,93.66666666666667,93.33333333333333,95.33333333333333,94.66666666666667,96.0,96.33333333333333,94.33333333333333,82.66666666666667,79.33333333333333,79.0,73.33333333333333,73.0,71.33333333333333,67.33333333333333,66.0,67.33333333333333,70.66666666666667,75.66666666666667
846,72.33333333333333,82.33333333333333,88.33333333333333,92.0,89.66666666666667,90.66666666666667,93.33333333333333,92.33333333333333,93.66666666666667,93.66666666666667,93.33333333333333,92.33333333333333,93.33333333333333,91.0,79.33333333333333,64.0,51.333333333333336,47.333333333333336,42.666666666666664,40.0,41.666666666666664,43.0,47.666666666666664,62.666666666666664
847,84.0,83.66666666666667,84.0,86.0,87.66666666666667,85.33333333333333,86.66666666666667,85.66666666666667,87.33333333333333,81.66666666666667,83.33333333333333,80.33333333333333,89.0,86.33333333333333,84.33333333333333,83.0,84.66666666666667,84.33333333333333,79.33333333333333,77.66666666666667,70.33333333333333,70.0,69.0,69.0
848,37.666666666666664,47.666666666666664,52.666666666666664,58.333333333333336,65.0,82.33333333333333,90.66666666666667,88.0,90.33333333333333,92.66666666666667,93.33333333333333,97.66666666666667,96.0,94.66666666666667,93.0,94.0,92.0,89.0,90.66666666666667,87.33333333333333,84.66666666666667,86.33333333333333,88.66666666666667,87.0
849,62.333333333333336,64.33333333333333,74.33333333333333,85.0,86.33333333333333,83.0,89.33333333333333,93.66666666666667,93.66666666666667,92.33333333333333,93.66666666666667,92.0,93.66666666666667,93.33333333333333,93.33333333333333,93.33333333333333,84.33333333333333,77.33333333333333,72.0,69.66666666666667,69.33333333333333,62.0,64.33333333333333,64.0
850,93.33333333333333,93.0,94.33333333333333,93.66666666666667,92.66666666666667,93.0,92.0,92.33333333333333,90.66666666666667,90.0,90.0,90.33333333333333,87.66666666666667,90.0,87.0,83.66666666666667,80.0,83.33333333333333,79.66666666666667,73.66666666666667,64.33333333333333,61.0,64.0,65.0
851,93.0,93.0,92.33333333333333,92.33333333333333,91.0,91.33333333333333,92.0,92.0,89.66666666666667,87.33333333333333,85.66666666666667,90.33333333333333,91.33333333333333,85.33333333333333,84.0,82.33333333333333,81.66666666666667,74.0,71.33333333333333,69.0,71.33333333333333,71.66666666666667,73.66666666666667,76.66666666666667
852,83.33333333333333,89.66666666666667,87.0,85.66666666666667,79.0,72.0,72.0,72.66666666666667,84.0,73.0,73.0,71.33333333333333,66.0,78.33333333333333,73.66666666666667,68.66666666666667,63.333333333333336,62.333333333333336,67.66666666666667,69.33333333333333,79.66666666666667,72.33333333333333,74.66666666666667,65.0
853,87.66666666666667,92.33333333333333,87.0,84.66666666666667,84.0,85.33333333333333,85.0,83.33333333333333,82.0,80.66666666666667,80.0,79.66666666666667,79.66666666666667,93.0,90.33333333333333,80.33333333333333,78.66666666666667,65.0,70.66666666666667,65.0,61.333333333333336,65.66666666666667,68.66666666666667,65.33333333333333
854,12.333333333333334,18.333333333333332,19.333333333333332,22.666666666666668,28.333333333333332,29.0,33.666666666666664,35.666666666666664,36.0,41.0,40.666666666666664,39.666666666666664,38.666666666666664,40.0,41.0,43.0,34.0,28.333333333333332,24.666666666666668,20.333333333333332,14.0,15.0,16.0,15.333333333333334
855,92.66666666666667,90.33333333333333,89.33333333333333,88.33333333333333,91.0,86.0,83.33333333333333,80.33333333333333,83.0,85.33333333333333,85.66666666666667,80.0,75.66666666666667,78.66666666666667,79.0,74.66666666666667,81.33333333333333,77.33333333333333,75.33333333333333,73.33333333333333,67.0,68.66666666666667,72.33333333333333,77.66666666666667
856,66.66666666666667,68.33333333333333,69.33333333333333,67.66666666666667,75.33333333333333,75.66666666666667,80.0,78.33333333333333,80.66666666666667,82.33333333333333,76.0,79.0,73.33333333333333,71.66666666666667,67.66666666666667,64.66666666666667,62.0,63.333333333333336,60.0,58.0,57.333333333333336,56.333333333333336,62.666666666666664,73.33333333333333
857,60.666666666666664,66.66666666666667,67.0,68.0,69.0,70.66666666666667,67.33333333333333,67.33333333333333,67.0,70.33333333333333,72.33333333333333,73.33333333333333,75.66666666666667,75.33333333333333,75.66666666666667,69.66666666666667,66.33333333333333,62.333333333333336,56.333333333333336,53.666666666666664,52.0,49.333333333333336,49.666666666666664,48.666666666666664
858,81.0,81.66666666666667,82.66666666666667,87.33333333333333,89.33333333333333,89.66666666666667,89.0,91.0,92.0,92.66666666666667,91.33333333333333,90.33333333333333,89.33333333333333,92.66666666666667,83.0,82.66666666666667,78.0,75.0,73.0,70.33333333333333,67.66666666666667,68.33333333333333,73.33333333333333,78.66666666666667
859,88.33333333333333,95.66666666666667,98.0,96.0,96.66666666666667,97.66666666666667,99.0,99.0,97.33333333333333,97.66666666666667,100.0,98.66666666666667,99.0,98.66666666666667,77.0,63.333333333333336,53.666666666666664,44.666666666666664,42.666666666666664,43.666666666666664,48.0,49.0,58.333333333333336,78.66666666666667
860,52.666666666666664,59.333333333333336,64.0,70.33333333333333,78.33333333333333,87.66666666666667,88.33333333333333,95.66666666666667,96.0,92.66666666666667,93.0,95.0,96.0,96.0,93.0,92.66666666666667,89.0,90.33333333333333,87.66666666666667,88.0,85.66666666666667,87.0,88.33333333333333,88.33333333333333
861,65.0,73.66666666666667,77.66666666666667,83.0,88.0,92.33333333333333,93.33333333333333,96.33333333333333,96.33333333333333,97.66666666666667,96.33333333333333,97.66666666666667,97.33333333333333,98.66666666666667,94.66666666666667,83.66666666666667,74.0,60.0,55.333333333333336,55.333333333333336,55.333333333333336,56.666666666666664,63.333333333333336,70.66666666666667
862,73.33333333333333,74.0,73.66666666666667,75.0,76.0,77.33333333333333,78.33333333333333,75.0,75.66666666666667,77.33333333333333,77.66666666666667,76.33333333333333,81.0,85.33333333333333,73.0,71.33333333333333,65.66666666666667,62.333333333333336,61.666666666666664,61.666666666666664,59.333333333333336,60.0,67.66666666666667,77.0
863,94.33333333333333,95.0,94.66666666666667,94.0,89.0,92.0,88.33333333333333,87.0,84.66666666666667,83.66666666666667,82.66666666666667,78.33333333333333,85.66666666666667,78.33333333333333,77.0,74.33333333333333,73.66666666666667,70.0,69.33333333333333,65.0,65.33333333333333,63.666666666666664,71.0,76.33333333333333
864,80.33333333333333,86.33333333333333,89.33333333333333,95.33333333333333,91.66666666666667,94.0,93.0,95.0,97.33333333333333,97.33333333333333,97.33333333333333,97.33333333333333,97.33333333333333,97.33333333333333,95.33333333333333,90.0,92.0,87.33333333333333,80.33333333333333,66.33333333333333,61.333333333333336,59.0,63.0,73.33333333333333
865,94.66666666666667,95.33333333333333,96.66666666666667,97.33333333333333,97.33333333333333,98.66666666666667,98.66666666666667,98.66666666666667,100.0,97.33333333333333,98.66666666666667,98.66666666666667,98.66666666666667,98.66666666666667,91.66666666666667,76.66666666666667,61.666666666666664,53.0,48.333333333333336,47.0,46.333333333333336,46.666666666666664,70.33333333333333,89.33333333333333
866,97.33333333333333,98.33333333333333,98.33333333333333,97.0,97.0,96.66666666666667,94.66666666666667,95.0,95.33333333333333,98.0,92.0,91.33333333333333,90.33333333333333,89.0,90.0,89.0,85.33333333333333,83.33333333333333,84.0,88.0,94.33333333333333,97.66666666666667,91.66666666666667,89.0
867,88.66666666666667,87.66666666666667,87.0,84.0,86.0,84.66666666666667,85.66666666666667,86.0,85.66666666666667,84.33333333333333,81.33333333333333,78.66666666666667,72.33333333333333,76.33333333333333,74.33333333333333,65.66666666666667,63.666666666666664,68.66666666666667,71.0,75.33333333333333,73.66666666666667,70.66666666666667,64.0,66.0
868,96.0,96.33333333333333,96.66666666666667,96.66666666666667,96.66666666666667,96.33333333333333,95.33333333333333,96.33333333333333,96.66666666666667,96.33333333333333,96.33333333333333,94.66666666666667,95.33333333333333,94.33333333333333,93.0,90.66666666666667,89.0,90.66666666666667,90.0,89.0,93.33333333333333,91.66666666666667,87.33333333333333,86.66666666666667
869,96.66666666666667,95.0,96.33333333333333,94.33333333333333,94.0,93.33333333333333,93.0,93.66666666666667,94.33333333333333,94.0,93.66666666666667,95.0,94.66666666666667,94.0,94.0,94.0,92.33333333333333,78.33333333333333,71.66666666666667,68.66666666666667,67.0,67.0,71.66666666666667,72.66666666666667
870,71.66666666666667,74.0,79.0,83.33333333333333,79.0,77.0,77.0,81.0,83.66666666666667,88.33333333333333,90.66666666666667,93.0,91.33333333333333,91.66666666666667,89.66666666666667,86.33333333333333,83.66666666666667,79.66666666666667,74.0,71.33333333333333,71.66666666666667,68.0,66.66666666666667,67.0
871,95.0,95.0,92.0,94.33333333333333,94.33333333333333,94.0,93.33333333333333,93.66666666666667,92.66666666666667,92.66666666666667,95.0,93.0,93.33333333333333,93.0,88.0,85.33333333333333,86.0,82.66666666666667,76.66666666666667,68.66666666666667,69.0,68.33333333333333,72.66666666666667,73.0
872,76.66666666666667,83.33333333333333,89.0,92.33333333333333,90.66666666666667,93.0,93.0,93.0,93.0,94.33333333333333,93.0,91.66666666666667,96.33333333333333,93.0,78.0,62.666666666666664,50.0,47.0,40.0,39.0,38.0,39.333333333333336,44.666666666666664,65.0
873,80.33333333333333,79.66666666666667,82.0,80.66666666666667,82.0,85.33333333333333,88.0,89.0,92.33333333333333,89.66666666666667,91.0,92.0,93.0,92.66666666666667,85.33333333333333,72.33333333333333,60.0,52.0,49.0,45.333333333333336,44.666666666666664,48.333333333333336,60.333333333333336,79.66666666666667
874,90.66666666666667,92.33333333333333,92.33333333333333,92.33333333333333,91.33333333333333,91.33333333333333,90.33333333333333,90.66666666666667,91.0,90.0,89.0,89.33333333333333,88.33333333333333,86.33333333333333,84.0,81.0,82.0,78.66666666666667,76.0,75.33333333333333,71.66666666666667,69.66666666666667,71.33333333333333,67.33333333333333
875,96.33333333333333,97.66666666666667,95.33333333333333,96.33333333333333,93.0,93.0,93.0,95.33333333333333,95.33333333333333,96.0,95.33333333333333,95.33333333333333,92.0,90.66666666666667,93.0,90.0,91.0,91.0,89.33333333333333,89.66666666666667,94.66666666666667,94.33333333333333,96.0,92.33333333333333
876,79.33333333333333,86.33333333333333,83.66666666666667,82.0,75.0,74.66666666666667,71.33333333333333,67.33333333333333,72.33333333333333,65.66666666666667,66.33333333333333,72.66666666666667,70.0,83.33333333333333,75.66666666666667,71.33333333333333,63.0,65.0,63.333333333333336,64.33333333333333,70.0,66.33333333333333,65.66666666666667,59.333333333333336
877,97.33333333333333,98.33333333333333,98.33333333333333,97.0,97.0,96.66666666666667,94.66666666666667,95.0,95.33333333333333,98.0,92.0,91.33333333333333,90.33333333333333,89.0,90.0,89.0,85.33333333333333,83.33333333333333,84.0,88.0,94.33333333333333,97.66666666666667,91.66666666666667,89.0
878,86.0,85.0,85.0,82.0,84.0,85.0,86.0,87.0,87.0,86.0,82.0,78.0,71.0,75.0,73.0,65.0,63.0,68.0,71.0,74.0,73.0,70.0,64.0,66.0
879,88.66666666666667,92.33333333333333,92.33333333333333,87.33333333333333,88.33333333333333,90.0,90.0,88.0,88.33333333333333,90.33333333333333,85.66666666666667,90.66666666666667,89.0,88.33333333333333,85.66666666666667,85.33333333333333,86.66666666666667,80.0,78.0,77.66666666666667,75.0,72.33333333333333,72.66666666666667,77.0
880,64.0,66.0,69.0,70.0,70.0,69.33333333333333,70.66666666666667,69.33333333333333,69.33333333333333,68.33333333333333,65.0,66.66666666666667,69.33333333333333,67.66666666666667,64.0,58.0,56.333333333333336,53.666666666666664,51.666666666666664,52.666666666666664,52.666666666666664,54.666666666666664,58.333333333333336,62.666666666666664
881,91.33333333333333,90.0,86.0,84.66666666666667,81.33333333333333,81.33333333333333,81.33333333333333,82.66666666666667,82.33333333333333,84.0,84.33333333333333,81.66666666666667,84.0,82.33333333333333,82.33333333333333,81.66666666666667,80.66666666666667,79.66666666666667,72.0,61.0,56.666666666666664,52.666666666666664,53.0,58.666666666666664
882,96.66666666666667,98.66666666666667,96.33333333333333,96.33333333333333,96.33333333333333,96.33333333333333,93.0,92.66666666666667,93.0,96.66666666666667,91.0,90.33333333333333,89.0,87.33333333333333,90.33333333333333,90.33333333333333,85.66666666666667,82.33333333333333,80.66666666666667,88.33333333333333,98.33333333333333,96.33333333333333,95.66666666666667,92.0
883,88.33333333333333,88.0,88.0,88.0,88.0,87.66666666666667,88.0,91.66666666666667,88.0,86.66666666666667,86.66666666666667,86.66666666666667,88.0,86.66666666666667,84.33333333333333,84.33333333333333,84.33333333333333,81.66666666666667,81.66666666666667,79.66666666666667,83.66666666666667,81.66666666666667,81.66666666666667,82.66666666666667
884,81.66666666666667,82.66666666666667,81.0,80.0,80.0,81.33333333333333,80.33333333333333,77.33333333333333,78.0,72.66666666666667,73.33333333333333,70.66666666666667,71.33333333333333,72.66666666666667,78.0,81.33333333333333,74.66666666666667,68.33333333333333,66.66666666666667,66.66666666666667,67.33333333333333,70.0,69.66666666666667,73.0
885,88.33333333333333,92.33333333333333,97.33333333333333,98.0,96.66666666666667,95.33333333333333,97.0,96.66666666666667,94.33333333333333,92.33333333333333,94.66666666666667,91.66666666666667,86.33333333333333,84.33333333333333,85.0,78.66666666666667,75.0,71.66666666666667,72.66666666666667,74.33333333333333,71.66666666666667,71.0,73.0,74.66666666666667
886,36.333333333333336,51.0,56.666666666666664,60.0,60.333333333333336,66.33333333333333,65.33333333333333,66.0,73.0,73.33333333333333,73.66666666666667,72.66666666666667,74.0,72.0,75.66666666666667,76.0,71.66666666666667,66.0,64.0,58.0,67.66666666666667,79.66666666666667,84.33333333333333,83.0
887,100.0,100.0,100.0,100.0,100.0,100.0,100.0,100.0,100.0,100.0,100.0,100.0,100.0,100.0,100.0,100.0,100.0,100.0,100.0,99.0,98.0,100.0,100.0,100.0
888,65.0,69.0,68.66666666666667,72.33333333333333,72.33333333333333,72.66666666666667,72.0,72.0,74.66666666666667,71.33333333333333,75.0,73.0,80.33333333333333,79.33333333333333,77.66666666666667,71.66666666666667,71.33333333333333,71.33333333333333,69.66666666666667,64.0,56.333333333333336,56.333333333333336,54.0,55.0
889,96.0,94.33333333333333,96.0,94.33333333333333,94.0,93.33333333333333,93.0,93.66666666666667,94.33333333333333,94.0,93.66666666666667,95.0,94.33333333333333,93.66666666666667,94.33333333333333,94.33333333333333,92.0,78.66666666666667,74.0,70.0,67.66666666666667,66.0,71.0,72.33333333333333
890,89.0,87.33333333333333,86.0,86.0,88.66666666666667,84.0,78.33333333333333,72.33333333333333,75.33333333333333,85.0,82.66666666666667,74.33333333333333,73.33333333333333,80.33333333333333,82.33333333333333,74.0,81.66666666666667,83.66666666666667,77.66666666666667,72.0,74.33333333333333,72.66666666666667,73.66666666666667,75.66666666666667
891,92.66666666666667,93.33333333333333,93.33333333333333,92.0,92.33333333333333,89.66666666666667,88.66666666666667,89.66666666666667,88.33333333333333,86.66666666666667,85.33333333333333,84.0,85.33333333333333,85.33333333333333,83.33333333333333,80.0,73.0,75.33333333333333,81.33333333333333,77.66666666666667,72.0,67.0,63.666666666666664,62.333333333333336
892,69.0,72.33333333333333,73.0,75.66666666666667,78.66666666666667,79.66666666666667,82.33333333333333,84.33333333333333,84.33333333333333,83.33333333333333,84.33333333333333,87.0,87.0,85.33333333333333,79.33333333333333,72.66666666666667,69.0,63.0,61.666666666666664,61.333333333333336,63.0,62.333333333333336,65.33333333333333,66.33333333333333
893,72.33333333333333,70.33333333333333,69.0,69.0,69.33333333333333,68.33333333333333,69.0,67.33333333333333,67.66666666666667,65.0,70.0,68.0,67.33333333333333,66.66666666666667,65.33333333333333,65.33333333333333,60.666666666666664,56.666666666666664,53.0,50.333333333333336,48.333333333333336,48.0,48.0,52.666666666666664
894,48.0,55.0,48.0,64.0,59.0,64.0,68.0,64.0,54.0,54.0,68.0,58.0,58.0,63.0,58.0,50.0,43.0,41.0,38.0,33.0,36.0,34.0,36.0,36.0
895,97.0,96.66666666666667,96.66666666666667,96.33333333333333,96.0,96.66666666666667,96.66666666666667,96.66666666666667,97.0,97.33333333333333,95.33333333333333,97.33333333333333,96.66666666666667,97.33333333333333,96.66666666666667,96.0,94.33333333333333,84.66666666666667,78.33333333333333,72.66666666666667,73.66666666666667,73.66666666666667,74.66666666666667,76.33333333333333
896,35.0,46.0,48.0,49.0,52.0,59.0,66.0,66.0,71.0,68.0,78.0,80.0,82.0,87.0,83.0,68.0,52.0,46.0,43.0,41.0,37.0,40.0,42.0,47.0
897,82.0,85.0,89.0,89.0,82.0,86.0,89.0,86.0,89.0,89.0,89.0,89.0,89.0,89.0,68.0,59.0,52.0,45.0,43.0,40.0,42.0,42.0,65.0,80.0
898,88.33333333333333,90.33333333333333,94.0,95.0,97.66666666666667,97.66666666666667,100.0,100.0,100.0,100.0,100.0,100.0,100.0,100.0,93.66666666666667,90.0,88.66666666666667,84.0,66.66666666666667,52.666666666666664,49.666666666666664,49.333333333333336,52.666666666666664,72.0
899,47.0,54.0,64.0,74.0,77.0,84.0,88.0,96.0,97.0,99.0,100.0,100.0,100.0,100.0,100.0,100.0,82.0,60.0,54.0,51.0,48.0,50.0,56.0,60.0
900,70.0,75.0,73.0,73.0,73.0,75.0,75.0,75.0,76.0,76.0,76.0,73.0,73.0,76.0,72.0,70.0,60.0,53.0,55.0,55.0,59.0,59.0,62.0,68.0
901,64.0,70.0,71.0,74.0,79.0,83.0,82.0,86.0,84.0,87.0,90.0,87.0,95.0,98.0,77.0,63.0,52.0,49.0,46.0,43.0,41.0,40.0,49.0,64.0
902,99.0,100.0,100.0,100.0,100.0,100.0,100.0,100.0,100.0,100.0,100.0,100.0,100.0,100.0,100.0,100.0,83.0,64.0,46.0,37.0,36.0,35.0,77.0,95.0
903,92.0,92.0,100.0,100.0,100.0,100.0,100.0,100.0,100.0,100.0,100.0,100.0,100.0,100.0,100.0,100.0,100.0,100.0,80.0,46.0,43.0,44.0,52.0,77.0
904,38.0,33.0,47.0,60.333333333333336,59.666666666666664,64.0,58.0,67.66666666666667,74.66666666666667,74.0,76.0,79.66666666666667,70.0,83.66666666666667,76.0,58.0,44.0,39.0,37.0,32.0,32.0,35.0,35.0,48.333333333333336
905,92.0,96.0,100.0,96.0,96.0,100.0,100.0,96.0,96.0,96.0,96.0,94.66666666666667,96.0,96.0,96.0,71.0,57.0,53.0,48.0,45.0,43.0,46.0,50.0,77.0
906,91.0,93.0,94.0,92.0,86.0,81.0,80.0,78.0,79.0,80.0,81.0,81.0,78.0,78.0,77.0,77.0,64.0,60.0,62.0,61.0,57.0,58.0,55.0,56.0
907,75.0,84.66666666666667,89.33333333333333,93.0,91.66666666666667,94.0,94.0,95.33333333333333,95.33333333333333,94.0,93.66666666666667,95.0,95.0,96.33333333333333,90.66666666666667,79.0,64.33333333333333,53.0,43.0,39.666666666666664,39.666666666666664,40.666666666666664,46.0,62.333333333333336
908,100.0,92.0,92.0,100.0,92.0,92.0,92.0,92.0,92.0,92.0,92.0,92.0,92.0,92.0,92.0,92.0,92.0,85.0,85.0,85.0,79.0,79.0,79.0,73.0
909,40.0,43.666666666666664,49.666666666666664,54.666666666666664,57.333333333333336,56.333333333333336,59.333333333333336,79.0,61.333333333333336,63.666666666666664,66.0,86.0,86.0,63.333333333333336,65.0,60.0,63.0,55.666666666666664,52.666666666666664,53.0,65.33333333333333,65.0,75.66666666666667,63.333333333333336
910,85.0,81.0,75.0,73.0,78.0,93.0,91.0,94.0,95.0,96.0,96.0,96.0,96.0,96.0,85.0,65.0,54.0,50.0,47.0,44.0,39.0,41.0,65.0,84.0
911,83.33333333333333,87.66666666666667,87.66666666666667,90.66666666666667,89.66666666666667,89.0,92.66666666666667,93.66666666666667,96.33333333333333,98.66666666666667,98.66666666666667,97.66666666666667,97.33333333333333,94.0,75.66666666666667,49.0,43.333333333333336,44.0,40.0,34.0,32.666666666666664,33.333333333333336,41.666666666666664,65.66666666666667
912,42.0,50.0,56.0,60.0,77.0,75.0,74.0,77.0,69.0,70.0,74.0,75.0,81.0,82.0,78.0,76.0,77.0,78.0,78.0,75.0,73.0,73.0,79.0,84.0
913,25.0,35.0,47.0,47.0,58.0,63.0,68.0,73.0,73.0,79.0,73.0,79.0,79.0,79.0,74.0,74.0,74.0,64.0,60.0,44.0,56.0,81.0,81.0,87.0
914,90.0,94.0,96.0,96.0,95.0,96.0,96.0,96.0,98.0,97.0,96.0,96.0,96.0,96.0,96.0,79.0,60.0,48.0,43.0,40.0,39.0,42.0,48.0,65.0
915,75.66666666666667,77.33333333333333,77.66666666666667,81.66666666666667,86.0,86.0,86.66666666666667,88.0,89.0,91.33333333333333,90.33333333333333,89.0,90.0,91.66666666666667,84.0,81.0,75.0,72.66666666666667,69.33333333333333,65.66666666666667,61.666666666666664,63.0,67.33333333333333,73.0
916,62.0,62.0,71.0,71.0,76.0,81.0,81.0,87.0,87.0,87.0,93.0,93.0,93.0,100.0,81.0,67.0,58.0,52.0,48.0,42.0,43.0,45.0,59.0,76.0
917,92.0,94.0,95.0,97.0,98.0,98.0,98.0,97.0,98.0,98.0,98.0,98.0,97.0,97.0,96.0,91.0,85.0,76.0,70.0,68.0,88.0,91.0,91.0,91.0
918,70.0,79.0,79.0,84.0,88.0,92.0,94.0,97.0,100.0,100.0,100.0,100.0,100.0,100.0,100.0,100.0,74.0,61.0,56.0,56.0,54.0,57.0,57.333333333333336,62.0
919,86.0,93.0,96.0,96.0,98.0,97.0,97.0,96.0,97.0,97.0,97.0,96.0,97.0,96.0,97.0,85.0,50.0,44.0,41.0,41.0,39.0,42.0,51.0,70.0
920,93.0,100.0,100.0,100.0,100.0,100.0,100.0,100.0,100.0,100.0,100.0,100.0,100.0,100.0,94.0,48.0,48.0,52.0,49.0,40.0,35.0,35.0,49.0,72.0
921,70.33333333333333,69.0,68.0,70.0,70.0,70.0,69.0,71.0,71.0,72.0,72.0,73.33333333333333,71.33333333333333,71.33333333333333,63.0,56.333333333333336,53.666666666666664,53.666666666666664,54.333333333333336,56.0,55.666666666666664,58.666666666666664,61.333333333333336,62.0
922,79.0,85.0,92.0,85.0,85.0,92.0,85.0,85.0,92.0,85.0,84.0,84.0,84.0,84.0,84.0,84.0,85.0,85.0,78.0,78.0,79.0,79.0,72.0,72.0
923,69.0,73.33333333333333,77.66666666666667,84.66666666666667,84.33333333333333,87.0,91.66666666666667,90.33333333333333,93.33333333333333,94.0,90.66666666666667,90.0,94.0,87.66666666666667,79.33333333333333,63.0,49.0,36.333333333333336,32.0,29.0,28.333333333333332,31.333333333333332,43.0,57.0
924,77.0,76.33333333333333,77.0,75.66666666666667,77.0,78.0,78.33333333333333,79.0,80.33333333333333,80.0,80.0,81.0,81.33333333333333,80.0,80.33333333333333,77.66666666666667,70.66666666666667,69.0,65.66666666666667,62.666666666666664,62.666666666666664,59.666666666666664,67.66666666666667,79.33333333333333
925,100.0,100.0,100.0,100.0,100.0,100.0,100.0,100.0,100.0,100.0,100.0,100.0,100.0,100.0,100.0,100.0,100.0,100.0,82.0,63.0,55.0,52.0,67.0,94.0
926,93.0,98.0,99.0,98.0,99.0,99.0,99.0,100.0,98.66666666666667,97.33333333333333,100.0,99.0,99.0,98.0,97.0,87.0,72.0,56.0,51.0,49.0,47.0,44.0,53.0,78.0
927,100.0,100.0,100.0,100.0,100.0,100.0,100.0,100.0,100.0,100.0,100.0,100.0,100.0,100.0,100.0,100.0,87.0,81.0,87.0,87.0,87.0,87.0,87.0,87.0
928,84.33333333333333,83.0,84.33333333333333,83.66666666666667,83.66666666666667,85.33333333333333,86.33333333333333,88.66666666666667,87.66666666666667,86.0,88.66666666666667,88.66666666666667,87.33333333333333,88.66666666666667,89.0,89.0,87.33333333333333,85.66666666666667,81.33333333333333,78.0,75.0,75.0,75.0,78.0
929,58.0,71.0,66.0,71.0,62.0,66.0,70.0,76.0,70.0,80.33333333333333,84.0,87.66666666666667,91.0,92.0,90.66666666666667,76.0,72.0,59.0,52.0,43.0,37.0,32.0,37.0,45.0
930,69.0,68.0,66.0,67.0,69.0,65.0,67.0,67.0,68.0,68.0,68.0,67.0,65.0,68.0,67.0,67.0,64.0,62.0,62.0,54.0,59.0,53.0,58.0,56.0
931,28.333333333333332,31.666666666666668,33.666666666666664,34.333333333333336,37.333333333333336,38.666666666666664,40.0,42.666666666666664,39.333333333333336,40.0,43.666666666666664,47.666666666666664,47.333333333333336,51.0,47.0,52.666666666666664,42.666666666666664,39.0,31.666666666666668,28.333333333333332,25.0,24.333333333333332,22.333333333333332,21.0
932,13.0,16.666666666666668,19.0,21.0,24.333333333333332,25.333333333333332,27.666666666666668,28.333333333333332,32.333333333333336,34.666666666666664,37.666666666666664,37.333333333333336,41.333333333333336,42.333333333333336,45.0,36.0,28.0,23.0,20.0,17.333333333333332,17.666666666666668,18.333333333333332,16.666666666666668,17.0
933,98.0,98.0,97.0,99.0,99.0,100.0,99.0,96.0,99.0,99.0,98.0,96.0,99.0,90.0,70.0,62.0,51.0,49.0,44.0,43.0,40.0,44.0,76.0,92.0
934,93.0,81.0,93.0,81.0,81.0,87.0,93.0,81.0,93.0,87.0,87.0,81.0,87.0,87.0,76.0,71.0,54.0,41.0,39.0,36.0,36.0,39.0,67.0,82.0
935,91.33333333333333,88.33333333333333,91.0,89.66666666666667,91.0,91.0,88.0,86.66666666666667,86.0,84.0,83.66666666666667,84.66666666666667,87.0,86.33333333333333,80.0,75.0,70.33333333333333,68.66666666666667,69.33333333333333,70.0,77.0,79.33333333333333,80.0,83.0
936,45.0,56.0,59.0,60.0,63.0,58.0,60.0,67.0,73.0,73.0,73.0,85.0,85.0,85.0,70.0,56.0,45.0,37.0,30.0,29.0,28.0,26.0,32.0,35.0
937,80.0,83.0,86.0,85.0,85.0,86.0,86.0,86.0,83.0,86.0,86.0,82.0,82.0,86.0,74.0,57.0,45.0,40.0,38.0,36.0,38.0,39.0,47.0,69.0
938,86.33333333333333,89.0,89.33333333333333,88.66666666666667,84.66666666666667,81.0,80.66666666666667,80.0,84.33333333333333,79.66666666666667,76.66666666666667,72.66666666666667,72.66666666666667,79.33333333333333,84.0,82.0,72.66666666666667,75.0,73.0,70.0,74.33333333333333,73.66666666666667,75.0,73.66666666666667
939,79.0,79.0,79.0,73.0,79.0,72.0,72.0,78.0,72.0,72.0,78.0,78.0,77.0,77.0,71.0,70.0,77.0,72.0,72.0,72.0,66.0,67.0,67.0,67.0
940,93.0,100.0,100.0,100.0,100.0,100.0,100.0,100.0,100.0,100.0,100.0,100.0,100.0,100.0,100.0,87.0,76.0,72.0,59.0,59.0,63.0,67.0,67.0,88.0
941,93.0,93.0,93.0,93.0,86.0,86.0,86.0,93.0,93.0,93.0,93.0,93.0,86.0,86.0,86.0,80.0,90.66666666666667,88.0,89.0,89.66666666666667,91.33333333333333,90.0,89.0,91.0
942,88.0,88.0,88.0,88.0,88.0,84.0,84.0,84.0,87.0,88.0,87.0,87.0,87.0,76.0,79.0,80.0,79.0,76.0,79.0,76.0,63.0,61.0,69.0,76.0
943,9.0,10.0,11.0,12.0,13.0,13.0,16.0,18.0,20.0,22.0,23.0,24.0,21.0,23.0,23.0,23.0,22.0,20.0,18.0,17.0,14.0,11.0,10.0,10.0
944,88.66666666666667,87.66666666666667,87.0,84.0,86.0,84.66666666666667,85.66666666666667,86.0,85.66666666666667,84.33333333333333,81.33333333333333,78.66666666666667,72.33333333333333,76.33333333333333,74.33333333333333,65.66666666666667,63.666666666666664,68.66666666666667,71.0,75.33333333333333,73.66666666666667,70.66666666666667,64.0,66.0
945,88.0,91.66666666666667,92.66666666666667,95.33333333333333,91.66666666666667,94.0,92.1111111111111,92.66666666666667,91.66666666666667,92.66666666666667,92.66666666666667,92.8888888888889,91.55555555555556,89.77777777777777,88.22222222222223,84.33333333333333,65.66666666666667,51.666666666666664,47.333333333333336,43.0,42.333333333333336,43.0,61.333333333333336,81.33333333333333
946,11.666666666666666,17.0,21.0,26.666666666666668,25.0,30.666666666666668,35.0,36.0,37.0,40.666666666666664,41.333333333333336,38.666666666666664,37.333333333333336,37.666666666666664,44.666666666666664,42.666666666666664,33.666666666666664,29.0,25.0,22.666666666666668,18.333333333333332,16.666666666666668,16.333333333333332,16.0
947,52.0,58.0,52.0,52.0,60.0,68.0,73.0,76.0,79.0,82.0,89.0,96.0,96.0,92.0,92.0,92.0,89.0,86.0,89.0,86.0,85.0,85.0,88.0,96.0
948,87.0,93.0,93.0,100.0,100.0,100.0,100.0,100.0,100.0,100.0,100.0,100.0,100.0,100.0,100.0,87.0,76.0,62.0,54.0,47.0,51.0,44.0,47.0,58.0
949,23.0,32.0,42.0,58.0,55.0,63.0,65.0,68.0,71.0,77.0,77.0,84.0,75.0,84.0,81.0,92.0,77.0,61.0,57.0,53.0,46.0,40.0,32.0,27.0
950,31.666666666666668,41.0,37.666666666666664,32.666666666666664,36.0,43.666666666666664,53.0,62.0,72.66666666666667,78.33333333333333,80.66666666666667,81.0,87.66666666666667,89.0,89.66666666666667,91.0,91.0,91.33333333333333,94.0,94.66666666666667,97.33333333333333,96.33333333333333,96.33333333333333,98.0
951,71.0,67.0,86.0,69.0,60.0,62.0,63.0,60.0,63.0,64.0,67.0,72.0,86.0,87.0,82.0,64.0,59.0,56.0,55.0,49.0,49.0,59.0,57.0,64.0
952,62.0,81.0,87.0,71.0,76.0,76.0,76.0,71.0,81.0,87.0,87.0,81.0,87.0,81.0,62.0,51.0,45.0,37.0,34.0,28.0,30.0,30.0,55.0,67.0
953,92.0,92.0,93.0,94.0,94.0,94.0,94.0,94.0,94.0,94.0,94.0,95.0,95.0,94.0,95.0,83.0,66.0,60.0,54.0,52.0,51.0,55.0,59.0,85.0
954,86.0,93.0,93.0,93.0,86.0,93.0,86.0,93.0,86.0,93.0,86.0,80.0,74.0,79.0,73.0,68.0,74.0,68.0,68.0,68.0,68.0,68.0,68.0,79.0
955,73.0,73.0,79.0,79.0,79.0,79.0,73.0,73.0,73.0,73.0,79.0,92.0,92.0,92.0,85.0,85.0,78.0,72.0,62.0,57.0,57.0,57.0,56.0,61.0
956,93.0,96.0,100.0,96.0,100.0,100.0,100.0,100.0,100.0,100.0,100.0,100.0,100.0,100.0,100.0,96.0,83.0,69.0,65.0,61.0,52.0,54.0,56.0,62.0
957,78.0,78.0,82.0,82.0,82.0,85.0,82.0,82.0,85.0,82.0,85.0,82.0,92.0,92.0,92.0,85.0,88.0,79.0,82.0,78.0,82.0,79.0,76.0,82.0
958,51.0,54.0,58.0,54.0,50.0,50.0,50.0,50.0,54.0,62.0,66.0,70.0,76.0,76.0,70.0,58.0,51.0,39.0,37.0,32.0,30.0,30.0,42.0,48.0
959,37.0,44.0,58.0,66.0,58.0,67.0,60.0,73.0,83.0,83.0,90.0,91.0,92.0,93.0,93.0,71.0,55.0,45.0,40.0,37.0,38.0,38.0,38.0,50.0
960,39.0,42.333333333333336,46.333333333333336,50.666666666666664,43.0,44.0,48.0,50.0,62.0,66.0,74.0,75.66666666666667,82.0,87.0,87.0,79.0,71.0,63.333333333333336,59.0,53.0,46.333333333333336,46.666666666666664,46.0,52.0
961,51.0,66.0,65.33333333333333,69.66666666666667,59.333333333333336,67.0,73.0,78.33333333333333,81.0,81.33333333333333,85.33333333333333,85.0,87.33333333333333,87.33333333333333,92.0,88.66666666666667,89.66666666666667,88.33333333333333,88.33333333333333,89.0,83.66666666666667,82.66666666666667,81.66666666666667,80.33333333333333
962,70.0,75.0,75.0,81.0,81.0,87.0,87.0,87.0,86.0,93.0,93.0,86.0,86.0,93.0,93.0,80.0,80.0,80.0,80.0,80.0,80.0,80.0,80.0,80.0
963,28.333333333333332,31.666666666666668,33.666666666666664,34.333333333333336,37.333333333333336,43.0,46.0,50.0,51.0,51.0,55.0,60.0,59.0,51.0,47.0,52.666666666666664,42.666666666666664,39.0,31.666666666666668,28.333333333333332,25.0,24.333333333333332,22.333333333333332,21.0
964,28.0,34.0,36.0,43.0,41.0,52.0,51.0,65.0,60.0,60.0,62.0,74.0,74.0,77.0,76.0,68.0,61.0,62.0,58.0,50.0,47.0,43.0,39.0,47.0
965,93.0,100.0,100.0,100.0,100.0,100.0,100.0,100.0,100.0,100.0,100.0,93.0,92.0,86.0,85.0,86.0,86.0,79.0,79.0,79.0,79.0,79.0,79.0,86.0
966,88.0,92.0,92.0,96.0,96.0,92.0,92.0,85.66666666666667,92.33333333333333,92.33333333333333,92.0,92.0,92.0,92.0,92.0,89.0,89.0,86.0,76.0,76.0,70.0,73.0,76.0,82.0
967,53.0,55.0,62.0,63.0,60.0,62.0,64.0,68.0,70.0,73.0,82.0,86.0,85.0,89.0,89.0,87.0,87.0,85.0,82.0,80.0,83.0,86.0,87.0,88.0
968,85.0,82.0,82.0,79.0,78.0,75.0,75.0,75.0,79.0,85.0,76.0,76.0,78.0,79.0,79.0,76.0,70.0,55.0,65.0,70.0,70.0,67.0,64.0,62.0
969,60.0,64.0,74.0,75.0,75.0,64.0,80.0,93.0,93.0,93.0,93.0,93.0,100.0,100.0,100.0,100.0,93.0,93.0,86.0,80.0,75.0,64.0,60.0,59.0
970,94.0,94.0,94.0,94.0,93.0,93.0,96.0,96.0,95.0,99.66666666666667,96.0,95.0,96.0,99.0,94.0,83.0,70.0,54.0,49.0,46.0,42.0,43.0,59.0,85.0
971,39.0,44.0,51.0,53.0,57.0,53.0,56.0,56.0,63.0,63.0,70.0,73.0,73.0,76.0,76.0,68.0,60.0,54.0,51.0,47.0,47.0,49.0,47.0,54.0
972,67.0,70.0,73.0,74.0,75.0,79.0,84.0,87.0,92.0,90.0,86.0,88.0,90.0,91.0,88.0,85.0,84.0,78.0,70.0,69.0,78.0,84.0,83.0,85.0
973,53.0,63.0,73.0,82.0,96.0,96.0,100.0,100.0,100.0,96.0,92.0,92.0,96.0,96.0,96.0,88.0,88.0,88.0,84.0,84.0,81.0,81.0,80.0,84.0
974,20.0,22.0,33.0,38.0,38.0,40.0,43.0,43.0,47.0,47.0,50.0,50.0,50.0,54.0,54.0,50.0,44.0,41.0,33.0,29.0,22.0,19.0,18.0,17.0
975,73.0,72.0,73.0,77.0,78.0,77.0,79.0,79.0,81.0,75.0,77.0,81.0,74.0,78.0,78.0,82.0,76.0,72.0,63.0,64.0,56.0,61.0,64.0,67.0
976,93.0,93.0,100.0,100.0,100.0,100.0,100.0,100.0,100.0,100.0,100.0,100.0,100.0,100.0,93.0,71.0,62.0,51.0,51.0,48.0,48.0,48.0,55.0,87.0
977,66.0,66.0,76.0,81.0,81.0,81.0,81.0,76.0,100.0,100.0,100.0,100.0,93.0,100.0,100.0,93.0,93.0,93.0,86.0,86.0,86.0,80.0,80.0,93.0
978,73.0,73.0,79.0,73.0,73.0,79.0,79.0,79.0,79.0,73.0,67.0,73.0,73.0,73.0,73.0,72.0,67.0,67.0,57.0,53.0,49.0,49.0,48.0,57.0
979,58.0,63.0,68.0,79.0,79.0,85.0,79.0,70.33333333333333,70.0,73.33333333333333,73.0,76.0,79.0,82.0,82.0,73.0,63.0,57.0,53.0,51.0,49.0,53.0,55.0,71.0
980,90.0,98.0,97.0,98.0,98.0,97.0,97.0,98.0,98.0,97.0,98.0,97.0,97.0,97.0,99.0,97.0,93.0,79.0,73.0,69.0,65.0,63.0,73.0,85.0
981,27.0,28.0,34.0,43.0,44.666666666666664,61.0,68.0,74.0,76.0,79.0,76.0,82.0,82.0,86.0,88.0,89.0,71.0,59.0,44.0,37.0,31.0,32.0,34.0,41.0
982,62.666666666666664,66.33333333333333,66.33333333333333,69.0,71.33333333333333,81.33333333333333,85.33333333333333,87.66666666666667,89.0,91.66666666666667,92.66666666666667,91.66666666666667,95.33333333333333,97.66666666666667,78.66666666666667,59.0,50.666666666666664,46.666666666666664,43.333333333333336,38.666666666666664,36.666666666666664,37.0,49.666666666666664,67.33333333333333
983,27.0,35.0,41.0,43.0,46.0,48.0,49.0,53.0,55.0,56.0,58.0,64.0,64.0,60.0,70.0,58.0,58.0,41.0,38.0,29.0,24.0,17.0,18.0,22.0
984,80.0,89.0,92.0,92.0,89.0,89.0,92.0,96.0,92.0,89.0,89.0,88.0,88.0,92.0,73.0,61.0,51.0,46.0,44.0,41.0,41.0,39.0,44.0,68.0
985,38.0,41.0,52.0,52.0,64.0,67.0,78.0,82.0,82.0,85.0,88.0,88.0,96.0,96.0,100.0,100.0,100.0,96.0,96.0,96.0,96.0,96.0,92.0,92.0
986,82.0,89.0,89.0,92.0,89.0,92.0,96.0,92.0,96.0,92.0,92.0,96.0,92.0,89.0,79.0,65.0,61.0,56.0,52.0,49.0,50.0,50.0,80.0,89.0
987,89.0,85.0,85.0,85.0,85.0,85.0,85.0,85.0,85.0,82.0,82.0,79.0,76.0,79.0,76.0,76.0,73.0,67.0,67.0,67.0,67.0,70.0,70.0,76.0
988,67.0,77.0,86.0,92.0,96.0,97.0,93.0,96.0,97.0,96.0,97.0,93.0,93.0,96.0,93.0,93.0,84.0,73.0,68.0,66.0,60.0,68.0,71.0,78.0
989,93.0,93.0,100.0,100.0,100.0,100.0,100.0,100.0,100.0,100.0,100.0,100.0,100.0,100.0,92.0,100.0,93.0,78.0,76.0,81.0,76.0,87.0,100.0,88.66666666666667
990,100.0,100.0,100.0,100.0,100.0,100.0,100.0,100.0,100.0,100.0,100.0,100.0,100.0,100.0,99.0,86.0,70.0,58.0,57.0,56.0,54.0,56.0,64.0,92.0
991,85.0,85.0,80.0,79.0,79.0,79.0,77.0,76.0,76.0,78.0,80.0,82.0,82.0,83.0,76.0,74.0,82.0,85.0,81.0,72.0,69.0,67.0,71.0,69.0
992,70.0,72.0,72.0,73.0,85.0,88.0,92.0,92.0,92.0,88.0,96.0,92.0,89.0,92.0,88.0,89.0,84.0,84.0,81.0,81.0,81.0,77.0,77.0,74.0
993,92.0,89.0,93.0,96.0,92.0,96.0,96.0,100.0,100.0,96.0,100.0,96.0,100.0,96.0,92.0,86.0,61.0,55.0,46.0,41.0,41.0,46.0,50.0,80.0
994,28.0,30.0,32.0,33.0,34.0,43.0,46.0,41.0,49.0,58.0,56.0,66.0,62.0,68.0,71.0,73.0,73.0,69.0,64.0,60.0,57.0,59.0,62.0,76.0
995,83.33333333333333,81.0,83.66666666666667,84.66666666666667,85.33333333333333,85.33333333333333,86.0,85.66666666666667,88.33333333333333,88.66666666666667,91.33333333333333,92.66666666666667,94.0,96.33333333333333,90.33333333333333,92.0,91.0,90.0,87.33333333333333,87.33333333333333,85.33333333333333,87.33333333333333,85.0,91.0
996,57.0,67.0,76.0,93.0,90.0,89.0,98.0,99.0,100.0,99.0,98.0,98.0,96.0,95.0,94.0,93.0,92.0,91.0,87.0,85.0,78.0,73.0,74.0,75.0
997,82.0,82.0,82.0,82.0,82.0,92.0,85.0,85.0,85.0,89.0,85.0,85.0,88.0,88.0,82.0,79.0,73.0,73.0,70.0,73.0,73.0,73.0,73.0,82.0
998,79.0,78.0,78.0,78.0,79.0,79.0,75.0,78.0,78.0,78.0,78.0,78.0,75.0,75.0,73.0,73.0,70.0,67.0,67.0,67.0,64.0,67.0,70.0,72.0
999,37.0,46.0,48.0,45.0,49.0,62.0,72.0,73.0,79.0,82.0,82.0,85.0,88.0,88.0,92.0,92.0,92.0,96.0,96.0,96.0,96.0,96.0,96.0,96.0
1000,38.0,54.0,56.0,55.0,55.0,57.0,62.0,64.0,70.0,64.0,67.0,72.0,70.0,78.0,78.0,75.0,70.0,60.0,46.0,43.0,42.0,38.0,41.0,38.0
1001,52.0,54.0,60.0,62.0,60.0,67.0,78.0,81.0,87.33333333333333,80.0,77.0,74.0,72.0,75.0,72.0,65.0,59.0,56.0,54.0,48.0,54.0,50.0,50.0,52.0
1002,16.333333333333332,21.666666666666668,24.0,28.333333333333332,32.666666666666664,34.0,34.666666666666664,37.333333333333336,39.0,42.0,47.666666666666664,47.333333333333336,49.333333333333336,50.666666666666664,50.666666666666664,46.0,39.0,31.666666666666668,22.0,17.333333333333332,17.0,17.0,16.0,17.333333333333332
1003,45.0,70.0,63.0,76.0,74.0,80.0,82.0,92.0,95.0,97.0,97.0,97.0,99.0,99.0,99.0,85.0,78.0,71.0,66.0,62.0,54.0,56.0,58.0,62.0
1004,90.66666666666667,86.0,86.0,93.0,88.33333333333333,86.0,79.0,86.0,79.0,73.0,79.0,85.0,85.0,78.0,78.0,78.0,78.0,72.0,66.0,66.0,61.0,66.0,66.0,72.0
1005,51.0,55.666666666666664,55.666666666666664,55.0,54.333333333333336,52.666666666666664,54.333333333333336,53.666666666666664,56.333333333333336,60.0,64.66666666666667,68.33333333333333,73.66666666666667,75.33333333333333,73.0,59.666666666666664,50.0,44.0,39.333333333333336,36.0,34.333333333333336,33.333333333333336,40.666666666666664,44.333333333333336
1006,76.0,76.0,76.0,76.0,76.0,76.0,73.0,78.0,78.0,78.0,78.0,82.0,82.0,79.0,76.0,72.0,72.0,72.0,68.0,60.0,62.0,64.0,70.0,67.0
1007,72.33333333333333,75.66666666666667,78.0,84.33333333333333,85.66666666666667,89.66666666666667,92.0,96.66666666666667,96.66666666666667,97.33333333333333,97.33333333333333,98.0,99.0,98.0,94.66666666666667,79.66666666666667,63.666666666666664,51.333333333333336,48.666666666666664,48.0,45.666666666666664,46.0,47.666666666666664,53.0
1008,88.0,85.0,85.0,85.0,85.0,82.0,88.0,85.0,85.0,82.0,75.0,78.0,81.0,85.0,79.0,78.0,73.0,70.0,79.0,85.0,82.0,75.0,79.0,82.0
1009,73.0,80.0,85.0,86.0,85.0,89.0,96.0,96.0,96.0,96.0,92.0,96.0,96.0,96.0,96.0,90.0,74.0,69.0,56.0,50.0,56.0,50.0,56.0,69.0
1010,69.0,77.0,80.0,82.0,87.0,82.0,86.0,90.0,92.0,93.0,93.0,94.0,95.0,92.0,90.0,82.0,67.0,50.0,50.0,46.0,48.0,50.0,54.0,58.0
1011,79.0,78.0,78.0,85.0,85.0,88.0,88.0,85.0,88.0,88.0,88.0,85.0,92.0,92.0,92.0,92.0,88.0,88.0,92.0,88.0,88.0,88.0,85.0,88.0
1012,89.0,85.0,89.0,89.0,89.0,86.0,86.0,86.0,86.0,86.0,82.0,76.0,67.0,64.0,73.0,70.0,70.0,64.0,64.0,67.0,76.0,73.0,79.0,64.0
1013,85.0,80.0,82.0,84.0,84.0,81.0,81.0,86.0,83.0,88.0,88.0,88.0,87.0,87.0,87.0,84.0,82.0,76.0,71.0,69.0,68.0,67.0,66.0,76.0
1014,87.0,93.0,93.0,95.33333333333333,93.0,100.0,100.0,100.0,96.66666666666667,100.0,100.0,93.0,100.0,93.0,82.66666666666667,67.0,63.0,63.0,63.0,60.0,68.0,72.0,82.0,88.0
1015,82.66666666666667,82.0,83.33333333333333,90.33333333333333,93.0,94.0,94.33333333333333,94.33333333333333,93.66666666666667,92.66666666666667,90.66666666666667,90.66666666666667,90.66666666666667,91.0,84.66666666666667,79.0,72.66666666666667,68.0,64.0,63.0,62.0,63.666666666666664,66.0,70.0
1016,83.0,86.0,89.0,89.0,86.0,89.0,89.0,89.0,89.0,92.0,89.0,92.0,92.0,89.0,90.0,71.0,60.0,44.0,40.0,37.0,38.0,37.0,46.0,72.0
1017,29.0,51.0,54.0,63.0,58.0,60.0,60.0,58.0,60.0,62.0,65.0,65.0,68.0,65.0,62.0,63.0,43.0,36.0,32.0,32.0,28.0,28.0,30.0,33.0
1018,41.22222222222222,53.0,57.333333333333336,62.666666666666664,63.333333333333336,65.33333333333333,68.0,71.0,70.66666666666667,67.0,66.33333333333333,68.66666666666667,68.66666666666667,68.66666666666667,62.333333333333336,52.0,44.0,39.0,35.333333333333336,32.333333333333336,31.666666666666668,33.0,37.333333333333336,42.666666666666664
1019,97.0,99.0,100.0,100.0,100.0,100.0,100.0,100.0,100.0,100.0,100.0,100.0,100.0,100.0,84.0,72.0,67.0,58.0,57.0,55.0,55.0,56.0,86.0,94.0
1020,73.0,85.0,89.0,79.0,86.0,91.0,93.0,94.0,94.0,94.0,95.0,94.0,94.0,94.0,95.0,84.0,78.0,70.0,61.0,55.0,50.0,48.0,48.0,56.0
1021,93.0,95.0,99.0,100.0,100.0,100.0,100.0,100.0,100.0,100.0,100.0,100.0,100.0,100.0,94.0,88.0,71.0,59.0,49.0,46.0,47.0,49.0,59.0,81.0
1022,87.0,87.0,87.0,87.0,87.0,93.0,93.0,86.0,86.0,100.0,100.0,100.0,100.0,100.0,93.0,93.0,93.0,87.0,87.0,87.0,87.0,93.0,93.0,93.0
1023,74.0,68.0,68.0,72.0,68.0,68.0,68.0,71.0,68.0,71.0,71.0,71.0,70.0,68.0,68.0,68.0,62.0,57.0,59.0,50.0,55.0,52.0,57.0,62.0
1024,29.0,37.0,43.0,46.0,42.0,42.0,39.0,48.0,38.0,41.0,38.0,35.0,51.0,44.0,55.0,60.0,42.0,37.0,41.0,41.0,41.0,41.0,36.0,38.0
1025,67.66666666666667,67.0,67.33333333333333,66.33333333333333,66.0,59.0,64.0,64.0,59.0,64.0,64.0,59.0,68.66666666666667,69.33333333333333,62.666666666666664,60.0,56.0,54.0,52.666666666666664,53.0,52.666666666666664,50.666666666666664,53.0,56.0
1026,96.0,92.0,88.0,88.0,88.0,87.0,87.0,92.0,87.0,83.0,88.0,87.0,87.0,91.0,91.0,87.0,76.0,69.0,69.0,73.0,69.0,66.0,73.0,79.0
1027,85.0,92.0,92.0,92.0,96.0,92.0,96.0,92.0,92.0,96.0,92.0,92.0,89.0,82.0,82.0,82.0,76.0,55.0,45.0,43.0,49.0,50.0,57.0,62.0
1028,51.0,55.0,58.0,63.0,67.0,71.0,82.0,83.0,83.0,88.0,93.0,94.0,92.0,94.0,95.0,93.0,89.0,80.0,72.0,74.0,86.0,90.0,90.0,90.0
1029,93.0,93.0,86.0,93.0,93.0,93.0,93.0,93.0,93.0,100.0,86.0,93.0,86.0,79.0,86.0,86.0,79.0,73.0,73.0,73.0,73.0,68.0,73.0,79.0
1030,100.0,99.0,100.0,96.0,92.0,79.0,89.0,90.0,90.0,99.0,99.0,100.0,100.0,100.0,85.0,72.0,67.0,62.0,59.0,57.0,56.0,58.0,79.0,99.0
1031,62.0,76.0,76.0,81.0,81.0,81.0,87.0,87.0,87.0,70.0,76.0,81.0,93.0,93.0,93.0,93.0,81.0,81.0,75.0,81.0,81.0,81.0,87.0,100.0
1032,12.333333333333334,18.333333333333332,19.333333333333332,22.666666666666668,27.666666666666668,29.0,33.666666666666664,35.666666666666664,36.0,41.0,40.666666666666664,39.666666666666664,38.666666666666664,40.0,41.0,43.0,34.0,28.333333333333332,24.666666666666668,20.333333333333332,14.0,15.0,16.0,15.333333333333334
1033,100.0,100.0,100.0,100.0,100.0,100.0,100.0,100.0,100.0,100.0,100.0,100.0,100.0,100.0,100.0,100.0,100.0,100.0,100.0,100.0,100.0,100.0,100.0,100.0
1034,77.0,83.0,90.0,89.0,96.0,97.0,97.0,96.0,96.0,96.0,96.0,96.0,96.0,96.0,89.0,72.0,64.0,58.0,50.0,47.0,42.0,45.0,54.0,70.0
1035,80.0,80.0,93.0,100.0,100.0,100.0,100.0,100.0,100.0,100.0,93.0,93.0,100.0,86.0,86.0,86.0,79.0,79.0,73.0,79.0,93.0,86.0,86.0,85.0
1036,60.0,66.0,68.0,69.0,69.0,70.0,71.0,72.0,74.0,76.0,81.0,86.0,89.0,93.0,99.0,99.0,91.0,58.0,48.0,46.0,49.0,47.0,50.0,60.0
1037,68.0,68.0,68.0,68.0,68.0,65.0,65.0,62.0,62.0,62.0,65.0,74.0,73.0,77.0,77.0,73.0,64.0,58.0,51.0,49.0,43.0,47.0,51.0,64.0
1038,55.0,61.0,62.0,39.0,45.0,46.0,54.0,71.0,76.0,74.0,81.0,82.0,83.0,84.0,82.0,71.0,55.0,46.0,43.0,40.0,38.0,60.0,64.0,70.0
1039,94.0,94.0,94.0,94.0,94.0,97.33333333333333,95.0,95.0,95.0,94.0,92.66666666666667,92.66666666666667,93.66666666666667,96.0,94.0,88.33333333333333,82.33333333333333,82.33333333333333,81.33333333333333,80.33333333333333,80.33333333333333,80.33333333333333,82.33333333333333,89.33333333333333
1040,42.0,41.0,55.0,52.0,37.0,63.0,79.0,84.0,86.0,86.0,89.0,88.0,87.0,89.0,89.0,87.0,83.0,72.0,47.0,25.0,26.0,28.0,30.0,33.0
1041,83.0,83.33333333333333,83.33333333333333,82.0,80.0,81.0,76.66666666666667,79.0,79.33333333333333,80.0,78.66666666666667,78.33333333333333,77.33333333333333,75.33333333333333,70.0,65.66666666666667,61.0,55.333333333333336,52.333333333333336,55.666666666666664,59.666666666666664,61.0,59.666666666666664,53.666666666666664
1042,91.33333333333333,93.33333333333333,93.33333333333333,95.33333333333333,97.66666666666667,100.0,100.0,97.66666666666667,97.66666666666667,97.66666666666667,97.66666666666667,95.33333333333333,97.66666666666667,100.0,95.33333333333333,85.66666666666667,73.33333333333333,70.0,59.333333333333336,54.333333333333336,48.333333333333336,48.333333333333336,57.666666666666664,77.33333333333333
1043,22.0,26.0,34.0,47.0,47.0,59.0,55.0,59.0,58.0,63.0,68.0,68.0,68.0,80.0,73.0,69.0,52.0,32.0,24.0,20.0,19.0,19.0,19.0,20.0
1044,84.0,88.0,90.0,91.0,90.0,84.0,87.0,88.0,90.0,88.0,91.0,91.0,91.0,90.0,73.0,67.0,55.0,48.0,39.0,37.0,34.0,35.0,59.0,71.0
1045,76.0,78.0,78.0,78.0,78.0,82.0,78.0,72.0,72.0,75.0,79.0,85.0,89.0,92.0,92.0,88.0,92.0,88.0,85.0,82.0,82.0,82.0,78.0,82.0
1046,92.0,92.0,92.0,92.0,92.0,92.0,92.0,92.0,100.0,85.0,100.0,100.0,92.0,92.0,92.0,84.0,85.0,85.0,78.0,78.0,78.0,78.0,78.0,85.0
1047,78.0,78.0,75.0,76.0,76.0,67.0,65.0,65.0,65.0,67.0,62.0,67.0,65.0,65.0,65.0,57.0,55.0,55.0,49.0,47.0,47.0,49.0,49.0,55.0
1048,15.0,18.0,25.0,27.0,28.0,30.0,30.0,33.0,35.0,36.0,38.0,41.0,45.0,45.0,42.0,45.0,36.0,29.0,26.0,23.0,20.0,26.0,26.0,30.0
1049,22.666666666666668,28.0,36.0,40.666666666666664,44.333333333333336,47.0,49.0,50.0,50.333333333333336,53.333333333333336,59.333333333333336,57.333333333333336,61.0,61.666666666666664,66.0,65.33333333333333,59.333333333333336,45.0,32.0,17.0,22.333333333333332,19.666666666666668,18.666666666666668,20.333333333333332
1050,92.0,91.0,89.0,88.0,90.0,87.0,86.0,82.0,82.0,78.0,76.0,75.0,73.0,74.0,73.0,71.0,69.0,68.0,72.0,75.0,75.0,77.0,76.0,78.0
1051,46.0,53.0,63.0,66.0,76.0,71.0,79.0,86.0,93.0,92.0,93.0,93.0,93.0,93.0,93.0,86.0,72.0,63.0,55.0,51.0,55.0,57.0,59.0,63.0
1052,86.0,86.0,86.0,86.0,93.0,86.0,79.0,79.0,73.0,73.0,68.0,85.0,92.0,92.0,85.0,78.0,78.0,78.0,78.0,67.0,62.0,67.0,72.0,78.0
1053,29.0,36.0,41.0,46.0,47.0,53.0,57.0,57.0,53.0,61.0,65.0,70.0,76.0,87.0,87.0,87.0,77.0,63.0,52.0,43.0,38.0,38.0,41.0,40.0
1054,44.666666666666664,50.0,56.666666666666664,62.666666666666664,50.0,57.0,62.0,73.0,81.0,74.0,87.0,77.66666666666667,76.0,75.0,62.0,58.0,44.0,41.333333333333336,36.333333333333336,32.0,29.666666666666668,29.666666666666668,32.0,36.666666666666664
1055,93.0,100.0,100.0,100.0,100.0,100.0,100.0,100.0,100.0,100.0,100.0,100.0,100.0,100.0,87.0,66.0,58.0,54.0,55.0,51.0,48.0,48.0,58.0,93.0
1056,35.0,46.0,51.0,55.0,62.0,70.0,82.0,76.0,85.0,85.0,92.0,91.0,88.0,88.0,81.0,81.0,77.0,78.0,81.0,81.0,84.0,81.0,81.0,77.0
1057,85.0,82.0,80.0,78.0,82.0,90.0,96.0,98.0,98.0,90.0,98.0,100.0,100.0,100.0,86.0,77.0,72.0,66.0,60.0,52.0,50.0,50.0,62.0,80.0
1058,17.0,40.0,44.0,45.0,54.0,57.0,59.0,59.0,59.0,57.0,65.0,68.0,68.0,65.0,65.0,62.0,40.0,25.0,19.0,18.0,18.0,18.0,17.0,20.0
1059,74.0,75.0,73.0,75.0,76.0,76.0,74.0,69.0,62.0,82.0,83.0,82.0,73.0,70.0,64.0,59.0,56.0,51.0,49.0,49.0,50.0,49.0,52.0,57.0
1060,71.33333333333333,73.0,75.33333333333333,78.66666666666667,78.66666666666667,81.0,83.0,83.0,85.0,85.0,86.0,87.0,83.0,83.0,73.0,68.33333333333333,57.0,52.666666666666664,53.666666666666664,54.0,55.333333333333336,58.666666666666664,60.666666666666664,60.333333333333336
1061,29.0,35.0,54.0,54.0,55.0,50.0,51.0,48.0,52.0,50.0,53.0,51.0,55.0,52.0,54.0,50.0,36.0,34.0,32.0,30.0,27.0,26.0,26.0,26.0
1062,100.0,93.0,93.0,93.0,93.0,86.0,86.0,79.0,79.0,79.0,79.0,79.0,73.0,73.0,85.0,85.0,79.0,79.0,79.0,79.0,79.0,78.0,78.0,72.0
1063,54.0,66.0,76.0,87.0,76.0,76.0,81.0,87.0,81.0,70.0,65.0,70.0,65.0,65.0,65.0,75.0,75.0,65.0,56.0,56.0,49.0,43.0,43.0,40.0
1064,18.0,22.0,26.0,42.0,52.0,61.0,61.0,65.0,70.0,80.0,80.0,80.0,93.0,100.0,100.0,100.0,100.0,93.0,93.0,93.0,93.0,86.0,86.0,93.0
1065,42.0,62.0,75.0,82.0,85.0,86.0,86.0,87.0,87.0,87.0,89.0,88.0,88.0,88.0,86.0,84.0,68.0,57.0,50.0,48.0,48.0,59.0,62.0,70.0
1066,55.0,57.0,54.666666666666664,56.0,60.333333333333336,70.66666666666667,73.0,76.0,79.33333333333333,84.33333333333333,88.0,90.33333333333333,90.0,89.0,89.0,89.0,86.66666666666667,86.66666666666667,85.33333333333333,84.33333333333333,84.0,84.0,88.33333333333333,92.33333333333333
1067,67.0,67.0,68.0,68.0,68.0,67.0,70.0,67.0,67.0,73.0,73.0,82.0,85.0,89.0,89.0,89.0,92.66666666666667,89.0,89.0,89.0,86.0,85.0,85.0,78.0
1068,96.0,92.0,92.0,96.0,96.0,96.0,92.0,92.0,92.0,92.0,92.0,96.0,96.0,96.0,96.0,96.0,96.0,96.0,96.0,96.0,96.0,96.0,88.0,92.0
1069,74.0,71.0,77.0,74.0,71.0,71.0,74.0,74.0,76.0,76.0,76.0,74.0,73.0,80.0,82.0,85.0,89.0,85.0,68.0,56.0,46.0,56.0,59.0,50.0
1070,86.0,90.0,83.0,90.0,90.0,93.0,97.0,97.0,92.0,93.0,100.0,96.0,97.0,96.0,83.0,66.0,60.0,56.0,50.0,42.0,38.0,40.0,65.0,84.0
1071,70.0,70.0,71.0,69.66666666666667,70.0,66.66666666666667,69.33333333333333,69.33333333333333,68.0,69.33333333333333,67.66666666666667,73.0,79.0,79.0,65.33333333333333,63.666666666666664,57.0,61.0,60.333333333333336,52.0,45.0,50.666666666666664,51.0,52.0
1072,26.0,28.0,34.0,32.0,32.0,36.0,39.0,39.0,42.0,39.0,49.0,65.0,76.0,76.0,73.0,72.0,76.0,76.0,79.0,82.0,81.0,78.0,78.0,78.0
1073,71.0,71.0,81.0,87.0,87.0,87.0,87.0,87.0,87.0,87.0,87.0,87.0,93.0,87.0,71.0,58.0,45.0,45.0,34.0,32.0,32.0,35.0,40.0,63.0
1074,87.0,87.0,87.0,93.0,93.0,100.0,100.0,100.0,93.0,93.0,100.0,93.0,93.0,100.0,93.0,76.0,58.0,55.0,45.0,48.0,45.0,45.0,48.0,62.0
1075,92.0,92.0,92.0,96.0,92.0,92.0,92.0,92.0,96.0,92.0,96.0,96.0,92.0,82.0,85.0,89.0,82.0,82.0,73.0,76.0,60.0,92.0,71.33333333333333,96.0
1076,87.0,88.33333333333333,89.0,91.66666666666667,91.0,87.0,88.0,90.33333333333333,91.33333333333333,90.33333333333333,91.66666666666667,87.66666666666667,89.33333333333333,87.66666666666667,75.33333333333333,65.0,52.666666666666664,44.333333333333336,38.333333333333336,35.0,34.0,38.0,59.0,79.33333333333333
1077,84.0,84.0,80.0,84.0,87.0,83.0,80.0,87.0,84.0,84.0,84.0,84.0,88.0,84.0,84.0,84.0,84.0,80.0,80.0,74.0,77.0,74.0,74.0,74.0
1078,69.33333333333333,70.0,70.0,69.66666666666667,69.33333333333333,69.66666666666667,70.0,72.0,72.0,71.66666666666667,74.0,73.0,73.33333333333333,75.0,68.66666666666667,61.333333333333336,56.333333333333336,51.333333333333336,49.333333333333336,49.0,48.0,49.333333333333336,52.0,54.333333333333336
1079,53.0,66.0,66.0,67.0,72.0,70.0,76.0,81.0,79.0,85.0,87.0,89.0,88.0,91.0,92.0,90.0,89.0,86.0,82.0,78.0,76.0,79.0,84.0,89.0
1080,14.0,16.0,22.0,24.0,27.0,24.0,34.0,38.0,44.0,43.0,48.0,42.0,50.0,46.0,51.0,37.0,29.0,23.0,22.0,19.0,16.0,18.0,17.0,17.0
1081,93.0,93.0,100.0,93.0,93.0,100.0,100.0,93.0,100.0,100.0,93.0,100.0,93.0,93.0,87.0,67.0,55.0,48.0,48.0,42.0,45.0,49.0,55.0,77.0
1082,70.0,70.0,67.0,70.0,67.0,67.0,64.0,67.0,72.0,79.0,79.0,82.0,75.0,82.0,88.0,88.0,88.0,85.0,85.0,75.0,75.0,69.0,75.0,75.0
1083,77.0,88.33333333333333,86.0,87.0,93.0,91.66666666666667,96.0,96.0,96.0,95.0,94.0,94.0,94.0,93.0,85.0,72.0,61.0,48.0,47.0,43.0,43.0,43.0,53.0,64.0
1084,17.0,19.0,22.0,40.666666666666664,51.666666666666664,60.0,70.0,70.0,75.0,76.0,86.0,93.0,93.0,94.33333333333333,95.66666666666667,96.33333333333333,95.33333333333333,93.0,91.0,89.66666666666667,89.0,86.33333333333333,86.33333333333333,89.66666666666667
1085,96.0,96.0,96.0,92.0,92.0,96.0,92.0,92.0,92.0,96.0,92.0,92.0,92.0,92.0,92.0,88.0,82.0,85.0,82.0,86.0,86.0,86.0,86.0,89.0
1086,74.0,80.0,86.0,86.0,93.0,96.0,96.0,96.0,97.0,96.0,96.0,96.0,96.0,96.0,97.0,80.0,67.0,65.0,56.0,52.0,57.0,60.0,63.0,78.0
1087,28.0,36.0,42.0,45.0,44.0,46.0,47.0,51.0,54.0,56.0,62.0,62.0,62.0,60.0,58.0,50.0,46.0,44.0,40.0,36.0,34.0,33.0,34.0,38.0
1088,68.0,71.0,76.0,79.0,79.0,82.0,85.0,85.0,85.0,85.0,85.0,82.0,88.0,81.0,84.0,88.0,85.0,73.0,64.0,57.0,53.0,49.0,45.0,47.0
1089,26.0,26.0,29.0,40.0,54.0,66.0,68.0,81.0,84.0,86.0,88.0,91.0,94.0,98.0,99.0,99.0,99.0,99.0,99.0,99.0,99.0,99.0,99.0,99.0
1090,76.0,76.0,76.0,76.0,76.0,79.0,79.0,79.0,76.0,76.0,76.0,72.0,76.0,76.0,76.0,76.0,70.0,65.0,68.0,68.0,68.0,70.0,70.0,70.0
1091,47.0,50.0,58.0,66.0,66.0,81.0,87.0,93.0,100.0,100.0,100.0,93.0,93.0,87.0,100.0,93.0,82.0,66.0,58.0,62.0,62.0,71.0,76.0,81.0
1092,56.0,67.0,78.0,86.0,89.0,92.0,92.0,92.0,92.0,90.0,92.0,92.0,91.0,91.0,90.0,86.0,78.0,68.0,64.0,64.0,64.0,63.0,68.0,71.0
1093,96.33333333333333,96.0,94.66666666666667,94.33333333333333,87.66666666666667,87.66666666666667,89.0,87.33333333333333,94.33333333333333,96.66666666666667,96.33333333333333,97.33333333333333,96.33333333333333,96.66666666666667,81.33333333333333,67.66666666666667,59.333333333333336,55.333333333333336,52.333333333333336,50.333333333333336,50.0,52.0,78.33333333333333,95.33333333333333
1094,86.0,90.0,93.0,93.0,93.0,97.0,96.0,100.0,92.0,92.0,96.0,96.0,96.0,97.0,69.0,60.0,58.0,55.0,48.0,38.0,38.0,38.0,49.0,60.0
1095,88.0,92.0,92.0,88.0,88.0,88.0,88.0,88.0,84.0,87.0,87.0,88.0,88.0,88.0,87.0,84.0,84.0,80.0,77.0,70.0,70.0,64.0,67.0,69.0
1096,82.0,82.0,82.0,85.0,85.0,85.0,89.0,89.0,92.0,89.0,92.0,89.0,92.0,96.0,85.0,79.0,76.0,68.0,60.0,52.0,48.0,48.0,50.0,54.0
1097,12.0,20.0,27.0,29.0,26.0,26.0,26.0,27.0,29.0,34.0,36.0,41.0,43.0,43.0,45.0,43.0,37.0,38.0,32.0,24.0,21.0,20.0,17.0,17.0
1098,67.33333333333333,66.33333333333333,70.0,74.0,79.66666666666667,79.33333333333333,87.66666666666667,85.66666666666667,81.0,77.0,76.66666666666667,75.66666666666667,75.66666666666667,75.66666666666667,66.0,59.333333333333336,56.0,54.666666666666664,53.666666666666664,53.333333333333336,55.333333333333336,57.333333333333336,62.666666666666664,70.33333333333333
1099,21.0,23.0,24.0,25.0,26.0,24.0,24.0,22.0,23.0,23.0,26.0,20.0,17.0,18.0,17.0,18.0,13.0,15.0,17.0,16.0,17.0,20.0,17.0,18.0
1100,38.0,54.0,66.0,67.0,69.0,70.0,67.0,67.0,69.0,69.0,67.0,70.0,66.0,81.0,86.0,89.0,89.0,86.0,76.0,69.0,61.0,56.0,47.0,33.0
1101,92.0,88.0,92.0,88.0,88.0,92.0,92.0,92.0,89.0,92.0,92.0,92.0,92.0,96.0,96.0,96.0,92.0,92.0,82.0,79.0,76.0,76.0,76.0,79.0
1102,88.0,88.0,92.0,93.0,96.0,96.0,96.0,96.0,96.0,96.0,100.0,96.0,96.0,96.0,92.0,92.0,88.0,92.0,89.0,89.0,89.0,93.0,96.0,96.0
1103,38.0,50.0,58.0,61.0,65.0,68.0,68.0,70.0,65.0,76.0,79.0,83.0,89.0,86.0,90.0,86.0,78.0,72.0,61.0,47.0,49.0,51.0,51.0,53.0
1104,63.0,68.0,75.0,80.0,87.0,90.0,89.0,91.0,92.0,92.0,92.0,93.0,92.0,91.0,93.0,83.0,77.0,62.0,58.0,54.0,51.0,50.0,54.0,62.0
1105,93.0,93.0,100.0,93.0,100.0,93.0,100.0,93.0,100.0,100.0,93.0,100.0,100.0,100.0,93.0,76.0,58.0,51.0,45.0,48.0,45.0,45.0,72.0,88.0
1106,75.0,75.0,80.0,86.0,100.0,100.0,100.0,100.0,100.0,100.0,100.0,100.0,100.0,100.0,100.0,93.0,86.0,86.0,86.0,86.0,86.0,86.0,86.0,80.0
1107,59.0,67.0,63.0,72.0,82.0,94.0,100.0,100.0,100.0,100.0,94.0,87.0,87.0,72.0,72.33333333333333,68.0,60.0,55.333333333333336,49.666666666666664,44.666666666666664,44.0,47.0,50.0,73.0
1108,33.0,38.0,46.0,35.0,35.0,40.0,56.0,61.0,56.0,56.0,75.0,80.0,93.0,87.0,87.0,81.0,81.0,87.0,86.0,93.0,86.0,86.0,86.0,86.0
1109,36.0,44.0,47.0,49.0,49.0,51.0,57.0,59.0,61.0,60.0,64.0,68.0,68.0,72.0,74.0,59.0,45.0,38.0,29.0,26.0,27.0,30.0,36.0,41.0
1110,40.0,50.0,48.0,54.0,65.0,68.0,70.0,76.0,79.0,86.0,93.0,93.0,92.0,96.0,96.0,80.0,71.0,51.0,38.0,35.0,33.0,34.0,38.0,42.0
1111,86.66666666666667,82.66666666666667,82.66666666666667,82.66666666666667,83.66666666666667,84.66666666666667,85.33333333333333,85.0,82.66666666666667,84.0,84.0,82.66666666666667,84.0,82.66666666666667,80.33333333333333,79.0,79.0,76.33333333333333,76.66666666666667,73.33333333333333,76.0,72.66666666666667,72.66666666666667,75.0
1112,87.0,93.0,93.0,93.0,100.0,93.0,93.0,93.0,100.0,93.0,100.0,93.0,93.0,93.0,87.0,67.0,55.0,55.0,52.0,46.0,43.0,37.0,63.0,82.0
1113,82.0,98.0,98.0,98.0,98.0,88.0,95.0,85.0,98.0,98.0,98.0,98.0,97.0,98.0,97.0,89.0,63.0,48.0,46.0,47.0,45.0,41.0,42.0,63.0
1114,65.0,62.0,65.0,65.0,65.0,62.0,62.0,62.0,59.0,59.0,59.0,57.0,57.0,68.0,70.0,67.0,59.0,59.0,56.0,51.0,49.0,39.0,43.0,45.0
1115,51.333333333333336,62.333333333333336,70.33333333333333,82.33333333333333,87.0,90.33333333333333,90.66666666666667,96.0,96.0,93.33333333333333,94.0,93.66666666666667,95.0,96.33333333333333,94.33333333333333,92.66666666666667,89.66666666666667,90.33333333333333,90.66666666666667,88.33333333333333,84.66666666666667,87.33333333333333,87.33333333333333,87.33333333333333
1116,84.66666666666667,89.33333333333333,89.33333333333333,91.66666666666667,90.66666666666667,92.66666666666667,96.0,95.66666666666667,97.0,97.0,97.0,97.0,95.66666666666667,97.0,97.33333333333333,92.0,100.0,100.0,87.0,76.0,71.0,71.0,71.0,81.0
1117,62.0,63.0,66.0,66.0,65.0,65.0,69.0,86.0,90.0,91.0,88.0,87.0,91.0,88.0,88.0,86.0,79.0,82.0,77.0,76.0,72.0,73.0,78.0,82.0
1118,78.0,78.0,82.0,85.0,85.0,82.0,82.0,79.0,75.0,78.0,82.0,89.0,89.0,96.0,92.0,88.0,88.0,88.0,85.0,85.0,85.0,85.0,85.0,85.0
1119,96.0,96.0,96.0,97.33333333333333,97.33333333333333,96.0,94.66666666666667,94.66666666666667,96.0,96.0,100.0,94.66666666666667,94.66666666666667,94.66666666666667,96.0,96.0,92.0,92.0,82.0,82.0,78.0,85.0,92.0,96.0
1120,79.66666666666667,90.0,88.0,91.0,93.33333333333333,100.0,100.0,97.66666666666667,100.0,97.66666666666667,98.66666666666667,100.0,100.0,100.0,94.33333333333333,75.66666666666667,62.0,50.333333333333336,43.666666666666664,42.666666666666664,41.666666666666664,38.666666666666664,48.666666666666664,63.0
1121,55.0,59.666666666666664,66.0,69.0,72.66666666666667,78.66666666666667,82.66666666666667,84.33333333333333,88.66666666666667,89.0,91.33333333333333,91.0,89.33333333333333,87.66666666666667,83.0,82.66666666666667,78.33333333333333,79.66666666666667,77.66666666666667,77.66666666666667,78.33333333333333,76.0,73.66666666666667,72.0
1122,69.0,73.0,77.0,82.0,77.0,71.0,71.0,77.0,85.0,92.0,93.0,93.0,92.0,93.0,92.0,89.0,84.0,79.0,71.0,72.0,72.0,70.0,67.0,68.0
1123,79.0,82.0,89.0,89.0,92.0,89.0,88.0,88.0,92.0,92.0,92.0,96.0,92.0,88.0,79.0,56.0,53.0,48.0,44.0,42.0,39.0,39.0,42.0,68.0
1124,97.33333333333333,97.33333333333333,97.33333333333333,97.77777777777777,97.77777777777777,96.0,94.22222222222223,94.22222222222223,94.66666666666667,94.66666666666667,96.0,94.22222222222223,93.33333333333333,94.22222222222223,92.0,89.66666666666667,86.33333333333333,81.33333333333333,79.0,76.66666666666667,77.66666666666667,78.66666666666667,84.66666666666667,85.66666666666667
1125,52.0,53.0,49.0,74.0,86.0,85.0,79.0,84.0,90.0,90.0,90.0,91.0,93.0,85.0,83.0,80.0,79.0,76.0,75.0,69.0,71.0,71.0,72.0,68.0
1126,71.0,82.0,85.0,85.0,82.0,89.0,89.0,88.0,88.0,92.0,92.0,82.0,88.0,88.0,92.0,82.0,73.0,57.0,47.0,42.0,40.0,48.0,57.0,63.0
1127,20.0,25.0,33.0,33.0,33.0,40.0,35.0,37.0,34.0,32.0,34.0,52.0,48.0,52.0,52.0,56.0,34.0,28.0,24.0,20.0,18.0,22.0,16.0,15.0
1128,56.0,61.0,63.0,66.0,68.0,68.0,82.0,85.0,85.0,89.0,80.0,89.0,89.0,92.0,86.0,76.0,62.0,50.0,43.0,36.0,37.0,37.0,42.0,46.0
1129,75.0,75.0,75.0,73.0,70.0,67.0,70.0,75.0,72.0,81.0,70.0,70.0,70.0,70.0,67.0,60.0,58.0,55.0,55.0,53.0,51.0,55.0,57.0,57.0
1130,38.0,54.0,50.0,54.0,54.0,53.0,66.0,66.0,75.0,81.0,87.0,93.0,100.0,93.0,93.0,71.0,82.0,67.0,52.0,46.0,43.0,41.0,41.0,40.0
1131,76.0,89.0,82.0,88.0,92.0,92.0,92.0,92.0,88.0,89.0,88.0,89.0,92.0,92.0,96.0,92.0,73.0,59.0,53.0,46.0,41.0,46.0,49.0,59.0
1132,73.0,79.0,79.0,73.0,79.0,79.0,79.0,79.0,85.0,78.0,78.0,78.0,85.0,78.0,72.0,72.0,66.0,72.0,66.0,72.0,66.0,61.0,61.0,78.0
1133,85.0,86.0,89.0,90.0,90.0,90.0,91.0,91.0,91.0,91.0,92.0,92.0,92.0,92.0,91.0,81.0,65.0,50.0,44.0,40.0,39.0,39.0,51.0,77.0
1134,19.0,25.0,33.0,37.0,37.0,37.0,42.0,36.0,42.0,48.0,48.0,48.0,56.0,56.0,56.0,48.0,40.0,35.0,36.0,22.0,21.0,21.0,19.0,17.0
1135,88.0,88.0,89.0,84.0,84.0,84.0,84.0,84.0,84.0,84.0,84.0,84.0,84.0,84.0,80.0,84.0,88.0,80.0,77.0,74.0,77.0,74.0,74.0,74.0
1136,36.0,39.0,49.0,51.0,57.0,57.0,57.0,57.0,60.0,68.0,76.0,85.0,85.0,85.0,85.0,78.0,70.0,67.0,59.0,57.0,53.0,45.0,45.0,43.0
1137,71.0,74.0,78.0,82.0,88.0,93.0,97.0,99.0,99.0,100.0,100.0,97.0,99.0,99.0,94.0,91.0,78.0,64.0,56.0,55.0,52.0,56.0,60.0,65.0
1138,68.0,74.0,72.0,77.0,84.0,84.0,88.0,84.0,84.0,84.0,81.0,84.0,84.0,84.0,81.0,84.0,81.0,78.0,71.0,68.0,65.0,55.0,56.0,56.0
1139,28.333333333333332,36.666666666666664,40.666666666666664,46.333333333333336,49.0,50.333333333333336,51.0,53.666666666666664,57.0,61.0,59.666666666666664,63.333333333333336,64.33333333333333,66.33333333333333,66.0,59.666666666666664,53.0,41.0,36.0,31.666666666666668,28.0,25.0,26.0,27.666666666666668
1140,79.0,81.33333333333333,81.0,81.33333333333333,83.0,88.0,91.66666666666667,94.33333333333333,93.0,94.0,94.0,94.0,93.66666666666667,93.66666666666667,90.66666666666667,86.0,78.33333333333333,73.66666666666667,70.66666666666667,69.66666666666667,67.0,68.33333333333333,68.66666666666667,68.0
1141,85.0,87.0,83.66666666666667,83.33333333333333,86.66666666666667,93.33333333333333,97.0,98.0,95.66666666666667,96.0,92.33333333333333,95.0,92.33333333333333,90.66666666666667,87.0,80.33333333333333,70.33333333333333,65.33333333333333,61.666666666666664,63.333333333333336,60.0,63.0,63.0,67.33333333333333
1142,83.0,83.33333333333333,84.33333333333333,86.33333333333333,86.0,86.0,86.66666666666667,87.66666666666667,90.0,89.33333333333333,91.0,92.33333333333333,93.66666666666667,94.0,90.33333333333333,89.33333333333333,89.33333333333333,88.33333333333333,84.66666666666667,85.33333333333333,82.66666666666667,85.66666666666667,85.0,87.33333333333333
1143,83.33333333333333,82.33333333333333,85.33333333333333,85.33333333333333,85.33333333333333,81.66666666666667,86.0,85.0,90.66666666666667,90.66666666666667,93.0,93.0,93.0,93.0,90.66666666666667,85.33333333333333,86.66666666666667,86.66666666666667,86.66666666666667,84.66666666666667,83.66666666666667,87.66666666666667,89.66666666666667,90.66666666666667
1144,29.333333333333332,39.0,37.333333333333336,42.333333333333336,47.333333333333336,48.666666666666664,52.333333333333336,54.666666666666664,55.666666666666664,60.0,58.333333333333336,60.0,63.333333333333336,68.66666666666667,66.0,64.33333333333333,60.333333333333336,54.666666666666664,51.666666666666664,43.333333333333336,42.333333333333336,38.0,28.0,38.333333333333336
1145,84.0,82.0,81.0,77.0,77.0,68.0,66.0,67.0,68.0,67.0,64.0,63.0,65.0,67.0,67.0,70.0,67.0,56.0,63.0,77.0,74.0,73.0,75.0,72.0
1146,75.0,74.0,74.0,93.0,93.0,93.0,86.0,93.0,93.0,93.0,93.0,93.0,93.0,93.0,80.0,73.0,73.0,73.0,74.0,74.0,74.0,73.0,79.0,73.0
1147,67.0,66.0,66.0,71.0,71.0,69.0,69.0,70.0,69.0,72.0,70.0,71.0,70.0,68.0,69.0,64.0,62.0,62.0,61.0,63.0,61.0,60.0,66.0,69.0
1148,70.0,76.0,76.0,81.0,76.0,81.0,81.0,87.0,93.0,100.0,100.0,93.0,100.0,100.0,100.0,93.0,93.0,86.0,86.0,80.0,80.0,86.0,93.0,93.0
1149,59.0,59.0,59.0,63.0,58.0,58.0,58.0,58.0,54.0,58.0,58.0,58.0,58.0,62.0,62.0,58.0,54.0,54.0,50.0,46.0,50.0,46.0,50.0,50.0
1150,50.0,75.0,80.0,93.0,61.0,65.0,70.0,75.0,81.0,80.0,86.0,86.0,86.0,86.0,93.0,86.0,86.0,86.0,86.0,86.0,74.0,74.0,74.0,74.0
1151,86.33333333333333,93.0,94.0,94.0,96.33333333333333,95.33333333333333,98.66666666666667,93.0,94.0,92.0,93.0,91.0,92.0,92.0,87.0,74.0,65.0,56.0,48.0,44.0,43.0,46.0,57.0,76.0
1152,76.0,87.0,93.0,93.0,100.0,93.0,100.0,93.0,100.0,93.0,100.0,100.0,100.0,93.0,93.0,93.0,76.0,58.0,45.0,37.0,35.0,35.0,43.0,55.0
1153,22.0,26.0,28.0,45.0,42.0,44.0,31.0,33.0,33.0,35.0,44.0,30.0,44.0,35.0,54.0,47.0,44.0,36.0,32.0,30.0,24.0,26.0,25.0,28.0
1154,77.0,65.0,80.0,80.0,83.0,89.0,90.0,89.0,81.0,83.0,82.0,89.0,90.0,89.0,77.0,59.0,50.0,44.0,41.0,40.0,41.0,44.0,64.0,79.0
1155,40.0,40.0,43.0,46.0,46.0,43.0,43.0,43.0,39.0,39.0,39.0,39.0,33.0,31.0,33.0,33.0,36.0,34.0,37.0,43.0,54.0,54.0,50.0,63.0
1156,80.0,80.0,93.0,93.0,93.0,93.0,93.0,93.0,93.0,93.0,93.0,93.0,86.0,86.0,80.0,86.0,79.0,74.0,74.0,74.0,74.0,74.0,74.0,79.0
1157,97.0,98.0,97.0,97.0,97.0,98.0,98.0,98.0,91.0,92.0,95.0,90.0,91.0,89.0,86.0,86.0,82.0,81.0,82.0,78.0,71.0,71.0,82.0,93.0
1158,25.0,36.0,35.0,36.0,32.0,39.0,47.0,46.0,47.0,63.0,49.0,58.0,58.0,61.0,71.0,69.0,48.0,29.0,25.0,22.0,19.0,18.0,18.0,22.0
1159,82.0,87.0,93.0,93.0,87.0,87.0,93.0,93.0,93.0,93.0,93.0,93.0,93.0,93.0,93.0,82.0,63.0,52.0,49.0,40.0,38.0,43.0,43.0,55.0
1160,85.0,86.0,86.0,86.0,85.0,84.0,86.33333333333333,85.33333333333333,85.33333333333333,83.0,84.0,84.0,84.0,85.33333333333333,82.0,77.0,72.0,69.0,66.33333333333333,65.66666666666667,64.33333333333333,63.666666666666664,64.33333333333333,68.0
1161,73.0,76.0,76.0,79.0,86.0,89.0,89.0,86.0,79.0,79.0,76.0,79.0,76.0,86.0,83.0,82.0,83.0,82.0,79.0,79.0,79.0,79.0,78.0,82.0
1162,81.0,93.0,93.0,93.0,93.0,93.0,93.0,100.0,100.0,93.0,93.0,93.0,93.0,93.0,87.0,66.0,54.0,51.0,48.0,45.0,48.0,48.0,55.0,82.0
1163,60.0,79.0,83.0,89.0,92.0,96.0,92.0,96.0,96.0,92.0,88.0,92.0,88.0,88.0,88.0,88.0,88.0,84.0,80.0,80.0,84.0,84.0,84.0,84.0
1164,67.0,67.0,70.0,73.0,76.0,73.0,76.0,82.0,82.0,78.0,76.0,79.0,79.0,76.0,70.0,58.0,58.0,56.0,56.0,51.0,56.0,58.0,60.0,62.0
1165,63.0,65.0,68.0,76.0,82.0,93.0,100.0,96.0,97.0,93.0,100.0,100.0,100.0,100.0,100.0,73.0,61.0,51.0,47.0,44.0,40.0,42.0,47.0,48.0
1166,86.0,89.0,93.0,92.0,92.0,92.0,92.0,92.0,92.0,92.0,92.0,92.0,92.0,92.0,89.0,72.0,50.0,45.0,42.0,40.0,38.0,40.0,50.0,86.0
1167,93.0,93.0,100.0,100.0,100.0,100.0,100.0,100.0,100.0,100.0,100.0,100.0,100.0,100.0,100.0,100.0,82.0,67.0,59.0,52.0,45.0,42.0,45.0,51.0
1168,79.0,69.0,65.0,62.0,71.0,72.0,71.0,71.0,71.0,64.0,70.0,68.0,68.0,64.0,62.0,62.0,60.0,55.0,51.0,51.0,48.0,48.0,46.0,52.0
1169,82.0,81.0,82.0,81.66666666666667,81.66666666666667,83.0,84.0,86.33333333333333,86.33333333333333,84.66666666666667,87.33333333333333,87.33333333333333,86.0,86.0,86.33333333333333,85.33333333333333,84.0,82.33333333333333,80.33333333333333,78.0,76.0,77.0,77.0,79.0
1170,92.0,92.0,92.0,87.0,88.0,86.0,86.0,86.0,88.0,77.0,78.0,76.0,78.0,83.0,82.0,82.0,75.0,76.0,77.0,73.0,74.0,77.0,79.0,84.0
1171,47.0,70.0,65.0,63.0,68.0,68.0,71.0,74.0,76.0,79.0,74.0,79.0,79.0,83.0,89.0,76.0,63.0,55.0,51.0,46.0,44.0,53.0,57.0,64.0
1172,87.0,87.0,93.0,93.0,100.0,100.0,100.0,93.0,100.0,100.0,93.0,93.0,100.0,93.0,76.0,55.0,60.0,56.0,49.0,43.0,41.0,38.0,43.0,77.0
1173,76.0,93.0,74.66666666666667,70.0,66.0,66.0,66.0,70.0,81.0,70.0,65.0,65.0,65.0,61.0,61.0,57.0,57.0,57.0,57.0,62.333333333333336,57.0,57.0,67.66666666666667,87.0
1174,74.0,74.33333333333333,74.66666666666667,73.66666666666667,74.0,76.0,80.0,76.66666666666667,73.0,71.66666666666667,76.33333333333333,73.66666666666667,73.66666666666667,75.0,75.33333333333333,73.66666666666667,69.66666666666667,67.33333333333333,66.33333333333333,66.33333333333333,66.66666666666667,68.66666666666667,73.0,72.0
1175,78.0,86.0,93.0,95.66666666666667,94.0,98.66666666666667,96.33333333333333,98.66666666666667,96.33333333333333,98.66666666666667,98.66666666666667,98.66666666666667,97.33333333333333,98.66666666666667,98.66666666666667,87.33333333333333,74.66666666666667,69.66666666666667,63.666666666666664,59.333333333333336,56.666666666666664,54.666666666666664,60.666666666666664,73.0
1176,64.33333333333333,63.666666666666664,62.333333333333336,59.0,60.0,61.0,60.666666666666664,62.0,64.0,65.66666666666667,65.0,67.66666666666667,66.0,63.666666666666664,59.666666666666664,58.666666666666664,58.666666666666664,55.666666666666664,52.333333333333336,51.0,50.333333333333336,52.333333333333336,55.666666666666664,62.333333333333336
1177,74.0,74.66666666666667,75.33333333333333,77.33333333333333,77.33333333333333,77.66666666666667,78.33333333333333,82.0,80.66666666666667,81.66666666666667,84.66666666666667,86.66666666666667,89.33333333333333,90.0,93.66666666666667,92.33333333333333,92.0,90.66666666666667,93.33333333333333,90.66666666666667,89.33333333333333,86.66666666666667,85.66666666666667,84.33333333333333
1178,13.0,22.0,24.0,22.0,25.0,32.0,37.0,38.0,39.0,47.0,47.0,45.0,42.0,40.0,44.0,51.0,38.0,33.0,28.0,24.0,21.0,18.0,19.0,18.0
1179,11.666666666666666,16.666666666666668,24.333333333333332,28.333333333333332,29.333333333333332,33.333333333333336,33.0,35.333333333333336,32.666666666666664,34.0,38.0,35.333333333333336,37.333333333333336,38.0,40.666666666666664,41.0,32.0,27.0,21.666666666666668,19.666666666666668,17.333333333333332,16.333333333333332,14.0,14.0
1180,46.0,53.0,59.0,62.0,62.0,58.0,55.0,53.0,57.0,62.0,63.0,67.0,67.0,68.0,74.0,60.0,44.0,39.0,34.0,34.0,34.0,54.0,65.0,72.0
1181,58.0,58.0,58.0,64.0,67.0,67.0,82.0,73.0,76.0,75.0,78.0,78.0,62.0,73.0,65.0,60.0,50.0,50.0,46.0,45.0,43.0,47.0,50.0,54.0
1182,74.0,88.0,96.0,98.0,97.0,100.0,100.0,100.0,100.0,100.0,100.0,100.0,100.0,100.0,100.0,86.0,77.0,71.0,67.0,64.0,58.0,55.0,59.0,77.0
1183,82.0,88.0,81.0,85.0,88.0,78.0,75.0,78.0,81.0,78.0,86.0,93.0,92.0,92.0,84.0,86.0,78.0,85.0,81.0,65.0,66.0,74.0,81.0,77.0
1184,76.0,81.0,91.0,95.0,94.0,94.0,95.0,94.0,94.0,94.0,94.0,94.0,92.0,94.0,80.0,66.0,57.0,52.0,49.0,48.0,46.0,46.0,68.0,79.0
1185,78.0,76.0,72.0,72.0,72.0,72.0,76.0,76.0,76.0,76.0,76.0,76.0,76.0,76.0,76.0,73.0,65.0,62.0,62.0,60.0,60.0,56.0,60.0,72.0
1186,74.66666666666667,86.33333333333333,90.33333333333333,85.33333333333333,86.66666666666667,86.66666666666667,85.66666666666667,83.0,87.66666666666667,88.66666666666667,89.33333333333333,89.66666666666667,90.33333333333333,87.0,72.66666666666667,58.666666666666664,50.333333333333336,44.666666666666664,40.666666666666664,37.0,36.666666666666664,36.333333333333336,52.333333333333336,72.66666666666667
1187,93.0,93.0,100.0,93.0,100.0,93.0,100.0,93.0,93.0,100.0,100.0,100.0,100.0,93.0,93.0,66.0,54.0,48.0,42.0,42.0,42.0,45.0,82.0,94.0
1188,76.0,93.0,93.0,100.0,100.0,100.0,100.0,100.0,100.0,100.0,100.0,100.0,100.0,100.0,100.0,88.0,63.0,52.0,43.0,40.0,43.0,46.0,52.0,67.0
1189,79.0,80.0,92.0,97.0,98.0,98.0,98.0,98.0,99.0,98.0,96.0,96.0,91.0,92.0,88.0,86.0,80.0,80.0,80.0,79.0,77.0,78.0,80.0,81.0
1190,70.66666666666667,72.33333333333333,72.33333333333333,74.0,75.0,79.33333333333333,79.0,78.0,76.0,75.66666666666667,74.66666666666667,72.66666666666667,78.33333333333333,73.66666666666667,66.66666666666667,61.333333333333336,61.0,61.0,60.0,60.0,60.0,61.0,61.0,64.66666666666667
1191,59.0,60.0,58.0,60.0,58.0,60.0,61.0,63.0,64.0,64.0,62.0,59.0,58.0,64.0,59.0,59.0,51.0,50.0,54.0,50.0,51.0,50.0,47.0,52.0
1192,44.0,54.0,62.0,71.0,76.0,70.0,70.0,70.0,65.0,70.0,70.0,70.0,70.0,81.0,81.0,66.0,61.0,47.0,54.0,62.0,66.0,70.0,81.0,87.0
1193,48.0,62.0,64.0,68.0,77.0,83.0,89.0,93.0,96.0,93.0,93.0,93.0,97.0,100.0,97.0,90.0,70.0,61.0,53.0,55.0,53.0,53.0,55.0,59.0
1194,72.66666666666667,73.66666666666667,73.66666666666667,71.0,71.0,72.0,70.66666666666667,72.66666666666667,75.33333333333333,73.66666666666667,76.0,76.0,75.0,70.66666666666667,63.666666666666664,61.333333333333336,60.333333333333336,58.0,52.333333333333336,46.0,44.333333333333336,47.666666666666664,52.333333333333336,66.33333333333333
1195,70.0,78.0,81.0,80.0,80.0,81.0,90.0,90.0,89.0,86.0,83.0,74.0,68.0,63.0,71.0,73.0,71.0,55.0,47.0,61.0,66.0,63.0,61.0,59.0
1196,84.0,88.33333333333333,93.66666666666667,94.66666666666667,94.66666666666667,97.33333333333333,97.33333333333333,96.0,96.66666666666667,96.33333333333333,97.33333333333333,96.0,97.33333333333333,96.0,95.33333333333333,81.66666666666667,66.0,55.0,49.666666666666664,45.333333333333336,42.666666666666664,43.666666666666664,51.333333333333336,67.0
1197,92.0,92.0,88.0,92.0,92.0,88.0,88.0,92.0,92.0,92.0,96.0,92.0,92.0,92.0,92.0,96.0,92.0,92.0,89.0,89.0,86.0,89.0,92.0,89.0
1198,12.0,13.0,23.0,25.0,31.0,34.0,37.0,34.0,43.0,46.0,46.0,50.0,58.0,58.0,58.0,54.0,33.0,18.0,16.0,15.0,14.0,14.0,16.0,15.0
1199,84.0,83.0,83.0,90.0,94.0,97.0,98.0,98.0,96.0,93.0,91.0,94.0,94.0,96.0,85.0,80.0,73.0,68.0,63.0,59.0,60.0,64.0,66.0,68.0
1200,96.0,96.0,95.0,94.0,93.0,90.0,89.0,90.0,89.0,89.0,88.0,89.0,88.0,87.0,88.0,84.0,82.0,75.0,68.0,68.0,70.0,68.0,72.0,79.0
1201,70.0,75.0,81.0,87.0,87.0,87.0,81.0,87.0,87.0,93.0,93.0,100.0,100.0,100.0,100.0,100.0,100.0,100.0,100.0,93.0,100.0,100.0,100.0,93.0
1202,61.0,61.0,70.0,81.0,75.0,81.0,87.0,87.0,93.0,93.0,87.0,81.0,93.0,81.0,75.0,66.0,50.0,33.0,25.0,20.0,20.0,22.0,34.0,41.0
1203,31.0,44.0,46.0,55.0,53.0,64.0,67.0,72.0,72.0,72.0,72.0,69.0,72.0,85.0,69.0,53.0,39.0,30.0,26.0,29.0,32.0,31.0,31.0,32.0
1204,20.0,31.0,32.0,43.0,54.0,58.0,64.0,74.0,74.0,66.0,73.0,76.0,73.0,80.0,80.0,80.0,59.0,44.0,35.0,30.0,29.0,22.0,22.0,27.0
1205,61.0,70.0,70.0,70.0,76.0,79.0,79.0,79.0,79.0,79.0,82.0,86.0,92.0,96.0,96.0,79.0,68.0,64.0,59.0,57.0,55.0,59.0,71.0,79.0
1206,26.0,36.0,42.0,44.0,45.0,51.0,54.0,58.0,58.0,66.0,63.0,63.0,66.0,71.0,68.0,63.0,52.0,41.0,34.0,31.0,30.0,29.0,28.0,29.0
1207,35.0,39.0,43.0,49.0,56.0,59.0,62.0,57.0,61.0,74.0,78.0,75.0,76.0,75.0,73.0,66.0,68.0,62.0,53.0,47.0,42.0,38.0,36.0,34.0
1208,68.0,73.0,73.0,68.0,68.0,73.0,73.0,73.0,67.0,67.0,67.0,67.0,67.0,67.0,67.0,67.0,67.0,62.0,62.0,53.0,45.0,41.0,45.0,48.0
1209,41.0,49.0,59.0,66.0,77.0,90.0,97.0,100.0,100.0,100.0,100.0,100.0,100.0,100.0,100.0,93.0,78.0,76.0,73.0,70.0,68.0,68.0,68.0,70.0
1210,86.0,91.0,94.0,92.0,96.0,96.0,95.0,96.0,96.0,96.0,98.0,96.0,96.0,97.0,72.0,58.0,52.0,50.0,47.0,46.0,42.0,43.0,63.0,82.0
1211,79.0,81.33333333333333,84.33333333333333,85.66666666666667,93.0,93.66666666666667,98.33333333333333,100.0,100.0,100.0,100.0,100.0,100.0,100.0,93.66666666666667,90.0,88.66666666666667,84.0,62.333333333333336,56.666666666666664,54.0,53.0,55.333333333333336,67.66666666666667
1212,86.0,92.0,82.0,94.0,94.0,96.0,96.0,96.0,97.0,96.0,96.0,96.0,95.0,96.0,89.0,71.0,60.0,57.0,51.0,54.0,53.0,57.0,65.0,81.0
1213,76.0,82.0,88.0,88.0,88.0,88.0,92.0,88.0,92.0,92.0,88.0,88.0,88.0,88.0,88.0,85.0,79.0,76.0,68.0,66.0,61.0,66.0,71.0,82.0
1214,44.0,48.0,54.0,58.0,62.0,62.0,66.0,76.0,76.0,76.0,81.0,87.0,87.0,93.0,93.0,87.0,77.0,68.0,64.0,56.0,53.0,49.0,53.0,60.0
1215,23.0,27.0,29.0,31.0,37.0,36.0,37.0,37.0,42.0,43.0,40.0,47.0,42.0,46.0,45.0,48.0,41.0,35.0,30.0,19.0,17.0,16.0,17.0,21.0
1216,37.333333333333336,43.333333333333336,44.333333333333336,62.0,63.333333333333336,71.0,74.0,75.66666666666667,70.66666666666667,73.33333333333333,77.33333333333333,73.66666666666667,74.0,79.66666666666667,78.0,69.33333333333333,57.666666666666664,47.0,38.333333333333336,32.333333333333336,30.0,28.333333333333332,28.0,46.0
1217,50.0,54.0,59.0,66.0,66.0,65.0,61.0,62.0,64.0,68.0,69.0,74.0,76.0,80.0,74.0,62.0,48.0,38.0,34.0,32.0,30.0,36.0,36.0,50.0
1218,34.0,42.0,49.0,49.0,42.0,42.0,54.0,58.0,51.0,47.0,44.0,51.0,51.0,45.0,54.0,30.0,25.0,23.0,28.0,20.0,20.0,23.0,21.0,24.0
1219,93.0,100.0,100.0,100.0,100.0,100.0,100.0,100.0,100.0,100.0,100.0,100.0,100.0,100.0,82.0,58.0,55.0,48.0,45.0,52.0,48.0,48.0,59.0,76.0
1220,56.0,66.66666666666667,72.33333333333333,74.0,81.33333333333333,82.66666666666667,84.66666666666667,93.0,85.0,87.66666666666667,88.66666666666667,93.33333333333333,91.0,83.0,89.0,87.0,85.33333333333333,82.33333333333333,68.33333333333333,57.666666666666664,50.666666666666664,57.666666666666664,55.666666666666664,59.0
1221,94.0,97.66666666666667,98.66666666666667,98.66666666666667,98.66666666666667,98.66666666666667,98.66666666666667,98.66666666666667,98.66666666666667,100.0,98.66666666666667,98.66666666666667,98.66666666666667,100.0,90.33333333333333,68.33333333333333,55.666666666666664,51.333333333333336,50.0,47.0,46.666666666666664,47.333333333333336,58.333333333333336,89.66666666666667
1222,89.0,89.0,93.0,97.0,96.0,96.0,92.0,85.0,89.0,86.0,82.0,86.0,86.0,82.0,66.0,55.0,51.0,47.0,46.0,53.0,53.0,58.0,62.0,89.0
1223,52.0,75.0,84.0,84.0,90.0,87.0,80.0,74.0,77.0,53.0,54.0,59.0,52.0,54.0,52.0,45.0,38.0,34.0,23.0,36.0,33.0,27.0,47.0,59.0
1224,44.0,51.0,63.0,66.0,63.0,68.0,68.0,74.0,77.0,80.0,86.0,93.0,93.0,93.0,93.0,86.0,80.0,65.0,59.0,54.0,54.0,56.0,56.0,63.0
1225,82.0,93.0,93.0,100.0,93.0,100.0,100.0,100.0,93.0,93.0,100.0,100.0,100.0,100.0,100.0,82.0,62.0,55.0,49.0,37.0,32.0,32.0,37.0,45.0
1226,71.0,80.0,82.0,89.0,89.0,89.0,89.0,89.0,92.0,89.0,89.0,92.0,92.0,92.0,86.0,74.0,53.0,50.0,42.0,42.0,45.0,43.0,48.0,62.0
1227,66.0,68.0,71.0,63.0,66.0,63.0,65.0,63.0,68.0,65.0,70.0,79.0,82.0,82.0,82.0,73.0,61.0,58.0,58.0,73.0,76.0,79.0,79.0,88.0
1228,70.0,70.0,75.0,75.0,81.0,75.0,75.0,81.0,87.0,87.0,93.0,93.0,100.0,93.0,93.0,100.0,100.0,93.0,93.0,93.0,93.0,93.0,93.0,93.0
1229,86.0,92.0,94.0,96.0,96.0,97.0,98.0,98.0,99.0,98.0,92.0,96.0,96.0,97.0,88.0,67.0,55.0,48.0,46.0,44.0,44.0,48.0,59.0,77.0
1230,94.0,100.0,100.0,100.0,100.0,100.0,100.0,100.0,100.0,100.0,100.0,100.0,100.0,100.0,80.0,63.0,57.0,53.0,52.0,47.0,49.0,51.0,68.0,86.0
1231,86.0,85.0,89.0,93.0,93.0,92.0,92.0,89.0,89.0,89.0,89.0,92.0,88.0,96.0,82.0,71.0,60.0,49.0,46.0,43.0,44.0,43.0,53.0,80.0
1232,54.0,74.0,75.0,76.0,70.0,74.0,73.0,73.0,72.0,72.0,75.0,74.0,82.0,80.0,80.0,66.0,51.0,42.0,36.0,37.0,39.0,41.0,43.0,58.0
1233,93.0,93.0,93.0,93.0,100.0,100.0,98.66666666666667,100.0,100.0,100.0,100.0,100.0,100.0,100.0,100.0,95.0,81.0,82.0,71.0,72.0,67.0,67.0,76.0,87.0
1234,62.0,64.0,64.0,69.0,85.0,81.0,84.0,81.0,77.0,84.0,81.0,84.0,80.0,80.0,88.0,84.0,84.0,80.0,74.0,68.0,65.0,68.0,68.0,74.0
1235,38.333333333333336,41.333333333333336,63.0,69.33333333333333,77.33333333333333,75.66666666666667,82.0,84.66666666666667,87.66666666666667,88.33333333333333,89.0,90.0,90.66666666666667,92.0,90.33333333333333,82.33333333333333,68.66666666666667,63.0,58.333333333333336,57.0,59.333333333333336,60.666666666666664,62.0,64.33333333333333
1236,65.66666666666667,68.33333333333333,71.0,76.33333333333333,80.33333333333333,79.66666666666667,84.66666666666667,83.66666666666667,83.33333333333333,86.66666666666667,85.33333333333333,86.0,94.33333333333333,92.33333333333333,75.66666666666667,63.0,51.666666666666664,46.0,41.333333333333336,38.333333333333336,38.333333333333336,38.333333333333336,56.666666666666664,74.66666666666667
1237,26.0,34.0,51.0,51.0,54.0,58.0,57.0,46.0,57.0,53.0,52.0,60.0,60.0,56.0,56.0,55.0,60.0,52.0,46.0,33.0,52.0,43.0,49.0,52.0
1238,34.0,36.0,42.0,39.0,42.0,42.0,41.0,54.0,42.0,55.0,57.0,67.0,55.0,72.0,79.0,72.0,70.0,70.0,70.0,70.0,70.0,72.0,76.0,85.0
1239,23.0,28.0,36.0,37.0,36.0,41.0,42.0,42.0,41.0,49.0,49.0,44.0,48.0,67.0,70.0,71.0,69.0,65.0,62.0,61.0,61.0,61.0,68.0,74.0
1240,79.0,90.0,75.0,63.0,63.0,67.0,68.0,78.0,75.0,70.0,68.0,73.0,72.0,68.0,64.0,63.0,62.0,60.0,60.0,65.0,55.0,57.0,62.0,66.0
1241,73.66666666666667,71.0,72.66666666666667,71.66666666666667,74.0,74.0,80.0,80.0,74.0,74.0,74.0,74.0,74.0,73.66666666666667,80.0,74.0,66.66666666666667,63.0,58.0,58.0,54.0,58.0,53.666666666666664,58.0
1242,43.0,50.0,56.0,56.0,64.0,67.0,65.0,70.0,70.0,72.0,73.0,76.0,80.0,86.0,76.0,62.0,50.0,40.0,38.0,36.0,34.0,34.0,33.0,34.0
1243,89.0,89.0,89.0,92.0,89.0,89.0,89.0,89.0,89.0,92.0,92.0,92.0,96.0,96.0,96.0,96.0,96.0,88.0,85.0,82.0,82.0,78.0,81.0,85.0
1244,94.0,98.0,98.0,98.0,98.0,98.0,99.0,99.0,99.0,99.0,98.0,98.0,99.0,99.0,97.0,78.0,61.0,51.0,46.0,42.0,42.0,43.0,72.0,89.0
1245,85.66666666666667,92.33333333333333,91.0,91.33333333333333,85.33333333333333,81.0,89.0,89.0,94.0,99.66666666666667,95.0,93.66666666666667,93.33333333333333,91.33333333333333,78.66666666666667,67.0,60.666666666666664,56.666666666666664,51.666666666666664,51.666666666666664,50.0,50.333333333333336,73.0,90.0
1246,86.0,97.0,97.0,100.0,100.0,100.0,100.0,100.0,100.0,100.0,100.0,100.0,100.0,100.0,100.0,96.0,87.0,70.0,57.0,51.0,55.0,53.0,53.0,61.0
1247,12.0,16.0,19.0,24.0,27.0,29.0,31.0,31.0,36.0,39.0,42.0,39.0,46.0,49.0,49.0,49.0,50.0,37.0,28.0,21.0,14.0,14.0,13.0,15.0
1248,80.0,80.0,86.33333333333333,88.66666666666667,88.33333333333333,88.33333333333333,88.66666666666667,88.66666666666667,87.66666666666667,85.66666666666667,87.66666666666667,89.66666666666667,94.0,89.66666666666667,76.66666666666667,60.666666666666664,50.0,47.0,41.333333333333336,38.666666666666664,37.0,40.0,45.666666666666664,69.66666666666667
1249,39.666666666666664,46.333333333333336,48.666666666666664,55.333333333333336,61.666666666666664,64.33333333333333,72.66666666666667,75.66666666666667,79.0,82.33333333333333,85.66666666666667,85.66666666666667,87.0,87.0,85.66666666666667,83.66666666666667,75.33333333333333,73.66666666666667,73.0,75.0,81.0,80.66666666666667,80.66666666666667,79.0
1250,69.66666666666667,72.33333333333333,70.0,75.66666666666667,69.66666666666667,71.0,70.66666666666667,71.66666666666667,73.0,77.66666666666667,83.0,82.66666666666667,85.66666666666667,81.66666666666667,84.66666666666667,85.66666666666667,84.66666666666667,79.66666666666667,71.66666666666667,61.333333333333336,52.333333333333336,46.333333333333336,44.666666666666664,46.333333333333336
1251,89.66666666666667,93.66666666666667,93.66666666666667,94.66666666666667,93.66666666666667,96.0,96.0,96.0,97.33333333333333,96.0,96.0,94.66666666666667,94.66666666666667,96.0,94.66666666666667,91.66666666666667,81.0,66.33333333333333,53.0,46.333333333333336,44.666666666666664,47.0,60.666666666666664,82.66666666666667
1252,38.333333333333336,47.0,53.333333333333336,58.333333333333336,71.0,73.33333333333333,73.0,82.66666666666667,89.66666666666667,94.0,95.66666666666667,98.66666666666667,99.0,99.33333333333333,99.66666666666667,95.33333333333333,80.33333333333333,72.33333333333333,65.0,64.66666666666667,64.0,62.666666666666664,62.666666666666664,66.0
1253,17.0,30.0,35.0,35.0,38.0,39.0,38.0,41.0,42.0,46.0,44.0,49.0,47.0,47.0,50.0,47.0,34.0,25.0,18.0,16.0,13.0,13.0,13.0,17.0
1254,100.0,100.0,100.0,96.0,96.0,95.0,92.0,92.0,88.0,92.0,92.0,92.0,88.0,92.0,92.0,88.0,88.0,84.0,80.0,80.0,77.0,74.0,70.0,74.0
1255,90.0,81.0,87.0,86.0,80.0,79.0,83.0,86.0,96.0,89.0,93.0,97.0,92.0,93.0,94.0,93.0,86.0,78.0,75.0,69.0,66.0,64.0,61.0,81.0
1256,85.66666666666667,80.33333333333333,76.66666666666667,82.33333333333333,78.66666666666667,77.66666666666667,75.33333333333333,74.0,73.33333333333333,72.66666666666667,72.0,74.0,76.0,81.66666666666667,79.66666666666667,84.33333333333333,74.0,70.0,61.333333333333336,57.333333333333336,48.333333333333336,54.0,61.666666666666664,74.33333333333333
1257,73.0,72.0,72.0,72.0,79.0,78.0,78.0,72.0,72.0,78.0,72.0,72.0,78.0,78.0,78.0,78.0,72.0,72.0,72.0,72.0,67.0,67.0,67.0,72.0
1258,66.0,69.0,69.0,77.0,77.0,78.0,79.0,76.0,79.0,78.0,78.0,80.0,94.0,95.0,75.0,58.0,51.0,45.0,41.0,39.0,37.0,39.0,67.0,87.0
1259,87.0,86.0,85.0,84.0,84.0,82.0,78.0,75.0,78.0,78.0,75.0,69.0,71.0,72.0,73.0,71.0,64.0,71.0,76.0,74.0,70.0,68.0,69.0,72.0
1260,11.0,15.0,15.0,18.0,20.0,20.0,19.0,23.0,24.0,26.0,27.0,30.0,31.0,33.0,34.0,33.0,28.0,29.0,18.0,16.0,15.0,14.0,12.0,10.0
1261,76.0,79.0,76.0,82.0,85.0,92.0,92.0,96.0,100.0,96.0,96.0,96.0,96.0,100.0,92.0,66.0,57.0,53.0,47.0,47.0,45.0,49.0,74.0,85.0
1262,78.0,81.0,85.0,96.0,96.0,92.0,96.0,96.0,96.0,96.0,96.0,92.0,96.0,96.0,85.0,76.0,70.0,58.0,55.0,55.0,53.0,49.0,53.0,57.0
1263,93.0,93.0,100.0,100.0,100.0,100.0,100.0,93.0,93.0,100.0,100.0,93.0,93.0,93.0,87.0,71.0,62.0,58.0,52.0,45.0,42.0,48.0,67.0,87.0
1264,100.0,100.0,100.0,100.0,100.0,100.0,100.0,100.0,100.0,100.0,100.0,100.0,93.0,100.0,87.0,71.0,58.0,48.0,41.0,39.0,39.0,39.0,58.0,71.0
1265,89.0,89.0,96.0,96.0,96.0,100.0,100.0,96.0,96.0,92.0,96.0,96.0,96.0,96.0,97.0,80.0,66.0,57.0,52.0,50.0,46.0,46.0,58.0,72.0
1266,82.0,88.0,94.0,94.0,94.0,94.0,94.0,94.0,94.0,94.0,93.0,94.0,93.0,94.0,94.0,94.0,91.0,78.0,71.0,68.0,65.0,66.0,72.0,77.0
1267,79.0,79.0,82.0,82.0,88.0,92.0,92.0,92.0,88.0,92.0,92.0,92.0,96.0,92.0,96.0,96.0,96.0,96.0,89.0,92.0,89.0,86.0,86.0,89.0
1268,87.0,87.0,93.0,93.0,100.0,87.0,87.0,87.0,82.0,93.0,93.0,87.0,87.0,82.0,77.0,72.0,68.0,60.0,57.0,57.0,60.0,64.0,73.0,78.0
1269,93.0,93.0,100.0,100.0,100.0,100.0,100.0,100.0,100.0,100.0,100.0,100.0,100.0,100.0,93.0,93.0,93.0,80.0,74.0,74.0,80.0,80.0,74.0,80.0
1270,78.0,76.0,76.0,76.0,78.0,76.0,73.0,73.0,73.0,72.0,67.0,67.0,67.0,69.0,70.0,67.0,64.0,61.0,62.0,70.0,67.0,67.0,70.0,75.0
1271,85.0,82.0,85.0,85.0,85.0,85.0,85.0,85.0,85.0,85.0,85.0,85.0,85.0,85.0,89.0,89.0,85.0,86.0,82.0,82.0,82.0,79.0,86.0,85.0
1272,76.0,80.0,82.0,86.0,82.0,82.0,89.0,86.0,86.0,86.0,86.0,86.0,86.0,82.0,71.0,61.0,51.0,45.0,42.0,37.0,40.0,44.0,48.0,67.0
1273,72.0,72.0,88.0,92.0,92.0,93.0,96.0,92.0,92.0,92.0,92.0,91.0,93.0,92.0,92.0,92.0,92.0,78.0,66.0,66.0,72.0,69.0,81.0,84.0
1274,89.0,90.0,90.0,90.0,90.0,90.0,94.0,94.0,92.0,94.0,97.0,99.0,99.0,100.0,99.0,98.0,98.0,96.0,93.0,92.0,94.0,91.0,89.0,88.0
1275,82.0,87.0,87.0,87.0,93.0,76.0,76.0,81.0,81.0,81.0,87.0,87.0,87.0,100.0,93.0,82.0,72.0,68.0,52.0,49.0,49.0,56.0,56.0,64.0
1276,87.0,100.0,100.0,100.0,100.0,100.0,100.0,100.0,100.0,100.0,100.0,100.0,100.0,100.0,100.0,100.0,100.0,71.0,62.0,55.0,41.0,41.0,55.0,71.0
1277,82.0,86.0,84.0,82.0,83.0,91.0,96.0,95.0,94.0,92.0,92.0,92.0,91.0,91.0,87.0,80.0,69.0,60.0,61.0,60.0,60.0,64.0,63.0,61.0
1278,30.333333333333332,38.666666666666664,49.666666666666664,57.333333333333336,58.666666666666664,61.0,63.333333333333336,63.333333333333336,60.666666666666664,64.66666666666667,66.0,65.0,67.33333333333333,70.0,69.33333333333333,65.33333333333333,61.666666666666664,47.333333333333336,41.333333333333336,33.333333333333336,29.666666666666668,24.333333333333332,23.333333333333332,22.666666666666668
1279,59.0,63.0,68.0,73.0,73.0,73.0,73.0,76.0,79.0,79.0,83.0,79.0,85.0,82.0,88.0,85.0,85.0,82.0,68.0,60.0,44.0,41.0,41.0,41.0
1280,87.0,87.0,100.0,100.0,100.0,93.0,93.0,93.0,93.0,93.0,87.0,87.0,87.0,87.0,87.0,81.0,81.0,75.0,70.0,75.0,70.0,70.0,75.0,87.0
1281,57.0,57.0,59.0,64.0,62.0,62.0,64.0,65.0,62.0,60.0,57.0,59.0,59.0,62.0,55.0,53.0,51.0,50.0,47.0,50.0,47.0,47.0,52.0,53.0
1282,14.0,19.0,23.0,27.0,24.0,32.0,34.0,38.0,36.0,38.0,41.0,46.0,43.0,45.0,46.0,31.0,20.0,17.0,14.0,16.0,15.0,14.0,13.0,12.0
1283,65.0,76.0,82.0,76.0,82.0,89.0,85.0,88.0,88.0,96.0,92.0,88.0,89.0,96.0,86.0,76.0,73.0,74.0,71.0,76.0,79.0,82.0,86.0,92.0
1284,65.0,65.0,70.0,70.0,70.0,70.0,70.0,70.0,70.0,70.0,65.0,70.0,70.0,65.0,65.0,61.0,56.0,52.0,49.0,49.0,51.333333333333336,53.0,56.0,61.0
1285,73.66666666666667,82.0,85.66666666666667,84.33333333333333,91.66666666666667,89.66666666666667,92.66666666666667,95.66666666666667,95.66666666666667,95.33333333333333,95.33333333333333,95.33333333333333,95.33333333333333,95.33333333333333,95.0,77.33333333333333,63.666666666666664,62.0,53.333333333333336,51.666666666666664,53.666666666666664,54.666666666666664,62.0,74.0
1286,61.0,57.0,58.0,52.0,58.0,63.0,71.0,73.0,79.0,79.0,79.0,82.0,86.0,85.0,74.0,61.0,55.0,49.0,48.0,43.0,41.0,43.0,50.0,57.0
1287,87.0,100.0,93.0,100.0,100.0,100.0,100.0,100.0,100.0,100.0,100.0,100.0,100.0,100.0,100.0,93.0,82.0,67.0,52.0,42.0,42.0,40.0,48.0,76.0
1288,65.0,70.0,70.0,87.0,93.0,93.0,100.0,100.0,100.0,93.0,93.0,93.0,93.0,93.0,86.0,93.0,86.0,86.0,80.0,86.0,80.0,80.0,79.0,79.0
1289,90.0,91.0,92.0,90.0,92.0,91.0,92.0,94.0,91.0,96.0,96.0,96.0,96.0,95.0,95.0,93.0,90.0,85.0,84.0,83.0,86.0,89.0,91.0,93.0
1290,78.0,79.0,82.0,82.0,82.0,82.0,85.0,85.0,85.0,85.0,88.0,88.0,96.0,92.0,92.0,92.0,92.0,92.0,92.0,92.0,92.0,85.0,82.0,85.0
1291,88.66666666666667,92.0,93.0,95.0,97.33333333333333,95.33333333333333,94.0,95.0,95.33333333333333,94.33333333333333,95.0,96.66666666666667,94.0,91.0,72.66666666666667,61.666666666666664,53.333333333333336,48.0,43.666666666666664,40.333333333333336,39.333333333333336,42.666666666666664,60.0,85.66666666666667
1292,76.0,73.0,72.0,77.0,95.0,95.0,95.0,95.0,95.0,95.0,96.0,95.0,95.0,95.0,96.0,78.0,66.0,62.0,57.0,56.0,54.0,54.0,55.0,65.0
1293,88.0,81.0,80.0,74.0,74.0,77.0,77.0,72.0,64.0,74.0,71.0,70.0,69.0,74.0,67.0,68.0,59.0,55.0,57.0,60.0,75.0,63.0,65.0,69.0
1294,79.0,79.0,79.0,73.0,73.0,79.0,85.0,92.0,85.0,92.0,92.0,92.0,85.0,92.0,85.0,85.0,85.0,85.0,78.0,72.0,66.0,61.0,72.0,78.0
1295,46.0,48.0,53.0,59.0,60.0,66.0,66.0,76.0,71.0,77.0,86.0,89.0,85.0,93.0,93.0,77.0,67.0,63.0,57.0,51.0,49.0,47.0,49.0,54.0
1296,41.0,45.0,52.0,56.0,61.0,58.0,63.0,63.0,68.0,73.0,68.0,73.0,73.0,79.0,86.0,66.0,57.0,56.0,49.0,44.0,42.0,44.0,44.0,50.0
1297,74.0,77.0,83.0,86.0,86.0,89.0,90.0,90.0,93.0,93.0,90.0,89.0,90.0,86.0,71.0,66.0,55.0,47.0,43.0,42.0,39.0,47.0,47.0,69.0
1298,60.0,64.0,86.0,93.0,100.0,93.0,93.0,93.0,93.0,93.0,93.0,93.0,92.0,86.0,86.0,86.0,86.0,79.0,79.0,79.0,79.0,73.0,68.0,79.0
1299,40.0,44.0,50.0,56.0,59.0,65.0,64.0,66.0,67.0,70.0,75.0,76.0,80.0,86.0,82.0,70.0,54.0,40.0,37.0,35.0,34.0,35.0,35.0,39.0
1300,18.0,27.0,29.0,32.0,34.0,41.0,45.0,46.0,51.0,55.0,59.0,67.0,69.0,75.0,75.0,59.0,44.0,34.0,30.0,27.0,24.0,20.0,13.0,12.0
1301,75.0,75.0,76.0,76.0,75.0,75.0,76.0,76.0,77.0,77.0,75.0,77.0,81.0,84.0,79.0,77.0,76.0,75.0,72.0,75.0,75.0,73.0,72.0,78.0
1302,92.0,92.0,92.0,92.0,92.0,92.0,92.0,92.0,92.0,92.0,92.0,92.0,92.0,92.0,88.0,92.0,92.0,92.0,92.0,92.0,92.0,96.0,96.0,92.0
1303,46.0,52.0,47.0,48.0,49.0,52.0,47.0,54.0,62.0,64.0,76.0,80.0,84.0,85.0,82.0,82.0,84.0,86.0,90.0,87.0,86.0,90.0,92.0,94.0
1304,75.0,87.0,93.0,100.0,93.0,100.0,93.0,100.0,100.0,100.0,100.0,100.0,100.0,100.0,100.0,100.0,100.0,100.0,100.0,76.0,62.0,62.0,71.0,81.0
1305,93.0,93.0,93.0,93.0,100.0,93.0,93.0,93.0,86.0,79.0,79.0,79.0,72.0,78.0,72.0,39.0,61.0,61.0,78.0,78.0,78.0,72.0,66.0,72.0
1306,13.0,19.0,23.0,25.0,32.0,29.0,28.0,27.0,30.0,35.0,38.0,43.0,45.0,45.0,47.0,35.0,31.0,26.0,21.0,20.0,18.0,18.0,20.0,18.0
1307,30.333333333333332,43.666666666666664,50.666666666666664,60.666666666666664,64.33333333333333,68.66666666666667,72.66666666666667,74.66666666666667,76.66666666666667,81.66666666666667,82.33333333333333,81.33333333333333,83.0,81.66666666666667,82.33333333333333,84.0,78.66666666666667,62.0,48.333333333333336,40.0,34.666666666666664,32.0,28.333333333333332,26.333333333333332
1308,64.0,71.0,66.0,64.0,68.0,83.0,90.0,93.0,93.0,97.0,97.0,100.0,96.0,100.0,97.0,93.0,75.0,57.0,54.0,48.0,51.0,51.0,53.0,59.0
1309,27.0,50.0,56.0,56.0,56.0,57.0,58.0,64.0,66.0,66.0,63.0,68.0,74.0,83.0,87.0,85.0,92.0,90.0,90.0,86.0,85.0,85.0,86.0,86.0
1310,70.0,70.0,67.0,70.0,70.0,70.0,70.0,73.0,73.0,73.0,70.0,72.0,76.0,70.0,62.0,55.0,53.0,53.0,55.0,55.0,55.0,59.0,59.0,62.0
1311,93.0,100.0,93.0,86.0,93.0,93.0,93.0,92.0,79.0,86.0,92.0,79.0,85.0,85.0,85.0,78.0,78.0,72.0,61.0,67.0,72.0,72.0,72.0,72.0
1312,22.333333333333332,28.333333333333332,31.666666666666668,37.0,36.666666666666664,47.333333333333336,45.0,48.0,47.666666666666664,54.666666666666664,52.0,56.0,56.666666666666664,62.666666666666664,63.666666666666664,62.666666666666664,48.666666666666664,33.333333333333336,28.666666666666668,24.0,21.333333333333332,20.0,19.333333333333332,20.666666666666668
1313,94.0,100.0,100.0,100.0,90.0,93.0,92.33333333333333,90.0,91.0,90.0,90.0,90.66666666666667,90.66666666666667,89.33333333333333,86.66666666666667,93.0,72.0,59.0,50.0,43.0,40.0,40.0,74.0,89.0
1314,93.0,100.0,100.0,100.0,93.0,100.0,100.0,93.0,100.0,100.0,93.0,93.0,100.0,100.0,93.0,76.0,62.0,55.0,45.0,45.0,49.0,45.0,68.0,94.0
1315,67.0,67.0,67.0,67.0,70.0,72.0,75.0,72.0,72.0,76.0,73.0,67.0,73.0,70.0,65.0,58.0,57.0,57.0,58.0,58.0,58.0,57.0,57.0,59.0
1316,73.0,79.0,89.0,92.0,96.0,96.0,96.0,92.0,92.0,96.0,96.0,96.0,96.0,92.0,97.0,80.0,71.0,60.0,52.0,40.0,37.0,39.0,42.0,44.0
1317,68.0,74.0,74.0,74.0,68.0,68.0,68.0,68.0,63.0,68.0,68.0,62.0,62.0,62.0,62.0,62.0,68.0,68.0,62.0,53.0,49.0,50.0,46.0,49.0
1318,39.0,48.0,48.0,49.0,55.0,68.0,83.0,61.0,71.0,82.0,91.0,93.0,96.0,97.0,99.0,85.0,76.0,64.0,49.0,50.0,48.0,52.0,49.0,54.0
1319,84.0,92.0,95.0,96.0,98.0,98.0,98.0,98.0,98.0,98.0,98.0,98.0,97.0,96.0,94.0,83.0,66.0,48.0,45.0,35.0,36.0,30.0,32.0,57.0
1320,22.333333333333332,29.0,31.0,39.666666666666664,41.666666666666664,43.0,49.666666666666664,53.333333333333336,60.0,61.333333333333336,64.33333333333333,68.0,71.66666666666667,73.66666666666667,69.66666666666667,48.666666666666664,36.0,29.666666666666668,27.333333333333332,27.333333333333332,27.333333333333332,31.666666666666668,34.666666666666664,41.0
1321,38.666666666666664,27.0,49.666666666666664,50.0,56.0,59.333333333333336,59.0,61.0,55.666666666666664,64.0,76.66666666666667,65.0,67.0,69.0,67.66666666666667,75.0,70.0,64.0,47.0,45.333333333333336,61.333333333333336,56.0,59.666666666666664,64.33333333333333
1322,12.0,12.0,18.0,23.0,24.0,21.0,24.0,24.0,24.0,21.0,22.0,26.0,26.0,28.0,31.0,19.0,12.0,12.0,14.0,14.0,15.0,15.0,16.0,15.0
1323,36.0,40.333333333333336,51.333333333333336,59.333333333333336,62.0,60.0,65.0,66.33333333333333,69.66666666666667,72.66666666666667,70.66666666666667,77.33333333333333,73.66666666666667,78.33333333333333,76.66666666666667,65.0,56.666666666666664,45.333333333333336,36.666666666666664,30.666666666666668,27.666666666666668,28.333333333333332,31.666666666666668,34.666666666666664
1324,63.0,69.0,77.0,83.0,84.0,90.0,95.0,96.0,96.0,96.0,95.0,93.0,93.0,93.0,91.0,91.0,89.0,87.0,88.0,85.0,82.0,82.0,82.0,86.0
1325,50.0,64.0,50.0,50.0,56.0,62.0,67.0,79.0,82.0,85.0,88.0,89.0,92.0,88.0,91.0,88.0,78.0,74.0,68.0,71.0,84.0,84.0,88.0,88.0
1326,78.0,78.0,75.0,72.0,66.0,69.0,66.0,65.0,65.0,71.0,71.0,68.0,68.0,65.0,68.0,65.0,62.0,60.0,60.0,55.0,55.0,55.0,52.0,62.0
1327,50.0,58.0,68.0,75.0,82.0,84.0,84.0,85.0,88.0,91.0,91.0,91.0,92.0,90.0,88.0,78.0,74.0,58.0,58.0,55.0,51.0,56.0,56.0,66.0
1328,75.0,75.0,75.0,93.0,93.0,93.0,100.0,100.0,93.0,93.0,93.0,100.0,93.0,93.0,86.0,80.0,74.0,74.0,80.0,74.0,80.0,74.0,74.0,79.0
1329,83.0,89.0,89.0,93.0,89.0,89.0,93.0,93.0,92.0,89.0,89.0,92.0,89.0,96.0,80.0,62.0,48.0,42.0,37.0,37.0,40.0,39.0,45.0,80.0
1330,79.0,79.0,84.0,87.0,88.66666666666667,87.33333333333333,88.0,89.66666666666667,88.0,87.66666666666667,88.33333333333333,87.66666666666667,88.0,88.0,89.0,89.33333333333333,89.33333333333333,86.66666666666667,84.66666666666667,82.66666666666667,83.0,84.0,84.0,86.0
1331,44.0,43.0,46.0,50.0,50.0,53.0,57.0,57.0,57.0,66.0,81.0,93.0,93.0,100.0,100.0,94.0,88.0,68.0,60.0,52.0,52.0,52.0,52.0,64.0
1332,36.0,44.0,50.0,54.0,58.0,71.0,76.0,81.0,81.0,93.0,93.0,93.0,93.0,93.0,100.0,88.0,77.0,68.0,64.0,50.0,50.0,53.0,53.0,56.0
1333,71.0,73.0,87.0,93.0,93.0,97.0,91.0,91.0,95.0,94.0,90.0,94.0,95.0,92.0,85.0,78.0,70.0,67.0,65.0,54.666666666666664,66.0,71.0,80.0,90.0
1334,100.0,100.0,100.0,100.0,100.0,100.0,100.0,100.0,100.0,93.0,93.0,93.0,93.0,100.0,100.0,93.0,81.0,87.0,87.0,81.0,81.0,81.0,87.0,93.0
1335,77.66666666666667,80.66666666666667,90.66666666666667,93.0,87.33333333333333,93.0,93.33333333333333,93.66666666666667,96.33333333333333,96.33333333333333,95.33333333333333,94.66666666666667,95.33333333333333,94.66666666666667,86.66666666666667,72.0,57.333333333333336,50.0,46.333333333333336,44.333333333333336,45.333333333333336,47.0,59.333333333333336,72.33333333333333
1336,32.0,44.0,50.0,57.0,61.0,65.0,75.0,70.0,70.0,75.0,70.0,70.0,69.0,65.0,70.0,75.0,70.0,53.0,50.0,41.0,36.0,32.0,28.0,24.0
1337,96.0,96.0,92.0,82.0,85.0,78.0,79.0,85.0,85.0,85.0,78.0,82.0,82.0,82.0,76.0,73.0,60.0,55.0,59.0,65.0,62.0,60.0,62.0,60.0
1338,20.0,36.0,45.0,51.0,55.0,60.0,60.0,63.0,74.0,68.0,74.0,74.0,77.0,78.0,71.0,78.0,63.0,52.0,38.0,31.0,25.0,30.0,50.0,52.0
1339,93.0,93.0,89.0,93.0,93.0,96.0,92.0,96.0,92.0,96.0,96.0,96.0,96.0,92.0,93.0,77.0,59.0,44.0,42.0,41.0,45.0,46.0,54.0,80.0
1340,79.0,79.0,84.0,87.0,88.66666666666667,87.33333333333333,88.0,89.66666666666667,88.0,87.66666666666667,88.33333333333333,87.66666666666667,88.0,88.0,89.0,89.33333333333333,89.33333333333333,86.66666666666667,84.66666666666667,82.66666666666667,83.0,84.0,84.0,86.0
1341,98.0,99.0,99.0,98.0,95.0,94.0,98.0,100.0,100.0,99.0,96.0,96.0,94.0,91.0,92.0,86.0,85.0,89.0,93.0,85.0,88.0,98.0,88.0,84.0
1342,80.0,80.0,81.0,84.0,84.0,91.0,94.0,96.0,97.0,98.0,98.0,98.0,98.0,98.0,97.0,93.0,88.0,86.0,79.0,77.0,72.0,72.0,74.0,74.0
1343,24.0,30.0,37.0,51.0,51.0,56.0,60.0,60.0,62.0,68.0,74.0,74.0,70.0,76.0,80.0,77.0,58.0,54.0,39.0,28.0,22.0,23.0,23.0,27.0
1344,78.66666666666667,96.0,86.0,98.0,98.0,98.0,99.0,95.0,98.0,99.0,98.0,98.0,98.0,96.0,85.0,66.0,47.0,46.0,41.0,40.0,39.0,42.0,48.0,81.0
1345,74.0,75.0,74.0,73.0,72.0,71.0,75.0,74.0,72.0,76.0,73.0,77.0,84.0,81.0,80.0,83.0,71.0,66.0,64.0,65.0,57.0,60.0,62.0,70.0
1346,63.0,82.0,89.0,91.0,99.0,99.0,100.0,99.0,100.0,100.0,100.0,99.0,100.0,99.0,90.0,70.0,62.0,53.0,45.0,41.0,40.0,41.0,44.0,48.0
1347,89.0,92.0,92.0,92.0,96.0,92.0,96.0,92.0,96.0,96.0,96.0,92.0,96.0,92.0,96.0,96.0,86.0,80.0,66.0,64.0,62.0,64.0,72.0,77.0
1348,17.0,19.0,29.0,39.0,51.0,60.0,73.0,72.0,73.0,78.0,79.0,82.0,90.0,95.0,96.0,98.0,95.0,94.0,94.0,92.0,92.0,92.0,90.0,91.0
1349,83.66666666666667,83.66666666666667,83.66666666666667,84.66666666666667,84.66666666666667,85.33333333333333,88.66666666666667,84.33333333333333,86.33333333333333,91.0,93.33333333333333,94.66666666666667,96.0,97.33333333333333,93.66666666666667,93.66666666666667,91.33333333333333,90.33333333333333,89.33333333333333,89.33333333333333,88.33333333333333,91.33333333333333,90.33333333333333,92.33333333333333
1350,88.0,89.0,92.0,89.0,92.0,92.0,92.0,91.0,93.0,88.0,92.0,88.0,92.0,88.0,89.0,92.0,76.0,66.0,57.0,51.0,49.0,46.0,51.0,79.0
1351,84.66666666666667,84.33333333333333,83.66666666666667,85.33333333333333,85.33333333333333,85.33333333333333,86.66666666666667,85.33333333333333,87.66666666666667,90.0,89.0,87.33333333333333,87.33333333333333,83.0,86.33333333333333,85.0,84.0,80.66666666666667,73.0,70.0,63.666666666666664,62.333333333333336,61.0,65.0
1352,76.0,93.0,89.0,82.0,93.0,100.0,96.0,96.0,100.0,100.0,96.0,96.0,96.0,100.0,93.0,68.0,56.0,46.0,46.0,46.0,46.0,50.0,56.0,74.0
1353,61.0,69.33333333333333,75.33333333333333,81.33333333333333,84.0,86.66666666666667,89.33333333333333,93.33333333333333,92.0,95.33333333333333,97.66666666666667,96.0,98.33333333333333,97.33333333333333,94.66666666666667,90.0,74.0,56.666666666666664,52.333333333333336,50.0,48.666666666666664,51.0,54.333333333333336,58.0
1354,86.0,97.0,96.0,100.0,100.0,96.0,100.0,100.0,100.0,100.0,100.0,100.0,96.0,100.0,100.0,83.0,72.0,67.0,63.0,56.0,56.0,52.0,52.0,67.0
1355,53.0,63.0,71.0,74.0,75.0,70.0,68.0,71.0,72.0,74.0,80.0,81.0,82.0,84.0,86.0,77.0,62.0,56.0,66.0,74.0,79.0,80.0,85.0,90.0
1356,70.0,70.0,79.0,79.0,82.0,85.0,79.0,82.0,76.0,73.0,82.0,85.0,73.0,73.0,82.0,79.0,79.0,79.0,82.0,72.0,72.0,67.0,76.0,72.0
1357,46.0,54.0,53.0,62.0,67.0,67.0,62.0,69.0,72.0,72.0,75.0,71.0,78.0,71.0,78.0,66.0,75.0,64.0,64.0,53.0,45.0,42.0,41.0,44.0
1358,85.0,88.0,88.0,85.0,92.0,88.0,85.0,85.0,85.0,88.0,85.0,85.0,82.0,82.0,88.0,85.0,85.0,85.0,79.0,85.0,82.0,85.0,82.0,82.0
1359,33.0,41.0,51.0,55.0,59.0,55.0,55.0,51.0,51.0,48.0,64.0,86.0,100.0,100.0,93.0,86.0,93.0,86.0,80.0,80.0,74.0,80.0,80.0,80.0
1360,65.0,68.0,68.0,73.0,82.0,76.0,86.0,89.0,92.0,92.0,96.0,96.0,96.0,100.0,92.0,89.0,89.0,86.0,83.0,82.0,82.0,85.0,85.0,85.0
1361,56.0,70.66666666666667,56.0,78.0,86.33333333333333,87.33333333333333,88.66666666666667,85.0,85.0,81.0,76.66666666666667,77.0,76.33333333333333,80.0,78.66666666666667,78.66666666666667,71.0,64.0,60.666666666666664,54.666666666666664,56.666666666666664,54.666666666666664,53.0,57.333333333333336
1362,92.0,96.33333333333333,93.0,100.0,88.0,100.0,90.33333333333333,90.66666666666667,100.0,97.0,94.33333333333333,100.0,100.0,100.0,87.0,71.0,57.666666666666664,58.0,49.333333333333336,54.0,48.0,54.0,81.0,93.33333333333333
1363,96.0,99.0,97.0,97.0,98.0,98.0,99.0,99.0,99.0,100.0,100.0,100.0,100.0,99.0,94.0,90.0,84.0,79.0,74.0,72.0,68.0,69.0,73.0,79.0
1364,82.0,79.0,88.0,88.0,88.0,85.0,88.0,88.0,88.0,92.0,96.0,96.0,96.0,96.0,92.0,92.0,92.0,88.0,82.0,75.0,79.0,75.0,75.0,75.0
1365,87.66666666666667,87.66666666666667,90.66666666666667,90.0,93.33333333333333,96.33333333333333,95.33333333333333,95.33333333333333,96.33333333333333,96.33333333333333,93.33333333333333,96.33333333333333,100.0,93.0,81.0,69.33333333333333,57.666666666666664,50.666666666666664,47.0,45.333333333333336,43.666666666666664,46.333333333333336,63.333333333333336,79.33333333333333
1366,81.0,93.0,93.0,93.0,93.0,93.0,100.0,93.0,93.0,93.0,93.0,93.0,93.0,100.0,93.0,87.0,93.0,93.0,93.0,100.0,100.0,100.0,93.0,100.0
1367,55.0,57.0,54.666666666666664,56.0,60.333333333333336,70.66666666666667,73.0,76.0,79.33333333333333,84.33333333333333,88.0,90.33333333333333,90.0,89.0,89.0,89.0,86.66666666666667,86.66666666666667,85.33333333333333,84.33333333333333,84.0,84.0,88.33333333333333,92.33333333333333
1368,74.0,86.0,82.0,89.0,89.0,89.0,89.0,89.0,89.0,92.0,92.0,88.0,92.0,92.0,76.0,61.0,54.0,48.0,47.0,42.0,42.0,42.0,55.0,68.0
1369,44.0,53.0,67.0,75.0,82.0,84.0,85.0,87.0,87.0,88.0,89.0,88.0,92.0,90.0,91.0,89.0,84.0,74.0,62.0,59.0,63.0,59.0,61.0,70.0
1370,90.0,100.0,100.0,100.0,100.0,96.0,100.0,100.0,100.0,100.0,100.0,100.0,100.0,100.0,100.0,96.0,77.0,60.0,58.0,52.0,47.0,44.0,48.0,77.0
1371,78.0,88.0,96.0,96.0,96.0,96.0,96.0,96.0,92.0,96.0,92.0,88.0,88.0,87.0,84.0,84.0,84.0,81.0,80.0,84.0,80.0,83.0,84.0,87.0
1372,93.0,86.0,86.0,86.0,80.0,80.0,80.0,93.0,93.0,93.0,93.0,93.0,100.0,100.0,93.0,86.0,86.0,69.0,69.0,69.0,69.0,64.0,59.0,69.0
1373,95.0,98.0,97.0,99.0,99.0,99.0,100.0,99.0,99.0,99.0,99.0,100.0,99.0,99.0,85.0,73.0,65.0,61.0,56.0,54.0,52.0,54.0,72.0,90.0
1374,84.66666666666667,84.33333333333333,92.0,86.0,79.0,85.0,79.0,79.0,79.0,85.0,78.0,78.0,85.0,85.0,85.0,72.0,72.0,72.0,72.33333333333333,72.0,66.0,66.0,66.0,66.0
1375,35.0,47.0,51.0,54.333333333333336,52.666666666666664,53.0,58.333333333333336,60.333333333333336,64.0,68.33333333333333,75.0,76.0,80.33333333333333,78.66666666666667,78.33333333333333,66.33333333333333,67.33333333333333,59.666666666666664,50.0,45.666666666666664,41.333333333333336,39.333333333333336,41.333333333333336,44.333333333333336
1376,93.0,96.0,97.0,97.0,97.0,100.0,96.0,100.0,100.0,96.0,96.0,96.0,100.0,96.0,86.0,68.0,58.0,54.0,48.0,47.0,44.0,50.0,81.0,93.0
1377,36.0,38.0,42.0,45.0,45.0,53.0,70.0,73.0,80.0,82.0,79.0,82.0,85.0,85.0,85.0,89.0,82.0,72.0,62.0,56.0,46.0,41.0,39.0,39.0
1378,87.0,87.66666666666667,91.66666666666667,92.0,94.0,86.66666666666667,86.33333333333333,86.66666666666667,84.66666666666667,90.66666666666667,89.66666666666667,86.33333333333333,85.0,82.33333333333333,78.66666666666667,75.33333333333333,67.33333333333333,63.666666666666664,64.66666666666667,63.0,66.33333333333333,68.33333333333333,74.66666666666667,81.66666666666667
1379,77.0,77.0,76.0,76.0,77.0,74.0,72.0,70.0,70.0,71.0,68.0,68.0,76.0,77.0,76.0,71.0,70.0,69.0,64.0,63.0,57.0,56.0,57.0,59.0
1380,39.0,42.0,45.0,45.0,42.0,46.0,46.0,49.0,52.0,49.0,65.0,65.0,70.0,80.0,86.0,86.0,80.0,80.0,75.0,80.0,74.0,74.0,69.0,74.0
1381,31.0,38.0,38.0,41.0,45.0,45.0,45.0,42.0,45.0,45.0,47.0,44.0,47.0,44.0,47.0,69.0,89.0,96.0,92.0,92.0,92.0,88.0,85.0,85.0
1382,82.0,79.0,82.0,76.0,82.0,79.0,79.0,79.0,82.0,82.0,82.0,82.0,79.0,79.0,73.0,68.0,65.0,58.0,56.0,54.0,54.0,55.0,60.0,76.0
1383,54.0,62.0,60.0,60.0,60.0,76.0,73.0,76.0,76.0,82.0,89.0,89.0,85.0,92.0,89.0,89.0,85.0,88.0,85.0,85.0,85.0,85.0,92.0,89.0
1384,86.0,89.0,97.0,93.0,96.0,96.0,96.0,100.0,100.0,96.0,96.0,100.0,96.0,89.0,76.0,68.0,61.0,55.0,51.0,47.0,49.0,53.0,64.0,86.0
1385,85.0,99.0,100.0,100.0,100.0,100.0,100.0,100.0,100.0,100.0,100.0,100.0,100.0,100.0,92.0,67.0,53.0,47.0,44.0,40.0,41.0,38.0,50.0,63.0
1386,76.0,76.0,76.0,78.0,78.0,79.0,79.0,82.0,82.0,78.0,82.0,82.0,82.0,78.0,79.0,79.0,78.0,76.0,76.0,76.0,73.0,70.0,70.0,73.0
1387,82.0,91.0,88.0,93.0,89.0,90.0,91.0,92.0,96.0,96.0,96.0,96.0,96.0,93.0,74.0,64.0,54.0,51.0,49.0,46.0,46.0,47.0,62.0,81.0
1388,69.0,78.0,90.0,92.0,100.0,100.0,100.0,100.0,100.0,100.0,100.0,100.0,100.0,100.0,100.0,73.0,61.0,57.0,53.0,52.0,50.0,51.0,69.0,83.0
1389,94.0,99.0,99.0,100.0,100.0,100.0,100.0,100.0,100.0,100.0,100.0,100.0,100.0,100.0,91.0,76.0,59.0,51.0,48.0,41.0,45.0,44.0,53.0,83.0
1390,63.0,61.0,57.0,61.0,63.0,64.0,63.0,62.0,62.0,62.0,60.0,60.0,62.0,60.0,58.0,51.0,49.0,49.0,46.0,47.0,45.0,47.0,50.0,52.0
1391,64.0,69.0,75.66666666666667,76.66666666666667,79.33333333333333,83.33333333333333,80.0,84.66666666666667,86.0,85.0,86.0,79.33333333333333,89.33333333333333,89.0,85.0,78.33333333333333,76.33333333333333,80.33333333333333,77.66666666666667,77.66666666666667,78.66666666666667,78.33333333333333,81.66666666666667,83.33333333333333
1392,52.333333333333336,54.666666666666664,58.333333333333336,60.0,63.333333333333336,63.666666666666664,66.33333333333333,70.0,71.0,76.66666666666667,79.33333333333333,81.66666666666667,87.0,86.66666666666667,92.33333333333333,71.66666666666667,60.333333333333336,61.666666666666664,55.666666666666664,46.666666666666664,47.0,42.0,47.0,55.333333333333336
1393,52.0,58.0,52.0,61.0,58.0,61.0,70.0,72.0,74.0,76.0,79.0,80.0,81.0,85.33333333333333,83.33333333333333,72.0,53.0,46.0,38.0,35.0,31.0,38.0,42.0,63.0
1394,72.0,81.66666666666667,89.0,86.33333333333333,81.66666666666667,87.33333333333333,86.0,86.33333333333333,88.66666666666667,88.66666666666667,90.66666666666667,93.66666666666667,95.0,95.33333333333333,95.66666666666667,85.66666666666667,77.0,69.0,59.0,50.666666666666664,47.0,47.666666666666664,46.333333333333336,55.333333333333336
1395,47.0,66.0,81.0,87.0,87.0,81.0,87.0,87.0,87.0,87.0,87.0,93.0,93.0,93.0,93.0,82.0,77.0,63.0,60.0,46.0,46.0,49.0,52.0,60.0
1396,71.33333333333333,74.66666666666667,75.66666666666667,79.66666666666667,79.66666666666667,81.33333333333333,82.33333333333333,82.33333333333333,83.33333333333333,85.33333333333333,84.33333333333333,87.0,85.66666666666667,83.33333333333333,75.0,68.33333333333333,57.0,52.666666666666664,53.666666666666664,53.333333333333336,54.666666666666664,53.0,58.0,58.666666666666664
1397,43.0,49.0,51.0,54.0,58.0,58.0,60.0,66.0,70.0,75.0,82.0,91.0,97.0,98.0,99.0,89.0,76.0,69.0,64.0,58.0,51.0,49.0,51.0,54.0
1398,39.666666666666664,57.333333333333336,67.33333333333333,70.0,70.66666666666667,72.33333333333333,76.66666666666667,70.0,70.66666666666667,71.33333333333333,72.33333333333333,72.0,71.33333333333333,71.66666666666667,73.66666666666667,75.33333333333333,59.333333333333336,44.0,31.0,24.333333333333332,28.0,29.666666666666668,38.0,42.0
1399,67.0,71.0,71.0,70.0,79.0,77.0,77.0,78.0,79.0,86.0,82.0,88.0,85.0,77.0,64.0,58.0,56.0,52.0,54.0,52.0,50.0,57.0,67.0,72.0
1400,76.0,82.0,86.0,89.0,86.0,88.0,92.0,89.0,92.0,96.0,96.0,92.0,96.0,96.0,96.0,82.0,71.0,57.0,51.0,44.0,44.0,50.0,64.0,71.0
1401,71.0,76.0,86.0,85.0,89.0,92.0,89.0,89.0,89.0,89.0,92.0,88.0,92.0,92.0,76.0,63.0,54.0,51.0,47.0,46.0,42.0,42.0,53.0,74.0
1402,88.0,95.0,95.33333333333333,95.66666666666667,94.0,92.66666666666667,92.33333333333333,88.0,89.0,81.66666666666667,82.66666666666667,79.66666666666667,75.0,78.33333333333333,79.66666666666667,71.66666666666667,72.0,69.66666666666667,70.0,66.33333333333333,65.0,68.33333333333333,70.0,75.66666666666667
1403,35.0,29.0,37.0,38.0,37.0,39.0,37.0,36.0,33.0,38.0,39.0,40.0,42.0,60.0,98.0,100.0,100.0,100.0,99.0,98.0,98.0,79.0,96.0,97.0
1404,28.333333333333332,42.333333333333336,47.0,54.111111111111114,55.77777777777777,58.77777777777777,66.44444444444444,64.1111111111111,64.77777777777777,69.22222222222223,67.66666666666667,69.66666666666667,70.0,75.0,72.66666666666667,72.66666666666667,70.33333333333333,55.666666666666664,43.0,35.333333333333336,32.0,28.0,26.333333333333332,24.666666666666668
1405,83.0,86.0,89.0,92.0,92.0,92.0,92.0,96.0,92.0,92.0,96.0,96.0,96.0,92.0,82.0,65.0,58.0,54.0,52.0,50.0,52.0,54.0,61.0,79.0
1406,85.0,88.0,85.0,89.0,72.0,71.0,68.0,72.0,65.0,65.0,62.0,65.0,65.0,62.0,62.0,59.0,62.0,57.0,55.0,53.0,53.0,50.0,48.0,52.0
1407,51.333333333333336,57.666666666666664,52.333333333333336,53.0,49.666666666666664,48.333333333333336,48.333333333333336,50.666666666666664,57.0,64.33333333333333,68.33333333333333,70.66666666666667,75.0,70.66666666666667,75.33333333333333,72.0,75.33333333333333,66.33333333333333,61.333333333333336,50.666666666666664,47.333333333333336,44.333333333333336,41.0,41.666666666666664
1408,66.66666666666667,66.66666666666667,69.33333333333333,75.0,70.0,81.0,75.0,70.0,70.0,70.0,70.0,70.0,70.0,69.0,70.0,70.0,61.0,59.0,57.333333333333336,55.666666666666664,57.333333333333336,57.333333333333336,60.333333333333336,63.0
1409,62.0,61.0,71.0,63.0,71.0,71.0,71.0,71.0,79.0,79.0,82.0,83.0,89.0,86.0,83.0,73.0,59.0,46.0,41.0,42.0,38.0,38.0,43.0,71.0
1410,87.0,81.0,87.0,87.0,87.0,93.0,93.0,93.0,93.0,93.0,93.0,93.0,100.0,87.0,76.0,66.0,58.0,48.0,51.0,52.0,45.0,48.0,55.0,76.0
1411,82.0,89.0,82.0,82.0,82.0,82.0,79.0,79.0,82.0,85.0,89.0,85.0,85.0,89.0,86.0,79.0,76.0,73.0,70.0,79.0,79.0,79.0,79.0,79.0
1412,84.0,84.0,85.0,84.0,84.0,86.0,89.0,94.0,98.0,100.0,100.0,100.0,100.0,100.0,100.0,97.0,92.0,90.0,88.0,86.0,84.0,82.0,80.0,81.0
1413,53.0,61.0,62.0,62.0,65.0,70.0,79.0,84.0,86.0,85.0,84.0,87.0,86.0,84.0,85.0,80.0,79.0,71.0,68.0,66.0,68.0,70.0,76.0,74.0
1414,31.0,50.0,60.0,80.0,85.0,87.0,87.0,94.0,100.0,96.0,96.0,96.0,98.0,93.0,100.0,96.0,95.0,95.0,96.0,93.0,91.0,92.0,90.0,90.0
1415,64.0,64.0,68.0,71.0,73.0,75.0,77.0,81.0,80.0,78.0,80.0,85.0,92.0,92.0,81.0,66.0,66.0,62.0,65.0,63.0,65.0,70.0,76.0,77.0
1416,80.0,80.0,80.0,87.0,86.0,87.0,87.0,80.0,86.0,87.0,87.0,87.0,93.0,93.0,93.0,100.0,100.0,100.0,93.0,93.0,100.0,93.0,93.0,93.0
1417,86.0,73.0,73.0,79.0,73.0,73.0,68.0,79.0,85.0,85.0,85.0,85.0,78.0,85.0,85.0,85.0,72.0,72.0,72.0,66.0,72.0,72.0,72.0,78.0
1418,79.0,79.0,82.0,86.0,82.0,82.0,86.0,85.0,92.0,92.0,92.0,92.0,92.0,92.0,86.0,83.0,79.0,76.0,73.0,71.0,63.0,63.0,71.0,82.0
1419,77.0,75.0,75.0,75.0,74.0,73.0,77.0,76.0,78.0,80.0,88.0,92.0,92.0,92.0,92.0,89.0,88.0,78.0,72.0,64.0,66.0,67.0,76.0,78.0
1420,11.0,14.0,26.0,27.0,32.0,40.0,31.0,30.0,26.0,27.0,37.0,35.0,32.0,35.0,32.0,31.0,25.0,23.0,18.0,15.0,14.0,15.0,12.0,12.0
1421,86.0,86.0,88.0,90.0,89.0,90.0,90.0,92.0,95.0,90.0,89.0,90.0,87.0,92.0,86.0,87.0,82.0,83.0,81.0,77.0,76.0,77.0,79.0,85.0
1422,76.0,86.0,92.0,94.0,93.0,87.0,92.0,94.0,94.0,93.0,88.0,87.0,87.0,87.0,74.0,65.0,58.0,58.0,57.0,57.0,60.0,63.0,71.0,81.0
1423,92.0,88.0,92.0,92.0,92.0,88.0,88.0,92.0,88.0,88.0,88.0,88.0,88.0,85.0,85.0,85.0,82.0,85.0,85.0,85.0,85.0,88.0,88.0,92.0
1424,75.0,75.0,75.0,75.0,73.0,73.0,70.0,73.0,72.0,72.0,76.0,76.0,73.0,76.0,67.0,64.0,60.0,55.0,57.0,59.0,62.0,62.0,55.0,53.0
1425,87.0,88.0,92.0,94.0,94.0,94.0,95.0,94.0,94.0,95.0,95.0,93.0,88.0,86.0,88.0,82.0,74.0,72.0,72.0,72.0,72.0,70.0,72.0,74.0
1426,96.0,96.0,96.0,96.0,96.0,96.0,96.0,96.0,96.0,96.0,96.0,96.0,96.0,96.0,96.0,96.0,96.0,96.0,92.0,84.66666666666667,92.0,92.0,96.0,96.0
1427,73.0,96.0,98.0,97.0,97.0,99.0,98.0,98.0,99.0,98.0,98.0,99.0,98.0,99.0,93.0,68.0,60.0,55.0,52.0,52.0,51.0,52.0,82.0,97.0
1428,87.33333333333333,86.0,90.0,89.0,88.33333333333333,90.33333333333333,90.66666666666667,90.66666666666667,90.33333333333333,91.33333333333333,91.33333333333333,89.33333333333333,91.66666666666667,92.0,87.66666666666667,90.0,86.33333333333333,87.33333333333333,82.0,80.66666666666667,78.33333333333333,81.0,82.33333333333333,85.33333333333333
1429,78.0,78.0,78.0,76.0,76.0,76.0,76.0,76.0,76.0,85.0,82.0,82.0,85.0,85.0,85.0,75.0,63.0,63.0,61.0,56.0,55.0,55.0,55.0,60.0
1430,20.0,27.0,34.0,42.0,46.0,46.0,48.0,52.0,52.0,52.0,54.0,60.0,62.0,57.0,57.0,60.0,35.0,26.0,24.0,20.0,18.0,19.0,22.0,22.0
1431,89.0,79.0,82.0,96.0,96.0,92.0,92.0,92.0,92.0,92.0,96.0,92.0,92.0,92.0,80.0,64.0,53.0,47.0,46.0,44.0,44.0,44.0,55.0,77.0
1432,52.0,68.0,68.0,76.0,70.0,76.0,68.0,82.0,89.0,85.0,92.0,92.0,92.0,92.0,86.0,85.0,68.0,48.0,41.0,37.0,35.0,35.0,35.0,30.0
1433,29.0,30.0,24.0,24.0,37.0,51.0,63.0,73.0,84.0,88.0,93.0,96.0,97.0,97.0,96.0,98.0,98.0,98.0,98.0,99.0,99.0,98.0,98.0,98.0
1434,64.66666666666667,64.33333333333333,63.666666666666664,63.666666666666664,63.333333333333336,63.0,64.33333333333333,65.0,65.33333333333333,64.0,63.333333333333336,66.66666666666667,64.33333333333333,64.33333333333333,58.666666666666664,57.666666666666664,57.333333333333336,54.333333333333336,51.333333333333336,51.666666666666664,50.666666666666664,52.0,56.0,60.666666666666664
1435,32.0,31.0,44.0,53.0,57.0,60.0,70.0,79.0,74.0,81.0,83.0,86.0,91.0,93.0,92.0,93.0,93.0,93.0,93.0,92.0,90.0,91.0,89.0,89.0
1436,26.0,28.0,31.0,34.0,34.0,49.0,47.0,58.0,58.0,65.0,63.0,71.0,63.0,66.0,71.0,63.0,54.0,44.0,34.0,27.0,21.0,18.0,19.0,18.0
1437,54.0,58.0,58.0,64.0,77.0,77.0,86.0,86.0,93.0,86.0,86.0,83.0,83.0,80.0,72.0,65.0,61.0,59.0,55.0,45.0,42.0,45.0,45.0,53.0
1438,54.0,63.0,63.0,73.0,73.0,82.0,82.0,82.0,82.0,82.0,82.0,83.0,82.0,85.0,82.0,85.0,82.0,82.0,78.0,78.0,85.0,82.0,81.0,81.0
1439,44.0,39.0,43.0,53.0,59.0,68.0,70.0,70.0,70.0,76.0,79.0,88.0,92.0,96.0,96.0,92.0,96.0,96.0,92.0,92.0,88.0,88.0,88.0,88.0
1440,85.0,93.0,96.0,95.0,98.0,96.0,96.0,96.0,96.0,98.0,96.0,96.0,96.0,96.0,95.0,91.0,82.0,74.0,71.0,66.0,67.0,66.0,70.0,77.0
1441,65.0,64.0,62.0,67.0,70.0,70.0,73.0,73.0,75.0,79.0,78.0,79.0,78.0,76.0,68.0,60.0,50.0,46.0,46.0,46.0,49.0,51.0,56.0,53.0
1442,87.0,82.66666666666667,82.66666666666667,87.0,80.0,87.0,84.33333333333333,84.0,78.66666666666667,75.66666666666667,79.66666666666667,83.0,85.66666666666667,89.33333333333333,86.0,83.66666666666667,84.0,86.0,87.33333333333333,88.33333333333333,85.0,82.33333333333333,81.0,84.0
1443,83.0,90.0,90.0,87.0,87.0,86.0,86.0,86.0,86.0,86.0,80.0,83.0,86.0,80.0,73.0,68.0,62.0,50.0,47.0,48.0,52.0,54.0,59.0,68.0
1444,68.66666666666667,72.33333333333333,77.33333333333333,84.33333333333333,89.0,89.33333333333333,93.66666666666667,94.33333333333333,95.33333333333333,94.33333333333333,94.33333333333333,94.33333333333333,96.0,94.66666666666667,87.0,70.33333333333333,54.666666666666664,48.333333333333336,43.333333333333336,35.333333333333336,35.333333333333336,35.666666666666664,47.0,63.666666666666664
1445,65.0,68.0,67.0,70.0,70.0,76.0,73.0,73.0,76.0,78.0,76.0,72.0,76.0,73.0,65.0,55.0,55.0,47.0,47.0,50.0,49.0,51.0,51.0,56.0
1446,86.66666666666667,88.33333333333333,94.0,92.66666666666667,92.66666666666667,94.0,93.0,94.0,93.0,94.0,93.66666666666667,95.33333333333333,93.66666666666667,95.33333333333333,96.66666666666667,96.66666666666667,90.66666666666667,82.0,73.0,71.0,66.66666666666667,68.66666666666667,72.0,77.33333333333333
1447,88.0,92.0,96.0,96.0,92.0,93.0,92.0,92.0,96.0,91.0,92.0,88.0,88.0,84.0,84.0,80.0,81.0,74.0,80.0,80.0,80.0,80.0,80.0,88.0
1448,75.33333333333333,79.33333333333333,79.66666666666667,79.33333333333333,78.33333333333333,80.0,81.0,81.66666666666667,81.66666666666667,81.66666666666667,84.33333333333333,83.33333333333333,83.33333333333333,81.66666666666667,81.66666666666667,71.0,63.666666666666664,62.333333333333336,57.666666666666664,55.666666666666664,56.333333333333336,55.666666666666664,60.0,74.0
1449,79.0,85.0,85.0,79.0,85.0,85.0,85.0,85.0,92.0,85.0,85.0,92.0,85.0,84.0,92.0,77.0,71.0,66.0,56.0,56.0,66.0,66.0,66.0,78.0
1450,99.0,99.0,100.0,100.0,100.0,100.0,99.0,100.0,100.0,100.0,100.0,100.0,100.0,97.0,95.0,92.0,87.0,90.0,82.0,85.0,96.0,96.0,96.0,98.0
1451,27.0,31.0,41.0,30.0,32.0,36.0,47.0,53.0,36.0,37.0,31.0,27.0,28.0,26.0,24.0,20.0,17.0,15.0,14.0,16.0,18.0,18.0,17.0,18.0
1452,87.0,87.0,87.0,93.0,93.0,93.0,93.0,93.0,100.0,100.0,93.0,100.0,93.0,93.0,93.0,93.0,93.0,100.0,100.0,100.0,100.0,100.0,100.0,100.0
1453,28.333333333333332,28.333333333333332,34.0,43.0,60.0,70.0,78.0,83.0,82.0,84.0,85.0,87.0,89.0,93.0,100.0,100.0,100.0,100.0,100.0,93.0,95.33333333333333,86.0,93.0,93.0
1454,39.0,44.0,51.0,54.0,66.0,58.0,58.0,76.0,88.0,94.0,94.0,100.0,100.0,100.0,100.0,100.0,82.0,68.0,60.0,60.0,60.0,57.0,57.0,60.0
1455,90.0,92.0,92.0,97.0,100.0,100.0,100.0,100.0,100.0,100.0,100.0,100.0,100.0,100.0,93.0,83.0,62.0,49.0,42.0,40.0,37.0,40.0,58.0,74.0
1456,43.0,55.0,73.0,78.0,78.0,78.0,80.0,72.0,69.0,72.0,74.0,74.0,77.0,80.0,80.0,80.0,72.0,56.0,45.0,36.0,43.0,49.0,38.0,44.0
1457,81.0,81.0,84.0,84.0,78.0,81.0,81.0,81.0,81.0,81.0,81.0,81.0,80.0,81.0,78.0,74.0,68.0,71.0,69.0,69.0,69.0,66.0,72.0,75.0
1458,70.0,85.0,80.0,85.0,94.0,94.0,97.0,96.0,99.0,100.0,99.0,100.0,99.0,99.0,85.0,68.0,57.0,54.0,46.0,51.0,47.0,49.0,69.0,90.0
1459,35.0,44.0,44.0,50.0,50.0,53.0,53.0,61.0,66.0,66.0,66.0,70.0,70.0,66.0,62.0,54.0,44.0,44.0,36.0,32.0,34.0,32.0,34.0,44.0
1460,87.0,90.0,97.0,97.0,99.0,99.0,100.0,100.0,100.0,99.0,100.0,100.0,100.0,100.0,95.0,92.0,83.0,74.0,65.0,63.0,63.0,63.0,70.0,76.0
1461,39.0,48.0,51.0,52.0,50.0,50.0,55.0,60.0,69.0,69.0,72.0,74.0,76.0,86.33333333333333,87.33333333333333,82.33333333333333,73.0,66.66666666666667,60.0,56.0,53.0,46.0,53.0,60.0
1462,64.0,86.0,93.0,100.0,100.0,93.0,100.0,93.0,93.0,93.0,92.0,92.0,85.0,85.0,92.0,92.0,92.0,92.0,79.0,85.0,86.0,79.0,79.0,79.0
1463,73.0,73.0,76.0,79.0,79.0,81.0,84.0,84.0,87.0,87.0,87.0,90.0,90.0,87.0,81.0,73.0,62.0,56.0,58.0,56.0,56.0,64.0,62.0,62.0
1464,86.0,86.0,100.0,100.0,100.0,100.0,100.0,100.0,100.0,100.0,93.0,93.0,86.0,80.0,86.0,93.0,80.0,80.0,80.0,80.0,80.0,80.0,74.0,86.0
1465,78.0,83.33333333333333,91.0,93.33333333333333,95.33333333333333,100.0,97.66666666666667,97.66666666666667,97.66666666666667,97.66666666666667,94.0,97.66666666666667,95.33333333333333,95.33333333333333,93.0,79.33333333333333,65.66666666666667,49.666666666666664,44.0,40.0,37.333333333333336,35.333333333333336,39.333333333333336,48.0
1466,87.0,100.0,100.0,100.0,100.0,100.0,100.0,100.0,100.0,100.0,100.0,100.0,100.0,100.0,100.0,100.0,87.0,87.0,81.0,66.0,66.0,66.0,71.0,81.0
1467,74.0,78.0,88.0,94.0,98.0,100.0,99.0,100.0,100.0,100.0,100.0,100.0,100.0,100.0,94.0,72.0,62.0,59.0,58.0,57.0,56.0,56.0,77.0,94.0
1468,38.666666666666664,68.0,76.0,82.0,76.0,68.0,68.0,76.0,73.0,68.0,61.0,68.0,68.0,70.0,61.0,53.0,42.0,38.0,34.0,33.0,32.0,34.0,39.0,46.0
1469,86.0,96.0,99.0,99.0,99.0,99.0,95.0,92.0,93.0,90.0,92.0,99.0,95.0,91.0,73.0,63.0,56.0,53.0,46.0,44.0,43.0,39.0,54.0,87.0
1470,73.0,75.0,75.0,75.0,75.0,75.0,75.0,75.0,76.0,76.0,76.0,73.0,79.0,76.0,75.0,79.0,85.0,82.0,72.0,70.0,64.0,61.0,64.0,79.0
1471,96.0,100.0,100.0,100.0,100.0,100.0,100.0,100.0,100.0,100.0,100.0,100.0,100.0,100.0,100.0,97.0,86.0,62.0,58.0,56.0,52.0,58.0,69.0,83.0
1472,47.0,55.0,73.0,59.0,76.0,75.0,78.0,68.0,81.0,82.0,84.0,84.0,85.0,85.0,86.0,76.0,59.0,39.0,39.0,35.0,38.0,37.0,40.0,43.0
1473,52.0,61.0,63.0,76.0,67.33333333333333,82.0,86.0,92.0,89.0,92.0,86.0,82.0,82.0,82.0,85.0,88.0,88.0,88.0,89.0,85.0,85.0,88.0,85.0,81.0
1474,70.0,74.0,76.0,77.0,83.0,90.0,81.0,83.0,75.0,83.0,86.0,87.0,86.0,89.0,90.0,88.0,88.0,86.0,77.0,69.0,61.0,56.0,50.0,48.0
1475,54.0,60.0,63.0,76.0,73.0,82.0,78.0,88.0,85.0,79.0,78.0,82.0,85.0,85.0,85.0,85.0,88.0,85.0,85.0,82.0,85.0,85.0,89.0,88.0
1476,58.0,58.0,62.0,62.0,71.0,62.0,71.0,71.0,76.0,76.0,76.0,76.0,76.0,76.0,66.0,54.0,51.0,44.0,42.0,36.0,37.0,34.0,36.0,39.0
1477,88.66666666666667,91.0,94.0,95.0,97.66666666666667,97.66666666666667,100.0,97.66666666666667,100.0,99.0,100.0,100.0,100.0,97.66666666666667,89.33333333333333,82.0,76.0,68.66666666666667,55.666666666666664,53.333333333333336,49.0,48.333333333333336,56.0,70.0
1478,95.0,94.0,95.0,93.0,92.0,91.0,90.0,86.0,82.0,82.0,80.0,80.0,87.0,85.0,87.0,85.0,82.0,79.0,77.0,74.0,70.0,70.0,72.0,76.0
1479,41.0,50.0,49.0,55.0,56.0,58.0,57.0,68.0,69.0,73.0,75.0,79.0,79.0,86.0,82.0,69.0,66.0,57.0,52.0,48.0,44.0,45.0,43.0,48.0
1480,88.0,87.0,84.0,80.0,84.0,84.0,84.0,84.0,84.0,84.0,85.33333333333333,80.0,80.0,80.0,79.0,79.0,76.0,80.0,77.0,76.0,70.0,68.0,68.0,71.0
1481,65.0,65.0,70.0,65.0,73.0,67.0,70.0,62.0,62.0,73.0,67.0,79.0,62.0,60.0,55.0,50.0,48.0,48.0,48.0,48.0,48.0,50.0,56.0,60.0
1482,16.0,23.0,25.0,31.0,33.0,33.0,37.0,36.333333333333336,38.0,41.666666666666664,42.666666666666664,45.666666666666664,45.666666666666664,47.666666666666664,61.0,57.0,47.0,29.0,29.0,21.333333333333332,26.0,20.0,19.0,15.0
1483,67.0,71.0,73.0,74.0,75.0,77.0,77.0,79.0,78.0,77.0,91.66666666666667,86.0,81.0,74.0,68.0,54.0,46.0,48.0,41.0,43.0,48.0,48.0,54.0,55.0
1484,79.0,79.0,85.0,85.0,82.0,78.0,78.0,82.0,79.0,79.0,79.0,79.0,82.0,82.0,82.0,78.0,76.0,76.0,76.0,73.0,73.0,70.0,76.0,79.0
1485,90.0,95.0,92.0,94.0,93.0,94.0,94.0,95.0,95.0,78.0,92.0,78.0,93.0,91.0,90.0,90.0,94.0,92.0,97.0,96.0,79.0,81.0,80.0,78.0
1486,100.0,100.0,93.0,100.0,100.0,100.0,100.0,100.0,93.0,100.0,100.0,93.0,100.0,100.0,93.0,71.0,59.0,59.0,52.0,55.0,55.0,59.0,72.0,100.0
1487,73.0,79.0,79.0,81.0,82.0,85.0,92.0,96.0,96.0,96.0,97.0,97.0,96.0,95.0,96.0,96.0,94.0,94.0,93.0,92.0,90.0,89.0,87.0,86.0
1488,87.0,87.0,93.0,93.0,93.0,93.0,93.0,93.0,93.0,93.0,93.0,86.0,93.0,93.0,91.33333333333333,93.0,87.0,93.0,87.0,87.0,81.0,81.0,81.0,87.0
1489,93.0,87.0,87.0,81.0,81.0,81.0,81.0,81.0,87.0,81.0,81.0,81.0,81.0,81.0,75.0,66.0,57.0,50.0,53.0,53.0,57.0,53.0,57.0,57.0
1490,93.0,86.0,80.0,93.0,79.0,86.0,79.0,79.0,79.0,79.0,73.0,73.0,79.0,92.0,85.0,92.0,79.0,73.0,62.0,57.0,53.0,62.0,67.0,78.0
1491,100.0,100.0,100.0,100.0,93.0,87.0,93.0,93.0,100.0,100.0,100.0,100.0,100.0,100.0,100.0,100.0,100.0,100.0,100.0,100.0,100.0,100.0,87.0,81.0
1492,100.0,100.0,100.0,100.0,100.0,100.0,100.0,100.0,96.0,100.0,96.0,96.0,96.0,96.0,96.0,96.0,96.0,100.0,96.0,96.0,96.0,88.0,92.0,88.0
1493,83.66666666666667,92.0,94.33333333333333,95.33333333333333,96.33333333333333,96.33333333333333,98.66666666666667,98.66666666666667,98.66666666666667,100.0,98.66666666666667,100.0,98.66666666666667,100.0,100.0,98.66666666666667,87.66666666666667,67.66666666666667,55.666666666666664,47.666666666666664,41.333333333333336,41.0,59.0,74.66666666666667
1494,40.0,47.0,53.0,55.0,61.0,61.0,61.0,66.0,68.0,73.0,73.0,80.0,86.0,90.0,93.0,86.0,78.0,72.0,65.0,61.0,56.0,53.0,53.0,60.0
1495,39.0,48.0,53.0,59.0,65.0,67.0,67.0,65.0,72.0,73.0,70.0,75.0,78.0,79.0,82.0,68.0,59.0,52.0,49.0,46.0,43.0,40.0,46.0,54.0
1496,100.0,100.0,100.0,96.0,78.0,78.0,81.0,81.0,85.0,96.0,89.0,92.0,92.0,96.0,100.0,88.0,74.0,63.0,66.0,68.0,81.0,78.0,78.0,68.0
1497,86.0,92.0,96.0,97.0,98.0,98.0,98.0,98.0,98.0,98.0,98.0,98.0,97.0,98.0,99.0,88.0,70.0,55.0,51.0,46.0,40.0,44.0,46.0,66.0
1498,65.0,81.0,72.55555555555556,87.0,93.0,100.0,80.55555555555556,93.0,87.0,93.0,93.0,86.0,93.0,100.0,100.0,93.0,66.0,62.0,58.0,67.1111111111111,58.0,66.0,76.0,81.0
1499,47.0,47.0,54.0,66.0,75.0,76.0,76.0,66.0,71.0,87.0,93.0,93.0,93.0,93.0,87.0,58.0,44.0,42.0,36.0,34.0,30.0,30.0,34.0,36.0
1500,71.0,73.0,79.0,86.0,68.0,58.0,79.0,92.0,89.0,89.0,89.0,82.0,96.0,70.0,58.0,54.0,51.0,44.0,39.0,38.0,35.0,41.0,42.0,51.0
1501,65.0,62.0,60.0,62.0,57.0,65.0,69.66666666666667,64.0,64.0,65.0,64.0,64.0,67.0,67.0,64.0,58.0,54.0,52.0,43.0,43.0,40.0,40.0,45.0,56.0
1502,42.0,51.0,56.0,62.0,62.0,63.0,68.0,62.333333333333336,76.0,80.0,81.0,77.0,70.66666666666667,79.0,82.0,81.0,79.0,66.0,55.0,73.33333333333333,48.0,45.0,77.0,80.33333333333333
1503,22.0,28.0,31.0,36.0,46.0,43.0,51.0,59.0,74.0,79.0,78.0,80.0,86.0,86.0,85.0,56.0,43.0,48.0,45.0,43.0,39.0,41.0,41.0,46.0
1504,22.0,24.0,34.0,34.0,34.0,36.0,37.0,43.0,46.0,49.0,50.0,53.0,52.0,52.0,64.0,48.0,36.0,31.0,23.0,17.0,15.0,14.0,13.0,13.0
1505,49.0,54.0,56.0,57.0,61.0,58.0,59.0,56.0,56.0,58.0,58.0,60.0,63.0,68.0,63.0,52.0,44.0,42.0,39.0,41.0,47.0,49.0,61.0,68.0
1506,73.0,67.0,67.0,67.0,64.0,67.0,70.0,68.0,72.0,76.0,72.0,72.0,73.0,70.0,60.0,54.0,54.0,44.0,42.0,44.0,44.0,48.0,51.0,51.0
1507,25.333333333333332,34.666666666666664,40.666666666666664,46.666666666666664,52.666666666666664,53.333333333333336,52.333333333333336,54.666666666666664,57.666666666666664,55.666666666666664,56.0,54.333333333333336,56.666666666666664,59.0,57.666666666666664,57.333333333333336,58.666666666666664,48.666666666666664,38.333333333333336,30.666666666666668,29.0,28.0,26.0,26.0
1508,41.0,47.0,54.0,50.0,54.0,54.0,66.0,58.0,62.0,66.0,76.0,81.0,87.0,93.0,93.0,82.0,72.0,64.0,52.0,49.0,49.0,46.0,53.0,53.0
1509,93.0,94.0,85.0,93.0,86.0,76.0,75.0,76.0,78.0,78.0,81.0,90.0,93.0,94.0,96.0,91.0,79.0,69.0,69.0,66.0,69.0,68.0,73.0,79.0
1510,57.0,70.0,81.0,81.0,86.0,93.0,86.0,93.0,93.0,93.0,93.0,80.33333333333333,93.0,93.0,87.0,70.0,70.0,76.0,75.0,75.0,75.0,75.0,81.0,87.0
1511,34.0,41.0,44.0,47.0,48.0,52.0,57.0,58.0,63.0,67.0,70.0,74.0,81.0,85.0,87.0,82.0,72.0,63.0,60.0,49.0,49.0,43.0,43.0,34.0
1512,80.0,84.0,80.0,80.0,80.0,80.0,80.0,74.0,74.0,70.0,74.0,70.0,76.0,80.0,77.0,80.0,70.0,64.0,64.0,56.0,51.0,51.0,53.0,67.0
1513,89.0,89.0,92.0,96.0,100.0,96.0,100.0,100.0,96.0,96.0,100.0,96.0,100.0,92.0,86.0,71.0,57.0,53.0,46.0,42.0,44.0,46.0,77.0,86.0
1514,50.0,49.333333333333336,55.333333333333336,55.666666666666664,48.0,58.333333333333336,62.0,74.0,68.0,76.0,81.0,87.0,91.0,95.0,96.0,89.0,74.0,65.0,56.0,52.0,53.0,49.0,52.0,57.0
1515,70.0,74.0,80.0,79.0,88.0,90.0,96.0,94.0,94.0,93.0,91.0,90.0,89.0,88.0,85.0,84.0,83.0,84.0,79.0,81.0,84.0,82.0,80.0,82.0
1516,83.0,86.0,97.66666666666667,89.0,97.0,92.0,91.0,92.0,93.0,93.0,92.0,92.0,93.0,92.0,72.0,62.0,54.0,49.0,46.0,45.0,46.0,46.0,62.0,82.0
1517,82.0,85.0,82.0,85.0,85.0,85.0,88.0,85.0,88.0,88.0,88.0,92.0,96.0,100.0,96.0,100.0,89.0,92.0,89.0,89.0,89.0,92.0,89.0,92.0
1518,66.0,86.0,89.0,82.0,89.0,93.0,96.0,96.0,92.0,100.0,100.0,96.0,100.0,96.0,92.0,77.0,66.0,58.0,52.0,50.0,47.0,52.0,60.0,64.0
1519,38.0,54.0,63.0,68.0,71.0,74.0,79.0,77.0,86.0,86.0,93.0,90.0,92.0,92.0,93.0,89.0,81.0,68.0,61.0,54.0,55.0,55.0,55.0,56.0
1520,44.0,58.0,63.0,74.0,81.0,78.0,81.0,88.0,88.0,83.0,77.0,84.0,84.0,84.0,91.0,80.0,74.0,66.0,49.0,37.0,40.333333333333336,31.0,20.0,24.0
1521,20.0,29.0,32.0,36.0,41.0,48.0,52.0,49.0,59.0,54.0,57.0,59.0,62.0,61.0,67.0,57.0,40.0,32.0,22.0,18.0,17.0,16.0,16.0,16.0
1522,99.0,99.0,99.0,99.0,100.0,99.0,99.0,99.0,99.0,99.0,100.0,100.0,100.0,100.0,99.0,95.0,92.0,90.0,89.0,88.0,86.0,87.0,91.0,94.0
1523,40.0,41.0,56.0,55.0,57.0,62.0,62.0,67.0,72.0,73.0,76.0,70.0,76.0,79.0,76.0,75.0,75.0,75.0,78.0,78.0,81.0,78.0,81.0,85.0
1524,78.33333333333333,80.0,80.0,83.0,85.33333333333333,88.0,93.33333333333333,90.66666666666667,91.33333333333333,88.66666666666667,92.0,91.66666666666667,86.66666666666667,90.66666666666667,77.33333333333333,65.33333333333333,56.666666666666664,51.666666666666664,49.333333333333336,47.333333333333336,45.666666666666664,50.0,67.0,81.0
1525,70.0,73.0,73.0,76.0,76.0,82.0,86.0,86.0,92.0,96.0,96.0,92.0,96.0,100.0,76.0,56.0,52.0,47.0,44.0,41.0,36.0,36.0,53.0,66.0
1526,81.33333333333333,81.0,81.66666666666667,83.0,80.0,81.0,79.0,78.33333333333333,77.66666666666667,78.66666666666667,76.0,71.66666666666667,70.66666666666667,69.66666666666667,73.66666666666667,77.66666666666667,76.66666666666667,72.33333333333333,72.0,68.0,70.33333333333333,69.66666666666667,67.66666666666667,76.33333333333333
1527,58.0,62.0,62.0,66.0,76.0,71.0,71.0,76.0,76.0,81.0,81.0,87.0,93.0,93.0,100.0,82.0,72.0,64.0,56.0,49.0,46.0,41.0,49.0,60.0
1528,58.0,61.333333333333336,63.0,65.33333333333333,67.0,65.0,74.0,72.33333333333333,76.0,79.0,79.0,84.33333333333333,88.66666666666667,86.0,87.33333333333333,74.0,69.0,67.0,67.33333333333333,72.0,75.33333333333333,77.0,79.0,82.66666666666667
1529,87.0,87.0,87.0,87.0,87.0,87.0,87.0,87.0,93.0,93.0,93.0,93.0,93.0,93.0,93.0,93.0,93.0,93.0,87.0,87.0,87.0,93.0,93.0,93.0
1530,83.0,86.0,97.0,89.0,93.0,93.0,89.0,93.0,92.0,93.0,76.0,89.0,89.0,92.0,83.0,71.0,57.0,52.0,48.0,48.0,43.0,42.0,46.0,60.0
1531,92.0,92.0,92.0,86.0,86.0,92.0,85.0,85.0,85.0,85.0,85.0,85.0,85.0,85.0,84.0,85.0,85.0,85.0,72.0,72.0,72.0,78.0,78.0,78.0
1532,14.333333333333334,16.333333333333332,19.333333333333332,25.666666666666668,26.0,27.333333333333332,24.666666666666668,26.666666666666668,27.666666666666668,30.0,30.0,28.666666666666668,33.666666666666664,30.666666666666668,36.0,34.333333333333336,31.0,27.666666666666668,25.666666666666668,22.333333333333332,18.333333333333332,16.0,16.0,17.333333333333332
1533,18.0,25.666666666666668,34.666666666666664,36.666666666666664,34.666666666666664,35.666666666666664,41.666666666666664,39.333333333333336,42.0,46.0,46.0,47.333333333333336,49.333333333333336,51.333333333333336,59.666666666666664,52.666666666666664,43.0,32.0,31.0,22.0,22.666666666666668,20.333333333333332,19.0,16.333333333333332
1534,46.0,32.0,40.0,53.0,59.0,65.0,70.0,72.0,73.0,76.0,78.0,85.0,96.0,96.0,92.0,96.0,92.0,92.0,91.0,91.0,88.0,88.0,92.0,88.0
1535,58.0,81.0,81.0,79.0,80.0,82.0,87.0,90.0,95.0,97.0,96.0,96.0,96.0,97.0,95.0,94.0,69.0,56.0,55.0,54.0,50.0,51.0,59.0,64.0
1536,86.33333333333333,89.66666666666667,89.33333333333333,81.0,93.0,93.0,100.0,100.0,100.0,93.0,93.0,87.0,97.33333333333333,86.33333333333333,79.33333333333333,64.66666666666667,51.0,43.666666666666664,40.333333333333336,38.333333333333336,36.666666666666664,40.333333333333336,48.0,65.33333333333333
1537,41.0,44.0,50.0,52.0,52.0,52.0,55.0,60.0,63.0,67.0,71.0,72.0,79.0,80.0,80.0,66.0,57.0,54.0,50.0,48.0,46.0,47.0,49.0,54.0
1538,84.0,78.33333333333333,76.33333333333333,75.66666666666667,80.33333333333333,87.0,91.0,80.0,79.0,79.0,79.0,79.0,74.0,73.0,70.0,68.0,65.0,68.0,68.0,64.0,67.0,66.0,78.0,82.0
1539,18.0,25.666666666666668,34.666666666666664,36.666666666666664,34.666666666666664,35.666666666666664,41.666666666666664,39.333333333333336,42.0,46.0,46.0,47.333333333333336,49.333333333333336,51.333333333333336,59.666666666666664,52.666666666666664,43.0,32.0,31.0,22.0,22.666666666666668,20.333333333333332,19.0,16.333333333333332
1540,72.0,72.0,74.66666666666667,75.33333333333333,75.33333333333333,79.0,81.0,82.0,82.0,82.0,84.0,83.33333333333333,84.66666666666667,86.66666666666667,87.66666666666667,87.0,84.33333333333333,85.33333333333333,100.0,86.33333333333333,85.0,84.66666666666667,83.66666666666667,82.33333333333333
1541,86.0,86.0,89.0,89.0,89.0,89.0,89.0,89.0,92.0,88.0,92.0,88.0,92.0,89.0,86.0,74.0,52.0,46.0,39.0,37.0,36.0,37.0,50.0,74.0
1542,38.0,41.0,47.0,47.0,61.0,61.0,50.0,57.0,61.0,70.0,81.0,75.0,81.0,81.0,70.0,50.0,25.0,19.0,17.0,15.0,15.0,15.0,16.0,24.0
1543,89.66666666666667,94.0,96.33333333333333,96.33333333333333,98.66666666666667,100.0,100.0,98.66666666666667,98.66666666666667,97.33333333333333,96.33333333333333,96.33333333333333,98.66666666666667,98.66666666666667,96.66666666666667,87.0,75.66666666666667,58.333333333333336,52.0,47.666666666666664,43.333333333333336,44.333333333333336,52.666666666666664,67.66666666666667
1544,50.0,57.0,65.0,70.0,65.0,70.0,70.0,65.0,65.0,66.0,66.0,70.0,75.0,66.0,58.0,54.0,50.0,47.0,44.0,41.0,41.0,44.0,51.0,62.0
1545,52.333333333333336,59.666666666666664,62.333333333333336,64.66666666666667,68.66666666666667,65.0,71.33333333333333,75.0,69.66666666666667,73.33333333333333,76.66666666666667,80.66666666666667,81.66666666666667,74.0,74.33333333333333,56.0,48.666666666666664,43.333333333333336,39.666666666666664,36.666666666666664,34.333333333333336,33.0,34.0,38.333333333333336
1546,75.0,75.0,87.0,87.0,87.0,87.0,93.0,87.0,87.0,95.66666666666667,95.66666666666667,95.66666666666667,95.66666666666667,95.66666666666667,97.66666666666667,87.0,81.0,81.0,70.0,75.0,70.0,75.0,70.0,81.0
1547,78.0,78.0,81.0,82.0,83.0,84.0,84.0,84.0,85.0,85.0,89.0,92.0,92.0,95.0,94.0,94.0,90.0,86.0,84.0,85.0,87.0,82.0,86.0,87.0
1548,79.0,82.0,82.0,82.0,86.0,82.0,82.0,82.0,82.0,82.0,85.0,76.0,82.0,79.0,79.0,76.0,73.0,70.0,70.0,70.0,65.0,70.0,73.0,82.0
1549,22.0,30.0,36.333333333333336,38.333333333333336,44.333333333333336,46.666666666666664,55.0,62.333333333333336,68.0,72.66666666666667,75.33333333333333,77.66666666666667,77.0,81.33333333333333,76.66666666666667,58.666666666666664,43.333333333333336,37.666666666666664,36.333333333333336,34.0,30.666666666666668,32.333333333333336,33.666666666666664,38.666666666666664
1550,91.0,94.0,95.0,97.0,98.0,99.0,100.0,100.0,100.0,100.0,100.0,100.0,100.0,100.0,84.0,75.0,56.0,50.0,45.0,40.0,40.0,41.0,56.0,74.0
1551,64.0,64.0,63.0,59.0,66.0,71.0,68.0,70.0,76.0,73.0,73.0,73.0,70.0,73.0,70.0,61.0,54.0,53.0,45.0,44.0,44.0,63.0,70.0,76.0
1552,41.0,50.0,58.0,75.0,82.0,90.0,95.0,95.0,97.0,97.0,94.0,95.0,96.0,95.0,96.0,92.0,82.0,75.0,70.0,67.0,66.0,64.0,64.0,70.0
1553,96.0,96.0,95.0,96.0,90.0,89.0,87.0,79.0,78.0,75.0,75.0,75.0,73.0,73.0,72.0,69.0,66.0,64.0,64.0,70.0,69.0,78.0,78.0,81.0
1554,82.0,87.0,93.0,93.0,93.0,100.0,100.0,93.0,100.0,100.0,100.0,100.0,100.0,100.0,93.0,76.0,55.0,45.0,40.0,40.0,34.0,39.0,42.0,67.0
1555,52.0,69.0,70.0,56.0,62.0,72.0,69.0,79.0,86.0,86.0,88.0,91.0,94.0,95.0,96.0,96.0,89.0,81.0,71.0,75.0,90.0,95.0,96.0,94.0
1556,24.0,30.0,33.0,37.0,49.0,50.0,55.0,60.0,66.0,63.0,71.0,66.0,68.0,66.0,77.0,74.0,71.0,63.0,56.0,72.0,72.0,79.0,96.0,96.0
1557,35.0,42.0,63.0,76.0,76.0,76.0,79.0,82.0,85.0,85.0,86.0,89.0,89.0,93.0,90.0,83.0,72.0,68.0,59.0,55.0,59.0,63.0,64.0,68.0
1558,82.0,88.0,77.33333333333333,88.0,89.0,92.0,92.0,92.0,96.0,88.0,88.0,92.0,92.0,92.0,92.0,63.0,58.0,56.0,54.0,52.0,52.0,54.0,60.0,68.0
1559,82.0,85.33333333333333,84.0,89.66666666666667,87.33333333333333,87.66666666666667,90.33333333333333,91.33333333333333,95.0,96.33333333333333,96.33333333333333,97.66666666666667,89.66666666666667,88.33333333333333,68.0,53.0,46.666666666666664,47.0,43.333333333333336,39.666666666666664,40.0,42.0,48.666666666666664,68.66666666666667
1560,88.0,80.0,84.0,80.0,84.0,87.0,92.0,88.0,80.0,84.0,84.0,84.0,84.0,84.0,77.0,77.0,77.0,73.0,73.0,73.0,74.0,71.0,71.0,74.0
1561,30.0,41.333333333333336,43.0,55.333333333333336,65.0,65.0,70.0,70.0,70.0,81.0,81.0,86.0,86.0,80.0,86.0,86.0,80.0,80.0,80.0,80.0,80.0,80.0,80.0,80.0
1562,77.0,90.0,93.0,96.0,93.0,97.0,96.0,96.0,96.0,100.0,96.0,96.0,96.0,92.0,89.0,74.0,47.0,44.0,41.0,36.0,37.0,43.0,45.0,51.0
1563,76.0,73.0,70.0,70.0,65.0,68.0,68.0,68.0,68.0,70.0,76.0,79.0,82.0,79.0,62.0,60.0,49.0,48.0,46.0,46.0,44.0,49.0,51.0,57.0
1564,93.0,96.33333333333333,97.33333333333333,98.66666666666667,97.33333333333333,100.0,97.33333333333333,99.0,100.0,97.33333333333333,100.0,100.0,97.0,99.0,86.33333333333333,78.0,55.0,52.0,48.0,46.0,44.0,45.0,58.0,91.0
1565,44.0,50.0,53.0,53.0,57.0,57.0,66.0,62.0,62.0,66.0,66.0,66.0,70.0,70.0,66.0,54.0,47.0,41.0,36.0,34.0,34.0,34.0,36.0,36.0
1566,79.0,79.0,81.0,80.33333333333333,80.66666666666667,78.66666666666667,79.66666666666667,83.0,83.0,79.66666666666667,82.0,81.0,82.0,80.66666666666667,82.0,79.66666666666667,78.66666666666667,78.0,78.0,77.0,75.0,72.0,74.0,77.0
1567,65.0,65.0,68.0,68.0,65.0,68.0,65.0,62.0,67.0,67.0,67.0,67.0,67.0,67.0,62.0,59.0,59.0,59.0,57.0,56.0,56.0,58.0,59.0,62.0
1568,43.0,43.0,48.0,50.0,64.0,48.0,53.0,61.0,59.0,67.0,74.0,79.0,84.0,88.0,84.0,88.0,86.0,86.0,85.0,84.0,87.0,90.0,94.0,95.0
1569,86.55555555555556,87.22222222222223,88.66666666666667,89.33333333333333,88.0,89.8888888888889,89.55555555555556,88.8888888888889,88.8888888888889,92.55555555555556,93.66666666666667,93.22222222222223,93.66666666666667,93.55555555555556,91.22222222222223,88.0,85.22222222222223,88.33333333333333,86.0,86.0,85.66666666666667,89.0,90.33333333333333,91.66666666666667
1570,63.0,75.0,81.0,84.0,87.0,86.0,90.0,90.0,90.0,93.0,90.0,87.0,83.0,90.0,81.0,78.0,78.0,72.0,65.0,60.0,53.0,68.0,65.0,68.0
1571,42.0,47.0,54.0,54.0,54.0,54.0,59.0,61.0,63.0,62.0,70.0,77.0,84.0,84.0,86.0,74.0,60.0,52.0,47.0,43.0,40.0,41.0,38.0,45.0
1572,77.0,77.0,74.0,77.0,77.0,80.0,76.0,74.0,77.0,70.0,70.0,67.0,80.0,80.0,76.0,76.0,70.0,69.0,67.0,61.0,58.0,53.0,53.0,58.0
1573,97.66666666666667,98.0,97.66666666666667,97.66666666666667,97.66666666666667,98.0,98.0,98.0,95.66666666666667,97.33333333333333,97.0,96.66666666666667,97.0,95.0,95.33333333333333,94.0,91.33333333333333,90.0,89.0,83.33333333333333,77.66666666666667,79.33333333333333,86.66666666666667,88.66666666666667
1574,14.333333333333334,17.333333333333332,21.666666666666668,20.666666666666668,21.333333333333332,22.0,23.0,24.666666666666668,26.666666666666668,27.333333333333332,25.333333333333332,29.0,29.666666666666668,29.333333333333332,30.333333333333332,31.0,25.333333333333332,20.666666666666668,20.666666666666668,17.666666666666668,13.666666666666666,15.333333333333334,14.0,13.666666666666666
1575,64.0,70.0,69.0,70.0,70.0,65.0,69.0,73.0,78.0,82.0,84.0,89.0,88.0,88.0,89.0,85.0,84.0,81.0,77.0,71.0,72.0,77.0,80.0,87.0
1576,27.0,53.0,63.0,71.0,74.0,79.0,86.0,86.0,89.0,89.0,89.0,89.0,92.0,88.0,92.0,88.0,89.0,76.0,51.0,39.0,34.0,30.0,27.0,26.0
1577,66.0,79.0,82.0,86.0,86.0,83.0,86.0,85.0,82.0,89.0,85.0,82.0,86.0,89.0,82.0,74.0,66.0,62.0,56.0,54.0,48.0,42.0,52.0,58.0
1578,82.0,82.33333333333333,85.0,85.33333333333333,84.66666666666667,82.0,82.0,83.33333333333333,82.0,82.0,82.0,82.66666666666667,84.33333333333333,84.33333333333333,80.66666666666667,77.33333333333333,76.66666666666667,75.66666666666667,74.0,72.0,70.66666666666667,70.0,75.66666666666667,78.66666666666667
1579,46.0,56.0,63.0,82.0,82.0,79.0,60.0,62.0,65.0,67.0,78.0,75.0,78.0,78.0,82.0,82.0,82.0,82.0,78.0,69.0,63.0,58.0,66.0,71.0
1580,88.0,87.0,83.0,87.0,86.0,87.0,87.0,87.0,89.0,88.0,87.0,89.0,92.0,88.0,81.0,75.0,68.0,62.0,53.0,51.0,46.0,47.0,56.0,61.0
1581,16.0,22.333333333333332,29.333333333333332,30.666666666666668,33.333333333333336,36.0,39.0,40.666666666666664,45.666666666666664,47.333333333333336,51.0,50.0,52.333333333333336,50.666666666666664,58.0,49.0,39.666666666666664,31.666666666666668,26.0,22.0,20.666666666666668,22.0,21.666666666666668,21.666666666666668
1582,78.0,77.33333333333333,78.66666666666667,79.0,79.33333333333333,80.0,78.66666666666667,80.0,78.66666666666667,79.66666666666667,79.0,79.33333333333333,78.0,77.33333333333333,77.0,75.0,72.33333333333333,71.33333333333333,71.0,69.66666666666667,70.0,71.66666666666667,73.66666666666667,75.33333333333333
1583,86.0,89.0,96.0,96.0,96.0,96.0,93.0,96.0,96.0,96.0,96.0,100.0,96.0,96.0,100.0,100.0,89.0,76.0,66.0,66.0,59.0,64.0,68.0,76.0
1584,20.0,29.0,30.0,27.0,33.0,35.0,37.0,40.0,40.0,39.0,38.0,38.0,41.0,34.0,43.0,39.0,29.0,28.0,24.0,22.0,22.0,21.0,21.0,21.0
1585,67.0,70.33333333333333,73.66666666666667,83.0,85.0,87.0,89.33333333333333,87.66666666666667,95.33333333333333,95.33333333333333,95.33333333333333,93.0,90.66666666666667,95.33333333333333,93.0,88.66666666666667,86.33333333333333,86.33333333333333,82.0,84.0,82.0,80.0,79.66666666666667,84.0
1586,92.0,95.33333333333333,96.33333333333333,97.66666666666667,90.0,90.0,93.66666666666667,90.0,90.66666666666667,95.66666666666667,95.66666666666667,93.66666666666667,90.0,91.66666666666667,74.66666666666667,66.66666666666667,59.0,55.333333333333336,51.666666666666664,48.0,48.0,51.0,73.0,89.0
1587,22.0,32.0,45.0,45.0,48.0,42.0,52.0,56.0,60.0,64.0,69.0,74.0,60.0,69.0,60.0,52.0,43.0,43.0,44.0,41.0,38.0,38.0,38.0,44.0
1588,93.0,93.0,93.0,93.0,100.0,100.0,100.0,100.0,100.0,100.0,100.0,100.0,100.0,100.0,82.0,67.0,55.0,48.0,42.0,40.0,37.0,40.0,49.0,88.0
1589,77.0,83.0,89.0,89.0,93.0,96.0,97.0,96.0,89.0,90.0,93.0,96.0,96.0,96.0,89.0,71.0,64.0,60.0,56.0,52.0,47.0,49.0,54.0,54.0
1590,67.0,70.0,67.0,67.0,72.0,72.0,70.0,72.0,72.0,72.0,73.0,73.0,75.0,70.0,62.0,55.0,51.0,53.0,52.0,53.0,51.0,53.0,55.0,57.0
1591,76.0,77.66666666666667,82.66666666666667,89.0,93.66666666666667,94.0,92.66666666666667,96.33333333333333,94.66666666666667,94.66666666666667,95.0,93.33333333333333,93.33333333333333,91.0,85.66666666666667,81.33333333333333,78.66666666666667,77.0,75.0,76.0,76.0,76.0,78.33333333333333,76.66666666666667
1592,48.0,60.0,67.0,72.0,67.0,74.0,80.0,88.0,82.0,82.0,79.0,83.0,85.0,89.0,86.0,87.0,85.0,85.0,86.0,84.0,82.0,82.0,92.0,94.0
1593,90.0,95.0,96.0,97.0,96.0,97.0,97.0,98.0,98.0,98.0,98.0,98.0,97.0,97.0,89.0,76.0,61.0,54.0,51.0,47.0,48.0,55.0,64.0,90.0
1594,44.0,44.0,58.0,59.0,71.0,70.0,76.0,79.0,74.0,82.0,90.0,93.0,97.0,93.0,93.0,82.0,77.0,72.0,64.0,52.0,46.0,49.0,46.0,49.0
1595,61.0,66.0,74.0,79.0,79.0,83.0,88.0,85.0,92.0,88.0,92.0,92.0,88.0,88.0,88.0,89.0,85.0,75.0,70.0,58.0,51.0,47.0,48.0,54.0
1596,90.0,100.0,100.0,100.0,100.0,100.0,100.0,100.0,100.0,100.0,100.0,100.0,100.0,100.0,97.0,66.0,58.0,50.0,50.0,46.0,46.0,46.0,58.0,76.0
1597,63.0,78.0,80.0,83.0,86.0,89.0,93.0,89.0,93.0,93.0,93.0,96.0,93.0,93.0,90.0,84.0,73.0,62.0,67.0,60.0,62.0,62.0,69.0,79.0
1598,30.0,46.0,48.0,45.0,55.0,57.0,57.0,61.0,65.0,60.0,68.0,75.0,78.0,82.0,82.0,78.0,77.0,76.0,78.0,81.0,81.0,85.0,85.0,88.0
1599,80.0,86.0,88.0,88.66666666666667,89.33333333333333,89.33333333333333,92.33333333333333,91.33333333333333,92.66666666666667,93.33333333333333,91.55555555555556,92.55555555555556,92.8888888888889,91.1111111111111,87.33333333333333,71.55555555555556,60.0,45.666666666666664,43.333333333333336,40.666666666666664,40.666666666666664,41.0,50.333333333333336,68.33333333333333
1600,93.0,98.0,100.0,99.0,100.0,100.0,100.0,100.0,100.0,100.0,100.0,100.0,100.0,100.0,100.0,97.0,92.0,84.0,76.0,72.0,61.0,65.0,72.0,78.0
1601,50.0,58.333333333333336,61.0,69.0,65.66666666666667,62.0,57.666666666666664,62.666666666666664,64.66666666666667,74.0,72.33333333333333,72.33333333333333,76.66666666666667,80.66666666666667,77.0,63.666666666666664,48.333333333333336,37.333333333333336,38.333333333333336,43.0,45.666666666666664,55.333333333333336,63.666666666666664,74.0
1602,61.0,61.0,61.0,61.0,64.0,61.0,64.0,64.0,64.0,61.0,63.0,68.0,77.0,71.0,69.0,69.0,67.0,69.0,67.0,64.0,64.0,69.0,74.0,77.0
1603,50.0,60.0,65.0,63.0,79.0,67.0,73.0,82.0,78.0,78.0,81.0,89.0,89.0,89.0,88.0,84.0,81.0,78.0,68.0,65.0,81.0,84.0,84.0,88.0
1604,67.33333333333333,67.0,100.0,100.0,100.0,100.0,100.0,100.0,100.0,100.0,100.0,100.0,100.0,100.0,100.0,100.0,100.0,100.0,92.0,85.0,82.0,81.0,83.0,88.0
1605,15.0,27.0,26.0,26.0,28.0,28.0,30.0,35.0,37.0,37.0,40.0,47.0,54.0,50.0,55.0,64.0,48.0,45.0,45.0,39.0,27.0,22.0,16.0,14.0
1606,63.0,63.0,70.0,75.0,73.0,77.0,83.0,83.0,88.0,84.0,90.0,89.0,88.0,77.0,70.0,62.0,58.0,55.0,51.0,51.0,51.0,56.0,56.0,57.0
1607,87.0,87.0,81.33333333333333,96.0,97.0,97.0,99.0,98.0,99.0,99.0,98.0,99.0,100.0,100.0,93.0,77.0,52.0,49.0,46.0,43.0,40.0,45.0,49.666666666666664,56.333333333333336
1608,61.0,65.0,63.0,68.0,70.0,73.0,70.0,83.0,92.0,85.0,86.0,86.0,92.0,89.0,85.0,89.0,85.0,88.0,88.0,88.0,96.0,96.0,89.0,88.0
1609,26.0,35.0,41.0,44.0,47.0,51.0,54.0,54.0,54.0,58.0,68.0,68.0,63.0,73.0,68.0,68.0,55.0,51.0,39.0,34.0,30.0,28.0,26.0,26.0
1610,65.0,65.0,68.0,67.0,64.0,67.0,67.0,67.0,67.0,70.0,73.0,70.0,70.0,68.0,65.0,60.0,48.0,44.0,46.0,48.0,47.0,50.0,52.0,55.0
1611,100.0,100.0,100.0,100.0,100.0,100.0,100.0,100.0,100.0,100.0,100.0,100.0,93.0,81.0,71.0,58.0,54.0,51.0,48.0,48.0,45.0,51.0,67.0,100.0
1612,64.0,68.0,68.0,70.0,73.0,76.0,76.0,79.0,79.0,79.0,79.0,81.0,81.0,79.0,73.0,66.0,62.0,56.0,56.0,54.0,58.0,58.0,58.0,62.0
1613,62.0,62.0,68.0,67.0,67.0,70.0,70.0,72.0,72.0,75.0,78.0,79.0,72.0,72.0,65.0,56.0,50.0,47.0,46.0,47.0,46.0,49.0,51.0,51.0
1614,85.0,86.0,89.0,87.0,89.0,89.0,90.0,90.0,88.0,89.0,90.0,88.0,89.0,88.0,80.0,58.0,48.0,45.0,43.0,41.0,41.0,41.0,65.0,81.0
1615,87.0,93.0,87.0,93.0,93.0,93.0,93.0,93.0,93.0,93.0,93.0,95.0,93.0,93.0,82.0,67.0,67.0,68.0,68.0,64.0,60.0,64.0,77.0,88.0
1616,85.0,76.0,76.0,73.0,70.0,73.0,70.0,76.0,72.0,76.0,79.0,76.0,76.0,70.0,65.0,63.0,56.0,52.0,52.0,54.0,54.0,52.0,58.0,58.0
1617,46.0,56.0,68.0,70.0,79.0,89.0,79.0,82.0,89.0,89.0,92.0,89.0,92.0,96.0,96.0,86.0,75.0,60.0,60.0,55.0,50.0,53.0,61.0,63.0
1618,71.0,72.0,71.0,71.0,71.0,71.0,68.0,68.0,68.0,71.0,70.0,70.0,74.0,68.0,65.0,68.0,65.0,59.0,60.0,52.0,48.0,44.0,43.0,49.0
1619,50.0,63.0,70.0,63.0,68.0,73.0,82.0,76.0,67.0,70.0,79.0,78.0,82.0,82.0,85.0,88.0,88.0,89.0,88.0,88.0,85.0,78.0,72.0,75.66666666666667
1620,100.0,100.0,100.0,100.0,100.0,100.0,100.0,100.0,100.0,100.0,100.0,100.0,100.0,100.0,76.0,62.0,51.0,48.0,45.0,48.0,48.0,59.0,94.0,100.0
1621,87.0,87.0,87.0,87.0,80.0,80.0,80.0,86.0,80.0,80.0,80.0,86.0,80.0,86.0,80.0,80.0,64.0,75.0,69.0,75.0,75.0,75.0,75.0,86.0
1622,87.0,91.0,95.33333333333333,97.66666666666667,97.66666666666667,97.66666666666667,95.33333333333333,100.0,100.0,100.0,100.0,97.66666666666667,95.33333333333333,97.66666666666667,95.33333333333333,91.33333333333333,78.0,67.0,59.0,52.0,46.666666666666664,44.0,47.0,54.666666666666664
1623,92.0,92.0,79.0,85.0,92.0,85.0,85.0,85.0,85.0,92.0,92.0,92.0,92.0,100.0,92.0,92.0,85.0,85.0,79.0,73.0,73.0,79.0,79.0,85.0
1624,74.33333333333333,76.0,77.33333333333333,77.33333333333333,81.66666666666667,80.33333333333333,78.33333333333333,79.33333333333333,80.66666666666667,79.33333333333333,78.66666666666667,80.0,78.66666666666667,79.0,76.66666666666667,70.33333333333333,66.66666666666667,65.0,66.33333333333333,64.33333333333333,65.66666666666667,66.33333333333333,67.33333333333333,69.66666666666667
1625,71.0,87.0,71.0,83.0,87.0,100.0,100.0,100.0,100.0,93.0,96.0,100.0,100.0,100.0,93.0,71.0,58.333333333333336,48.0,39.0,39.0,37.0,37.0,45.0,52.0
1626,80.0,79.0,79.0,68.0,73.0,73.0,73.0,73.0,68.0,73.0,79.0,68.0,73.0,68.0,73.0,79.0,73.0,68.0,62.0,53.0,54.0,49.0,45.0,53.0
1627,96.0,96.0,78.0,79.0,79.0,79.0,92.0,92.0,92.0,92.0,89.0,89.0,89.0,89.0,92.0,92.0,79.0,76.0,73.0,78.0,78.0,79.0,79.0,82.0
1628,84.0,84.0,84.33333333333333,84.0,82.66666666666667,83.33333333333333,84.33333333333333,83.33333333333333,85.0,82.33333333333333,79.66666666666667,75.0,77.0,80.33333333333333,77.0,72.66666666666667,73.33333333333333,72.66666666666667,68.33333333333333,67.0,65.0,67.0,69.33333333333333,74.66666666666667
1629,88.0,88.33333333333333,91.0,91.66666666666667,89.66666666666667,89.66666666666667,89.66666666666667,88.33333333333333,89.0,87.66666666666667,87.0,87.0,85.66666666666667,88.0,86.66666666666667,82.66666666666667,78.33333333333333,72.66666666666667,72.66666666666667,69.33333333333333,69.66666666666667,69.66666666666667,76.0,79.66666666666667
1630,86.0,92.0,95.0,98.0,100.0,100.0,100.0,100.0,100.0,100.0,100.0,100.0,100.0,100.0,100.0,100.0,100.0,90.0,62.0,54.0,52.0,50.0,48.0,63.0
1631,83.33333333333333,85.33333333333333,82.0,81.0,80.66666666666667,81.66666666666667,81.33333333333333,79.33333333333333,78.0,75.66666666666667,73.0,72.66666666666667,74.0,80.33333333333333,82.66666666666667,80.0,73.66666666666667,66.0,70.0,67.33333333333333,67.33333333333333,69.0,69.33333333333333,72.0
1632,81.0,81.0,93.0,93.0,93.0,100.0,93.0,93.0,100.0,100.0,100.0,93.0,100.0,100.0,100.0,100.0,100.0,93.0,81.0,76.0,71.0,66.0,71.0,81.0
1633,82.0,83.66666666666667,84.0,88.0,90.33333333333333,91.66666666666667,88.66666666666667,91.0,90.0,92.33333333333333,91.33333333333333,90.0,91.0,91.66666666666667,84.0,81.0,76.0,72.66666666666667,70.33333333333333,69.0,66.66666666666667,66.0,74.66666666666667,79.0
1634,88.0,91.66666666666667,94.66666666666667,93.33333333333333,92.66666666666667,94.66666666666667,94.33333333333333,95.33333333333333,97.66666666666667,95.0,94.33333333333333,94.0,95.33333333333333,95.33333333333333,95.66666666666667,92.66666666666667,90.66666666666667,93.33333333333333,90.0,89.0,92.66666666666667,90.0,92.33333333333333,89.66666666666667
1635,82.66666666666667,83.66666666666667,84.66666666666667,86.66666666666667,85.0,84.66666666666667,82.33333333333333,84.66666666666667,83.0,84.33333333333333,85.33333333333333,80.0,84.33333333333333,82.0,79.0,78.0,77.0,75.0,73.0,71.33333333333333,68.66666666666667,68.33333333333333,70.33333333333333,81.33333333333333
1636,82.0,83.0,83.0,83.33333333333333,84.0,82.0,82.66666666666667,81.0,82.66666666666667,83.0,82.66666666666667,78.66666666666667,78.33333333333333,81.66666666666667,79.33333333333333,75.0,75.0,72.0,69.0,68.0,65.0,67.0,70.33333333333333,80.33333333333333
1637,82.66666666666667,83.66666666666667,84.66666666666667,86.66666666666667,85.0,84.66666666666667,82.33333333333333,84.66666666666667,83.0,84.33333333333333,85.33333333333333,80.0,84.33333333333333,82.0,79.0,78.0,77.0,75.0,73.0,71.33333333333333,68.66666666666667,68.33333333333333,70.33333333333333,81.33333333333333
1638,14.333333333333334,21.0,25.333333333333332,24.333333333333332,27.333333333333332,30.666666666666668,35.0,33.666666666666664,36.0,37.333333333333336,39.333333333333336,45.0,46.0,46.666666666666664,46.333333333333336,42.0,30.666666666666668,26.555555555555557,19.666666666666668,17.333333333333332,15.666666666666666,13.666666666666666,13.666666666666666,14.666666666666666
1639,93.0,92.33333333333333,93.0,92.66666666666667,92.33333333333333,93.0,92.66666666666667,93.0,91.0,88.0,88.0,85.33333333333333,86.66666666666667,92.66666666666667,89.33333333333333,82.33333333333333,77.66666666666667,79.0,78.0,76.0,75.0,75.33333333333333,80.33333333333333,85.66666666666667
1640,69.0,72.0,76.0,82.0,81.0,81.0,81.0,82.0,86.0,89.0,89.0,93.0,95.0,96.0,95.0,96.0,96.0,96.0,96.0,92.0,92.0,92.0,94.0,93.0
1641,82.0,85.0,85.0,82.0,82.0,82.0,82.0,82.0,82.0,76.0,79.0,75.0,75.0,75.0,85.0,82.0,73.0,72.0,66.0,69.0,66.0,69.0,69.0,72.0
1642,42.0,57.0,59.0,62.0,67.0,78.0,84.0,95.0,96.0,98.0,96.0,97.0,96.0,96.0,95.0,94.0,91.0,91.0,91.0,88.0,89.0,89.0,89.0,89.0
1643,66.0,75.0,81.0,86.0,87.0,87.0,81.0,81.0,81.0,87.0,87.0,87.0,87.0,93.0,93.0,93.0,93.0,93.0,93.0,86.0,86.0,93.0,86.0,93.0
1644,82.0,69.0,69.0,75.0,89.0,88.0,81.0,84.0,81.0,77.0,80.0,77.0,77.0,74.0,77.0,77.0,77.0,74.0,68.0,65.0,59.0,59.0,62.0,64.0
1645,41.0,44.0,48.0,50.0,67.0,88.0,92.0,92.0,92.0,92.0,85.0,89.0,81.0,81.0,81.0,84.0,81.0,77.0,69.0,66.0,67.0,54.0,54.0,54.0
1646,100.0,100.0,100.0,93.0,93.0,93.0,100.0,100.0,100.0,100.0,100.0,100.0,100.0,100.0,100.0,100.0,100.0,93.0,93.0,93.0,87.0,87.0,93.0,93.0
1647,46.0,52.0,62.0,64.0,68.0,70.0,76.0,78.0,78.0,81.0,81.0,87.0,86.0,80.0,91.0,78.0,66.0,63.0,54.0,55.0,56.0,56.0,66.0,74.0
1648,68.0,73.0,83.0,86.0,88.0,92.0,96.0,96.0,96.0,91.0,96.0,96.0,92.0,88.0,88.0,88.0,84.0,80.0,80.0,88.0,88.0,88.0,84.0,81.0
1649,87.0,94.0,99.0,97.0,99.0,99.0,94.0,91.0,97.0,100.0,100.0,100.0,100.0,100.0,100.0,96.0,85.0,70.0,60.0,55.0,50.0,49.0,55.0,60.0
1650,75.0,78.0,78.0,78.0,92.0,93.0,96.0,96.0,95.0,95.0,96.0,95.0,95.0,92.0,89.0,87.0,82.0,77.0,77.0,76.0,76.0,77.0,78.0,80.0
1651,13.0,15.0,19.0,14.0,18.0,18.0,20.0,23.0,28.0,26.0,26.0,26.0,27.0,27.0,27.0,35.333333333333336,24.333333333333332,26.0,18.0,16.333333333333332,14.0,16.0,13.666666666666666,13.0
1652,76.0,76.0,78.0,79.0,82.0,82.0,81.0,80.0,84.0,85.0,89.0,90.0,91.0,90.0,93.0,93.0,92.0,92.0,92.0,92.0,91.0,90.0,90.0,89.0
1653,81.0,81.0,84.0,83.0,83.0,83.0,94.0,96.0,99.0,99.0,99.0,99.0,97.0,96.0,96.0,93.0,88.0,86.0,81.0,81.0,78.0,76.0,79.0,80.0
1654,79.0,79.33333333333333,80.66666666666667,80.33333333333333,83.33333333333333,90.33333333333333,89.66666666666667,93.0,93.33333333333333,93.66666666666667,95.66666666666667,95.66666666666667,95.33333333333333,97.66666666666667,85.0,69.33333333333333,57.666666666666664,52.0,48.666666666666664,44.333333333333336,43.333333333333336,47.0,62.666666666666664,83.33333333333333
1655,82.0,88.0,82.0,79.0,76.0,72.0,72.0,72.0,76.0,76.0,82.0,88.0,92.0,82.0,76.0,67.0,60.0,60.0,56.0,51.0,51.0,53.0,57.0,59.0
1656,89.0,91.0,92.0,93.0,94.0,96.0,96.0,96.0,96.0,98.0,93.0,95.33333333333333,100.0,93.0,96.0,94.0,92.0,95.0,95.0,92.0,91.0,90.0,90.0,92.0
1657,67.66666666666667,75.0,83.33333333333333,90.66666666666667,93.0,94.0,95.0,95.0,99.0,97.33333333333333,95.33333333333333,94.0,93.33333333333333,96.33333333333333,92.0,88.66666666666667,78.33333333333333,67.0,64.66666666666667,63.333333333333336,62.0,69.0,70.0,74.0
1658,83.0,85.0,85.0,86.0,86.0,86.0,89.0,90.0,88.0,94.0,95.0,96.0,95.0,93.0,91.0,88.0,86.0,81.0,81.0,89.0,91.0,94.0,94.0,93.0
1659,70.0,75.0,81.0,75.0,75.0,80.0,87.0,87.0,100.0,93.0,100.0,93.0,93.0,100.0,100.0,100.0,93.0,93.0,86.0,93.0,86.0,86.0,80.0,80.0
1660,88.0,87.0,82.0,80.0,77.0,75.0,76.0,74.0,72.0,71.0,77.0,78.0,81.0,85.0,76.0,68.0,64.0,61.0,61.0,56.0,66.0,66.0,74.0,78.0
1661,46.0,54.0,58.0,63.0,58.0,65.0,68.0,71.0,80.0,86.0,93.0,93.0,96.0,96.0,97.0,93.0,81.0,65.0,57.0,49.0,49.0,53.0,51.0,59.0
1662,53.0,38.0,44.0,49.0,55.0,60.0,62.0,65.0,72.0,72.0,78.0,78.0,81.0,81.0,81.0,81.0,81.0,81.0,78.0,78.0,74.0,78.0,78.0,78.0
1663,52.666666666666664,56.0,58.666666666666664,61.0,68.0,73.66666666666667,81.33333333333333,83.33333333333333,88.77777777777777,84.0,81.0,79.0,78.33333333333333,77.33333333333333,71.0,66.0,61.0,58.0,53.666666666666664,46.333333333333336,47.0,46.666666666666664,46.666666666666664,50.333333333333336
1664,78.66666666666667,80.33333333333333,79.66666666666667,83.66666666666667,80.33333333333333,82.33333333333333,87.0,86.33333333333333,89.66666666666667,89.66666666666667,88.66666666666667,90.33333333333333,88.66666666666667,90.0,86.33333333333333,82.33333333333333,79.0,77.66666666666667,75.0,70.66666666666667,65.66666666666667,66.33333333333333,72.66666666666667,78.0
1665,66.0,66.0,66.0,66.0,68.0,68.0,68.0,72.0,72.0,72.0,74.0,77.0,78.0,78.0,74.0,72.0,55.0,55.0,55.0,57.0,55.0,48.0,54.0,65.0
1666,84.33333333333333,88.66666666666667,93.0,94.33333333333333,96.33333333333333,97.66666666666667,97.33333333333333,96.33333333333333,97.33333333333333,97.33333333333333,95.0,96.33333333333333,97.33333333333333,95.33333333333333,73.0,59.0,59.333333333333336,56.0,49.333333333333336,41.0,39.666666666666664,39.666666666666664,47.0,67.33333333333333
1667,50.0,56.0,57.0,59.0,63.0,63.0,64.0,73.0,81.0,85.0,94.0,98.0,100.0,100.0,100.0,92.0,84.0,76.0,68.0,62.0,57.0,57.0,59.0,61.0
1668,22.0,30.0,33.0,34.0,39.0,55.0,62.0,72.0,70.0,75.0,79.0,79.0,85.0,89.0,85.0,68.0,44.0,22.0,20.0,18.0,15.0,18.0,22.0,26.0
1669,87.0,100.0,100.0,100.0,100.0,100.0,100.0,100.0,93.0,93.0,93.0,93.0,93.0,93.0,93.0,87.0,81.0,87.0,76.0,76.0,71.0,71.0,76.0,87.0
1670,70.0,73.0,79.0,78.0,78.0,78.0,78.0,85.0,88.0,88.0,92.0,92.0,92.0,88.0,92.0,92.0,88.0,88.0,88.0,82.0,85.0,85.0,82.0,76.0
1671,91.0,99.0,100.0,100.0,100.0,100.0,100.0,100.0,100.0,100.0,100.0,100.0,100.0,100.0,94.0,68.0,54.0,46.0,37.0,35.0,34.0,36.0,42.0,81.0
1672,12.0,15.0,18.0,40.0,34.0,45.0,40.0,41.0,46.0,41.0,42.0,44.0,44.0,46.0,51.0,58.0,46.0,42.0,35.0,25.0,22.0,20.0,20.0,18.0
1673,82.0,82.0,92.0,92.0,85.0,85.0,89.0,89.0,92.0,89.0,89.0,92.0,96.0,96.0,92.0,92.0,89.0,92.0,92.0,92.0,92.0,88.0,92.0,88.0
1674,76.66666666666667,77.33333333333333,78.66666666666667,80.0,81.0,82.66666666666667,82.0,79.66666666666667,80.66666666666667,82.0,85.33333333333333,89.66666666666667,92.33333333333333,94.33333333333333,86.0,90.66666666666667,91.66666666666667,88.0,85.66666666666667,85.0,83.66666666666667,82.0,81.0,85.33333333333333
1675,64.0,72.0,76.33333333333333,83.0,86.0,93.0,93.0,93.0,80.0,80.0,77.0,80.0,74.0,72.0,69.0,65.0,59.0,57.0,51.0,52.0,48.0,46.0,53.0,68.0
1676,100.0,93.0,100.0,98.0,98.0,98.0,93.0,97.0,98.0,98.0,99.0,100.0,93.0,100.0,81.0,62.0,50.0,44.0,41.0,41.0,41.0,48.0,66.0,93.0
1677,60.0,55.0,67.0,67.0,73.0,73.66666666666667,82.0,83.0,82.0,83.0,83.0,83.0,82.0,82.0,82.0,82.0,83.0,52.0,56.0,62.0,46.0,43.0,48.0,57.0
1678,66.0,69.0,66.0,66.0,69.0,66.0,66.0,66.0,60.0,66.0,66.0,63.0,65.0,65.0,60.0,63.0,60.0,58.0,55.0,50.0,46.0,46.0,50.0,52.0
1679,78.0,78.0,88.0,92.0,100.0,96.0,96.0,88.0,85.0,82.0,82.0,82.0,79.0,79.0,79.0,82.0,82.0,82.0,96.0,88.0,85.0,85.0,82.0,82.0
1680,65.0,73.0,75.0,60.0,57.0,62.0,70.0,79.0,79.0,82.0,85.0,85.0,85.0,88.0,92.0,96.0,96.0,91.0,91.0,91.0,91.0,92.0,96.0,92.0
1681,11.666666666666666,17.333333333333332,24.333333333333332,30.0,29.333333333333332,37.0,32.0,37.333333333333336,31.0,31.0,38.0,35.0,43.333333333333336,43.0,48.0,45.333333333333336,32.666666666666664,27.666666666666668,24.0,24.0,17.333333333333332,17.0,15.0,15.0
1682,71.0,71.0,74.0,74.0,74.0,74.0,74.0,74.0,74.0,78.0,78.0,81.0,74.0,78.0,88.0,77.0,71.0,74.0,70.0,65.0,62.0,52.0,59.0,61.0
1683,92.0,88.0,92.0,96.0,96.0,96.0,96.0,96.0,100.0,96.0,96.0,96.0,100.0,96.0,82.0,82.0,76.0,68.0,62.0,53.0,53.0,89.0,89.0,96.0
1684,64.33333333333333,70.66666666666667,71.33333333333333,74.66666666666667,76.66666666666667,85.66666666666667,88.0,90.0,88.66666666666667,92.33333333333333,95.33333333333333,94.33333333333333,95.0,96.66666666666667,91.33333333333333,87.0,72.0,57.333333333333336,52.666666666666664,50.333333333333336,50.666666666666664,51.666666666666664,52.333333333333336,57.333333333333336
1685,87.0,100.0,100.0,93.0,93.0,93.0,93.0,100.0,100.0,100.0,93.0,100.0,100.0,100.0,76.0,66.0,62.0,54.0,50.0,54.0,50.0,54.0,81.0,93.0
1686,78.0,82.0,91.0,100.0,100.0,100.0,100.0,100.0,100.0,100.0,100.0,100.0,100.0,100.0,100.0,81.0,63.0,53.0,44.0,49.0,50.0,52.0,48.0,53.0
1687,9.0,10.666666666666666,12.0,13.666666666666666,15.666666666666666,16.333333333333332,17.666666666666668,19.0,20.666666666666668,21.666666666666668,22.333333333333332,23.666666666666668,23.333333333333332,23.666666666666668,24.666666666666668,25.0,21.666666666666668,19.333333333333332,17.333333333333332,15.0,12.666666666666666,11.0,10.0,10.0
1688,14.0,20.0,68.0,82.0,88.0,76.0,81.0,81.0,81.0,81.0,87.0,75.0,87.0,93.0,87.0,87.0,61.0,58.0,47.0,45.0,38.0,43.0,38.0,38.0
1689,92.0,96.0,96.0,92.0,92.0,89.0,92.0,92.0,70.0,78.0,85.0,75.0,82.0,57.0,55.0,55.0,49.0,53.0,49.0,49.0,53.0,48.0,48.0,59.0
1690,22.333333333333332,29.666666666666668,32.333333333333336,36.0,35.0,35.666666666666664,42.666666666666664,36.333333333333336,39.333333333333336,47.333333333333336,44.0,38.666666666666664,38.666666666666664,46.666666666666664,39.666666666666664,48.333333333333336,49.666666666666664,37.666666666666664,21.0,27.0,25.333333333333332,22.333333333333332,21.333333333333332,23.0
1691,82.0,93.0,97.0,98.0,95.0,98.0,98.0,99.0,100.0,100.0,100.0,100.0,100.0,100.0,100.0,99.0,82.0,72.0,62.0,58.0,56.0,54.0,60.0,66.0
1692,93.0,93.0,100.0,100.0,100.0,100.0,100.0,100.0,100.0,100.0,100.0,100.0,100.0,100.0,100.0,100.0,100.0,100.0,76.0,66.0,58.0,58.0,62.0,81.0
1693,73.0,79.0,93.0,100.0,100.0,100.0,100.0,100.0,100.0,96.0,100.0,100.0,100.0,96.0,100.0,93.0,74.0,64.0,62.0,60.0,50.0,47.0,52.0,57.0
1694,42.0,58.0,48.0,51.0,62.0,54.0,62.0,87.0,66.0,71.0,76.0,82.0,93.0,100.0,93.0,82.0,72.0,63.0,52.0,43.0,43.0,43.0,43.0,52.0
1695,85.33333333333333,87.66666666666667,85.33333333333333,82.66666666666667,84.0,85.33333333333333,86.66666666666667,83.66666666666667,84.33333333333333,82.66666666666667,85.0,82.66666666666667,82.33333333333333,82.66666666666667,83.33333333333333,82.33333333333333,80.0,76.66666666666667,73.66666666666667,71.66666666666667,67.0,65.33333333333333,64.66666666666667,68.66666666666667
1696,68.0,82.0,85.0,88.0,88.0,92.0,96.0,92.0,92.0,92.0,96.0,92.0,96.0,92.0,92.0,92.0,82.0,66.0,56.0,57.0,61.0,68.0,73.0,76.0
1697,40.0,47.0,47.0,50.0,55.0,57.0,60.0,62.0,55.0,57.0,59.0,70.0,82.0,89.0,92.0,92.0,89.0,73.0,57.0,55.0,49.0,47.0,44.0,47.0
1698,87.0,87.0,87.0,87.0,93.0,87.0,93.0,92.0,93.0,93.0,95.0,92.0,92.0,92.33333333333333,82.0,67.0,54.666666666666664,45.0,40.0,33.0,39.666666666666664,33.0,55.0,72.0
1699,100.0,100.0,100.0,100.0,94.33333333333333,100.0,100.0,100.0,100.0,100.0,100.0,100.0,94.66666666666667,100.0,100.0,93.0,72.0,48.0,43.0,40.0,40.0,43.0,63.0,88.0
1700,79.0,80.0,83.0,85.0,82.0,83.0,87.0,90.0,90.0,90.0,91.0,91.0,93.0,93.0,90.0,84.0,75.0,67.0,58.0,53.0,47.0,47.0,52.0,56.0
1701,87.0,87.0,87.0,87.0,93.0,100.0,81.0,93.0,93.0,100.0,93.0,93.0,93.0,93.0,93.0,76.0,58.0,58.0,54.0,51.0,54.0,54.0,71.0,81.0
1702,48.0,55.666666666666664,61.333333333333336,67.33333333333333,75.0,78.33333333333333,82.33333333333333,84.0,79.33333333333333,77.66666666666667,80.0,81.66666666666667,86.33333333333333,88.0,85.66666666666667,85.33333333333333,82.66666666666667,85.33333333333333,85.66666666666667,79.66666666666667,80.33333333333333,80.33333333333333,88.0,90.33333333333333
1703,96.0,100.0,96.0,96.0,96.0,96.0,96.0,96.0,96.0,96.0,96.0,96.0,96.0,92.0,92.0,92.0,92.0,92.0,92.0,92.0,88.0,92.0,89.0,92.0
1704,79.0,90.0,97.0,99.0,100.0,100.0,100.0,100.0,100.0,100.0,100.0,100.0,100.0,100.0,86.0,68.0,54.0,41.0,41.0,36.0,44.0,47.0,54.0,76.0
1705,79.0,79.0,79.0,79.0,79.0,79.0,85.0,85.0,85.0,78.0,78.0,78.0,78.0,78.0,78.0,78.0,78.0,72.0,72.0,66.0,61.0,66.0,72.0,72.0
1706,52.0,63.0,50.0,56.0,52.0,54.0,63.0,61.0,63.0,61.0,61.0,63.0,61.0,63.0,66.0,54.0,47.0,41.0,41.0,40.0,34.0,38.0,43.0,51.0
1707,74.0,74.0,68.0,68.0,73.0,68.0,68.0,68.0,68.0,68.0,68.0,68.0,68.0,68.0,68.0,68.0,62.0,54.0,54.0,54.0,46.0,50.0,54.0,62.0
1708,80.0,83.0,80.0,76.0,70.0,73.0,87.0,87.0,87.0,88.0,88.0,87.0,87.0,87.0,86.0,83.0,79.0,76.0,76.0,77.0,77.0,74.0,73.0,76.0
1709,90.66666666666667,95.33333333333333,100.0,96.33333333333333,100.0,97.33333333333333,97.0,97.33333333333333,97.66666666666667,97.66666666666667,97.33333333333333,97.33333333333333,97.66666666666667,97.33333333333333,84.66666666666667,65.33333333333333,56.333333333333336,50.666666666666664,48.666666666666664,46.666666666666664,47.0,47.0,66.0,83.33333333333333
1710,76.0,81.0,87.0,87.0,93.0,92.33333333333333,94.66666666666667,95.0,92.33333333333333,94.0,97.0,95.66666666666667,93.0,93.0,93.0,71.0,58.0,51.0,44.0,42.0,39.0,39.0,51.0,71.0
1711,67.0,70.0,70.0,70.0,73.0,73.0,73.0,76.0,76.0,76.0,76.0,76.0,76.0,73.0,68.0,58.0,56.0,52.0,54.0,54.0,54.0,58.0,63.0,60.0
1712,51.0,56.0,57.0,65.0,69.0,72.0,76.0,77.0,80.0,80.0,82.0,85.0,89.0,91.0,92.0,86.0,78.0,70.0,62.0,58.0,48.0,49.0,50.0,54.0
1713,88.0,88.0,92.0,88.0,88.0,92.0,92.0,92.0,89.0,89.0,89.0,89.0,89.0,89.0,89.0,88.0,85.0,85.0,85.0,79.0,85.0,88.0,85.0,85.0
1714,44.333333333333336,57.666666666666664,59.666666666666664,64.66666666666667,69.33333333333333,71.0,66.33333333333333,72.0,62.666666666666664,70.66666666666667,85.0,89.33333333333333,89.0,83.66666666666667,81.33333333333333,71.0,55.0,45.0,35.0,27.0,27.0,27.0,28.0,30.0
1715,72.0,74.66666666666667,78.0,80.66666666666667,79.33333333333333,82.0,84.66666666666667,82.33333333333333,84.33333333333333,85.66666666666667,88.66666666666667,90.0,93.33333333333333,91.0,90.66666666666667,92.0,91.0,89.66666666666667,82.66666666666667,75.0,72.33333333333333,69.33333333333333,67.33333333333333,68.33333333333333
1716,77.66666666666667,78.66666666666667,79.0,93.0,93.0,93.0,93.0,100.0,100.0,100.0,100.0,100.0,94.0,94.0,92.33333333333333,88.66666666666667,84.66666666666667,82.0,78.66666666666667,76.66666666666667,73.0,72.0,72.66666666666667,73.0
1717,93.0,100.0,100.0,100.0,100.0,100.0,100.0,100.0,100.0,100.0,100.0,100.0,100.0,100.0,100.0,87.0,72.0,59.0,45.0,40.0,40.0,40.0,45.0,63.0
1718,82.0,84.66666666666667,85.66666666666667,87.0,84.66666666666667,86.66666666666667,91.33333333333333,90.66666666666667,94.33333333333333,94.33333333333333,94.33333333333333,94.33333333333333,93.0,94.33333333333333,92.66666666666667,90.66666666666667,94.33333333333333,94.0,89.66666666666667,82.33333333333333,79.66666666666667,79.0,79.0,80.66666666666667
1719,56.0,63.0,72.0,74.0,72.0,68.0,70.0,72.0,71.0,73.0,70.0,73.0,71.0,73.0,79.0,72.0,63.0,79.0,76.0,79.0,83.0,84.0,89.0,92.0
1720,81.0,81.0,93.0,93.0,100.0,100.0,100.0,100.0,93.0,100.0,100.0,100.0,100.0,100.0,100.0,93.0,100.0,93.0,62.0,52.0,48.0,45.0,42.0,48.0
1721,52.0,55.0,57.0,60.0,66.0,67.0,68.0,74.0,78.0,85.0,87.0,99.0,100.0,100.0,100.0,98.0,83.0,72.0,66.0,53.0,57.0,58.0,58.0,62.0
1722,89.0,85.0,85.0,85.0,85.0,85.0,85.0,88.0,79.0,75.0,79.0,78.0,81.0,85.0,85.0,82.0,82.0,85.0,88.0,85.0,82.0,85.0,82.0,82.0
1723,89.0,92.66666666666667,96.33333333333333,96.33333333333333,92.66666666666667,93.0,92.66666666666667,90.33333333333333,89.33333333333333,85.33333333333333,88.0,84.66666666666667,80.0,81.0,80.66666666666667,79.33333333333333,78.0,71.66666666666667,79.33333333333333,81.33333333333333,81.33333333333333,79.33333333333333,83.33333333333333,79.33333333333333
1724,97.0,100.0,99.0,100.0,100.0,100.0,100.0,100.0,100.0,100.0,100.0,100.0,100.0,100.0,92.0,74.0,61.0,53.0,48.0,47.0,48.0,46.0,68.0,86.0
1725,87.0,80.0,87.0,87.0,87.0,87.0,87.0,87.0,87.0,87.0,93.0,93.0,93.0,100.0,93.0,93.0,87.0,87.0,87.0,87.0,87.0,87.0,87.0,93.0
1726,70.0,70.0,70.0,70.0,70.0,75.0,75.0,70.0,75.0,75.0,75.0,75.0,75.0,75.0,76.0,70.0,70.0,66.0,66.0,62.0,62.0,61.0,66.0,66.0
1727,61.0,65.0,70.0,70.0,70.0,70.0,81.0,86.0,86.0,86.0,93.0,93.0,93.0,93.0,93.0,93.0,80.0,80.0,74.0,74.0,86.0,86.0,86.0,93.0
1728,93.0,93.0,100.0,93.0,93.0,93.0,100.0,93.0,100.0,100.0,100.0,100.0,93.0,93.0,82.0,63.0,68.0,63.0,64.0,64.0,68.0,68.0,77.0,82.0
1729,81.33333333333333,84.33333333333333,86.33333333333333,91.0,90.33333333333333,92.33333333333333,94.33333333333333,93.0,96.33333333333333,96.33333333333333,94.33333333333333,91.0,95.0,92.33333333333333,89.0,81.66666666666667,66.66666666666667,53.666666666666664,44.333333333333336,37.666666666666664,36.0,38.333333333333336,52.0,68.66666666666667
1730,85.0,85.0,86.66666666666667,89.33333333333333,86.0,87.33333333333333,85.0,88.0,87.33333333333333,87.0,86.66666666666667,84.66666666666667,86.0,86.33333333333333,81.33333333333333,81.66666666666667,80.0,79.33333333333333,76.66666666666667,73.66666666666667,72.33333333333333,70.66666666666667,72.33333333333333,82.33333333333333
1731,56.666666666666664,67.33333333333333,69.33333333333333,62.333333333333336,71.33333333333333,71.66666666666667,73.66666666666667,83.33333333333333,81.0,81.0,85.0,88.33333333333333,90.33333333333333,89.66666666666667,92.0,90.66666666666667,87.33333333333333,83.66666666666667,77.0,77.33333333333333,86.33333333333333,88.0,87.0,85.66666666666667
1732,63.333333333333336,73.66666666666667,73.66666666666667,75.0,76.33333333333333,69.33333333333333,70.0,73.0,74.66666666666667,78.0,84.33333333333333,83.66666666666667,88.33333333333333,90.33333333333333,95.0,81.66666666666667,67.0,59.333333333333336,53.0,49.333333333333336,46.0,54.333333333333336,59.0,70.0
1733,92.33333333333333,93.33333333333333,93.0,93.33333333333333,94.0,93.66666666666667,92.0,90.0,86.33333333333333,85.0,85.0,84.33333333333333,82.0,77.66666666666667,79.0,76.66666666666667,73.0,79.0,80.66666666666667,76.0,72.33333333333333,71.33333333333333,78.66666666666667,80.33333333333333
1734,35.333333333333336,53.333333333333336,61.0,75.66666666666667,80.0,85.66666666666667,87.66666666666667,95.0,97.33333333333333,96.66666666666667,96.0,96.33333333333333,96.66666666666667,96.33333333333333,98.33333333333333,95.0,92.66666666666667,92.66666666666667,94.33333333333333,91.0,89.33333333333333,91.0,90.33333333333333,89.0
1735,21.333333333333332,34.0,37.666666666666664,42.666666666666664,44.333333333333336,51.666666666666664,53.666666666666664,54.666666666666664,54.666666666666664,61.0,60.666666666666664,64.66666666666667,64.66666666666667,68.66666666666667,69.66666666666667,66.66666666666667,46.666666666666664,28.666666666666668,22.666666666666668,20.0,18.666666666666668,18.333333333333332,18.0,20.666666666666668
1736,85.66666666666667,89.0,93.33333333333333,94.66666666666667,96.0,97.33333333333333,93.66666666666667,97.33333333333333,97.33333333333333,97.33333333333333,97.33333333333333,98.66666666666667,97.33333333333333,97.33333333333333,98.66666666666667,95.33333333333333,87.33333333333333,76.33333333333333,69.0,64.66666666666667,60.0,61.666666666666664,67.0,70.33333333333333
1737,15.0,23.0,32.666666666666664,34.333333333333336,36.0,40.0,38.0,37.666666666666664,45.333333333333336,43.0,48.333333333333336,47.666666666666664,51.666666666666664,50.0,57.333333333333336,52.666666666666664,38.333333333333336,30.0,29.0,27.666666666666668,23.333333333333332,20.666666666666668,20.333333333333332,19.666666666666668
1738,52.0,75.0,84.8888888888889,85.77777777777777,86.44444444444444,87.8888888888889,91.1111111111111,80.66666666666667,78.33333333333333,77.0,77.55555555555556,78.1111111111111,75.55555555555556,75.77777777777777,76.0,78.33333333333333,64.22222222222221,47.77777777777778,33.22222222222222,28.444444444444443,33.44444444444445,34.111111111111114,47.0,52.77777777777778
1739,19.0,26.0,30.0,37.0,40.0,40.0,37.0,36.0,39.0,39.0,50.0,46.0,49.0,54.0,53.0,54.0,43.0,30.0,20.0,11.0,13.0,16.0,16.0,22.0
1740,61.666666666666664,73.66666666666667,85.66666666666667,87.66666666666667,83.66666666666667,83.0,84.66666666666667,86.66666666666667,96.0,91.33333333333333,90.33333333333333,89.33333333333333,94.33333333333333,97.66666666666667,96.0,98.33333333333333,98.66666666666667,87.66666666666667,72.0,59.666666666666664,64.0,67.0,65.66666666666667,67.33333333333333
1741,50.0,64.0,70.0,88.0,89.0,85.0,70.0,65.0,67.0,70.0,75.0,85.0,85.0,85.0,82.0,75.0,82.0,75.0,78.0,78.0,78.0,78.0,75.0,78.0
1742,85.0,82.0,85.0,82.0,82.0,85.0,85.0,85.0,85.0,88.0,88.0,88.0,88.0,88.0,88.0,85.0,82.0,82.0,79.0,79.0,79.0,82.0,82.0,82.0
1743,67.0,72.0,72.0,76.0,86.33333333333333,87.0,87.0,93.0,100.0,93.0,95.0,90.66666666666667,87.0,83.0,73.44444444444444,68.0,64.0,56.0,53.0,44.0,38.0,38.0,43.0,60.0
1744,35.0,38.0,34.0,37.0,40.0,37.0,38.0,39.0,31.0,30.0,34.0,43.0,41.0,41.0,34.0,53.0,44.0,48.0,39.0,36.0,32.0,32.0,30.0,25.0
1745,100.0,100.0,97.33333333333333,100.0,100.0,100.0,100.0,100.0,100.0,100.0,100.0,100.0,100.0,100.0,100.0,93.0,93.0,87.0,81.0,81.0,81.0,81.0,81.0,87.0
1746,48.0,54.0,56.0,60.0,65.0,75.0,78.0,85.0,85.0,85.0,85.0,79.0,82.0,85.0,85.0,82.0,85.0,85.0,85.0,85.0,85.0,85.0,89.0,88.0
1747,57.0,61.0,61.0,61.0,65.0,65.0,65.0,65.0,70.0,75.0,75.0,75.0,76.0,76.0,62.0,47.0,41.0,39.0,34.0,32.0,30.0,28.0,36.0,54.0
1748,47.666666666666664,58.666666666666664,59.0,65.0,64.66666666666667,69.66666666666667,70.0,75.33333333333333,76.33333333333333,74.33333333333333,77.66666666666667,80.33333333333333,86.33333333333333,88.66666666666667,87.66666666666667,80.33333333333333,72.66666666666667,61.0,55.333333333333336,47.666666666666664,43.666666666666664,39.0,42.666666666666664,50.0
1749,85.0,89.0,93.0,92.0,89.0,92.0,92.0,92.0,92.0,92.0,92.0,88.0,92.0,89.0,73.0,61.0,52.0,47.0,46.0,44.0,42.0,42.0,49.0,77.0
1750,67.0,80.0,83.0,89.0,93.0,97.0,96.0,100.0,100.0,100.0,96.0,100.0,100.0,100.0,97.0,90.0,81.0,57.0,51.0,50.0,53.0,51.0,57.0,66.0
1751,66.0,65.0,64.0,78.0,85.0,84.0,85.0,85.0,84.0,85.0,85.0,85.0,85.0,80.0,77.0,79.0,77.0,70.0,67.0,64.0,58.0,54.0,53.0,55.0
1752,89.0,92.0,88.0,92.0,85.0,78.0,75.0,87.66666666666667,76.0,89.33333333333333,76.0,73.0,76.0,79.0,79.0,67.0,62.0,55.0,57.0,51.0,53.0,50.0,53.0,55.0
1753,89.0,91.0,90.0,92.0,92.0,91.0,92.0,91.0,92.0,92.0,88.0,90.0,90.0,92.0,88.0,83.0,75.0,72.0,70.0,68.0,69.0,69.0,74.0,76.0
1754,89.66666666666667,93.0,94.33333333333333,96.33333333333333,96.66666666666667,97.66666666666667,94.0,95.0,94.0,97.33333333333333,96.33333333333333,95.0,97.33333333333333,93.33333333333333,82.33333333333333,53.333333333333336,49.333333333333336,50.666666666666664,46.333333333333336,41.0,37.666666666666664,38.0,46.666666666666664,73.0
1755,64.0,68.0,69.0,70.0,72.0,72.0,75.0,77.0,72.0,73.0,72.0,72.0,72.0,71.0,67.0,60.0,57.0,56.0,53.0,52.0,54.0,56.0,57.0,59.0
1756,69.0,69.0,70.0,67.0,65.0,72.0,68.0,68.0,65.0,64.0,67.0,69.0,65.0,66.0,64.0,62.0,58.0,60.0,71.0,73.0,71.0,77.0,78.0,78.0
1757,60.0,70.33333333333333,57.666666666666664,61.0,61.0,61.333333333333336,67.0,80.66666666666667,86.66666666666667,85.66666666666667,84.33333333333333,83.66666666666667,77.0,78.0,73.33333333333333,63.666666666666664,66.0,64.66666666666667,62.333333333333336,63.0,64.66666666666667,73.0,69.66666666666667,83.0
1758,72.0,77.0,89.0,93.0,89.0,83.0,86.0,86.0,83.0,86.0,86.0,83.0,80.0,74.0,64.0,60.0,58.0,55.0,53.0,51.0,48.0,46.0,49.0,65.0
1759,87.0,84.0,85.33333333333333,82.66666666666667,86.33333333333333,86.66666666666667,87.33333333333333,84.0,80.0,84.66666666666667,82.66666666666667,82.66666666666667,83.33333333333333,84.66666666666667,82.33333333333333,81.0,79.0,76.33333333333333,75.0,75.0,72.66666666666667,70.66666666666667,69.33333333333333,73.33333333333333
1760,85.0,88.0,88.0,96.0,92.0,92.0,96.0,96.0,92.0,96.0,96.0,96.0,96.0,96.0,92.0,85.0,62.0,55.0,53.0,51.0,51.0,55.0,53.0,53.0
1761,77.0,89.0,86.0,86.0,93.0,86.0,92.0,92.0,96.0,93.0,93.0,96.0,93.0,100.0,97.0,89.0,83.0,67.0,63.0,55.0,47.0,45.0,57.0,63.0
1762,64.0,66.0,74.0,80.0,83.0,93.0,93.0,97.0,96.0,96.0,96.0,97.0,100.0,96.0,93.0,83.0,64.0,50.0,48.0,47.0,44.0,40.0,42.0,48.0
1763,98.0,98.0,99.0,98.0,99.0,99.0,98.0,97.0,99.0,98.0,99.0,97.0,100.0,98.0,99.0,69.0,58.0,52.0,47.0,48.0,49.0,48.0,77.0,98.0
1764,75.66666666666667,79.33333333333333,82.66666666666667,84.0,84.66666666666667,88.0,87.33333333333333,86.66666666666667,84.0,88.0,89.0,88.33333333333333,90.0,88.66666666666667,90.0,89.33333333333333,88.33333333333333,86.33333333333333,77.66666666666667,66.0,62.0,58.333333333333336,57.666666666666664,58.0
1765,24.333333333333332,15.666666666666666,19.666666666666668,46.333333333333336,26.666666666666668,30.333333333333332,29.0,29.333333333333332,33.333333333333336,34.666666666666664,36.0,38.0,39.0,47.333333333333336,49.333333333333336,59.666666666666664,41.0,39.666666666666664,36.333333333333336,25.666666666666668,19.333333333333332,25.666666666666668,17.333333333333332,18.0
1766,42.0,50.0,54.0,61.0,61.0,66.0,69.0,59.0,72.0,64.0,62.0,78.0,88.0,96.0,96.0,96.0,92.0,96.0,96.0,85.0,82.0,76.0,70.0,67.0
1767,42.0,57.0,74.0,77.0,67.0,70.0,78.0,82.0,84.0,88.0,88.0,89.0,91.0,93.0,93.0,86.0,77.0,63.0,54.0,51.0,48.0,47.0,49.0,53.0
1768,29.0,41.0,53.0,70.0,80.0,80.0,80.0,86.0,86.0,86.0,80.0,80.0,80.0,86.0,86.0,80.0,93.0,61.0,46.0,36.0,34.0,29.0,30.0,29.0
1769,89.0,92.0,92.0,92.0,92.0,96.0,89.0,92.0,89.0,89.0,89.0,89.0,92.0,89.0,89.0,82.0,76.0,76.0,73.0,73.0,73.0,70.0,83.0,86.0
1770,100.0,100.0,100.0,100.0,100.0,100.0,100.0,93.0,87.0,87.0,100.0,100.0,100.0,100.0,87.0,76.0,58.0,58.0,54.0,50.0,51.0,62.0,87.0,100.0
1771,79.0,78.0,67.0,64.0,56.0,64.0,69.0,75.0,85.0,82.0,85.0,92.0,96.0,100.0,96.0,96.0,100.0,100.0,100.0,100.0,100.0,100.0,96.0,96.0
1772,100.0,100.0,100.0,80.0,93.0,86.0,74.0,80.0,86.0,79.0,79.0,73.0,79.0,73.0,68.0,73.0,68.0,74.0,74.0,68.0,58.0,54.0,73.0,73.0
1773,100.0,100.0,92.66666666666667,100.0,100.0,100.0,100.0,100.0,96.33333333333333,100.0,100.0,96.0,95.0,100.0,100.0,66.0,47.0,44.0,41.0,36.0,40.666666666666664,39.0,56.333333333333336,75.0
1774,90.0,89.0,82.0,92.0,89.0,97.0,98.0,99.0,98.0,98.0,98.0,97.0,98.0,99.0,80.0,66.0,59.0,55.0,52.0,47.0,47.0,49.0,90.0,96.0
1775,38.0,50.0,60.0,67.0,72.0,82.0,82.0,85.0,82.0,79.0,82.0,88.0,96.0,89.0,88.0,92.0,86.0,76.0,65.0,60.0,54.0,48.0,47.0,48.0
1776,60.0,70.33333333333333,72.0,75.33333333333333,73.33333333333333,71.66666666666667,74.33333333333333,79.0,81.0,85.66666666666667,87.66666666666667,85.33333333333333,87.66666666666667,90.33333333333333,90.66666666666667,89.66666666666667,87.0,79.0,75.33333333333333,62.0,47.666666666666664,39.333333333333336,36.0,44.333333333333336
1777,72.0,74.0,71.0,60.0,57.0,57.0,61.0,63.0,63.0,66.0,68.0,89.0,89.0,89.0,68.0,57.0,55.0,52.0,46.0,43.0,42.0,43.0,43.0,54.0
1778,39.0,36.0,48.0,41.0,52.0,61.0,64.0,69.0,70.0,70.0,73.0,76.0,84.0,88.0,91.0,91.0,91.0,89.0,86.0,84.0,82.0,81.0,83.0,85.0
1779,79.66666666666667,88.33333333333333,90.66666666666667,91.66666666666667,92.66666666666667,94.33333333333333,97.33333333333333,95.0,94.66666666666667,96.33333333333333,96.33333333333333,96.0,98.66666666666667,96.0,93.66666666666667,83.66666666666667,66.0,55.666666666666664,48.0,47.0,44.666666666666664,49.666666666666664,58.333333333333336,68.33333333333333
1780,37.0,50.0,57.0,67.0,76.0,78.0,78.0,81.0,88.0,84.0,85.0,89.0,88.0,92.0,96.0,96.0,92.0,82.0,70.0,63.0,58.0,54.0,49.0,47.0
1781,71.33333333333333,73.0,75.33333333333333,78.66666666666667,78.66666666666667,81.0,83.0,83.0,85.0,85.0,86.0,87.0,85.66666666666667,83.33333333333333,75.0,68.33333333333333,57.0,52.666666666666664,53.666666666666664,54.0,55.333333333333336,58.666666666666664,60.666666666666664,60.333333333333336
1782,42.0,50.0,54.0,59.0,62.0,66.0,70.0,73.0,73.0,76.0,84.0,87.0,91.0,94.0,96.0,89.0,79.0,69.0,64.0,56.0,51.0,51.0,49.0,52.0
1783,76.0,73.0,71.0,74.0,78.0,78.0,80.0,79.0,78.0,79.0,73.0,83.0,84.0,83.0,83.0,81.0,71.0,65.0,71.0,68.0,62.0,64.0,65.0,80.0
1784,67.0,65.0,66.0,63.0,61.0,64.0,76.0,66.0,61.0,60.0,74.0,70.0,66.0,67.0,68.0,69.0,66.0,64.0,61.0,61.0,62.0,66.0,73.0,70.0
1785,87.0,87.0,87.0,87.0,93.0,93.0,100.0,100.0,100.0,100.0,100.0,100.0,100.0,100.0,81.0,70.0,66.0,62.0,58.0,58.0,54.0,54.0,58.0,76.0
1786,82.0,89.0,81.0,85.0,92.0,96.0,96.0,100.0,100.0,100.0,96.0,96.0,92.0,88.0,88.0,81.0,78.0,72.0,69.0,66.0,61.0,66.0,66.0,69.0
1787,68.0,68.0,72.0,72.0,72.0,70.0,76.0,76.0,73.0,73.0,73.0,70.0,70.0,70.0,67.0,62.0,60.0,58.0,58.0,58.0,54.0,58.0,62.0,62.0
1788,75.0,80.0,80.0,80.0,80.0,86.0,87.0,87.0,81.0,81.0,81.0,81.0,87.0,81.0,70.0,65.0,65.0,65.0,61.0,65.0,65.0,65.0,65.0,70.0
1789,93.0,80.66666666666667,100.0,100.0,87.33333333333333,100.0,93.33333333333333,100.0,100.0,100.0,100.0,99.0,100.0,100.0,99.0,83.0,67.0,53.0,50.0,47.0,46.0,47.0,76.0,80.0
1790,82.0,83.0,86.0,87.0,88.0,87.0,94.0,94.0,93.0,96.0,96.0,96.0,98.0,99.0,100.0,99.0,98.0,99.0,98.0,98.0,96.0,96.0,96.0,96.0
1791,79.0,82.0,89.0,92.0,96.0,92.0,96.0,96.0,96.0,96.0,92.0,96.0,92.0,96.0,92.0,92.0,79.0,66.0,59.0,54.0,47.0,45.0,47.0,63.0
1792,73.0,75.0,75.0,75.0,75.0,75.0,72.0,75.0,75.0,73.0,70.0,70.0,73.0,73.0,72.0,70.0,70.0,67.0,67.0,67.0,64.0,64.0,70.0,73.0
1793,99.0,100.0,100.0,100.0,100.0,100.0,100.0,100.0,100.0,100.0,100.0,100.0,100.0,100.0,100.0,84.0,54.0,42.0,40.0,38.0,36.0,38.0,45.0,79.0
1794,49.666666666666664,54.333333333333336,58.666666666666664,65.0,63.666666666666664,72.0,79.33333333333333,79.33333333333333,82.33333333333333,83.33333333333333,84.0,82.33333333333333,81.33333333333333,81.66666666666667,83.66666666666667,85.0,87.0,87.0,87.0,86.66666666666667,87.0,88.33333333333333,87.33333333333333,85.0
1795,74.0,84.0,88.0,86.33333333333333,93.0,94.0,95.0,98.0,97.0,97.0,98.0,97.0,95.0,98.0,98.0,77.0,63.0,54.0,48.0,45.0,41.0,44.0,45.0,50.0
1796,75.0,75.0,75.0,93.0,93.0,86.0,93.0,93.0,93.0,93.0,86.0,86.0,86.0,86.0,79.0,79.0,79.0,73.0,73.0,73.0,68.0,73.0,68.0,68.0
1797,100.0,100.0,100.0,100.0,100.0,100.0,100.0,93.0,100.0,100.0,100.0,100.0,100.0,100.0,76.0,72.0,72.0,68.0,64.0,68.0,68.0,72.0,82.0,100.0
1798,14.0,18.0,17.0,26.0,25.0,30.0,30.0,26.0,30.0,34.0,35.0,35.0,33.0,39.0,41.0,26.0,22.0,20.0,15.0,13.0,15.0,14.0,13.0,14.0
1799,66.0,75.0,70.0,70.0,70.0,70.0,70.0,87.0,93.0,93.0,87.0,87.0,93.0,93.0,100.0,87.0,62.0,54.0,54.0,58.0,62.0,70.0,75.0,75.0
1800,14.333333333333334,19.666666666666668,27.0,29.666666666666668,29.666666666666668,35.333333333333336,37.0,38.333333333333336,39.666666666666664,39.333333333333336,40.0,47.333333333333336,47.0,44.666666666666664,45.0,33.333333333333336,24.666666666666668,19.666666666666668,16.666666666666668,16.333333333333332,15.0,14.333333333333334,13.666666666666666,13.333333333333334
1801,18.0,22.0,24.0,26.0,28.0,28.0,30.0,31.0,32.0,34.0,34.0,37.0,37.0,39.0,41.0,36.0,29.0,26.0,21.0,25.0,23.0,20.0,19.0,19.0
1802,93.0,100.0,93.0,93.0,100.0,100.0,100.0,100.0,100.0,100.0,100.0,100.0,100.0,100.0,100.0,70.0,61.0,57.0,50.0,50.0,50.0,50.0,61.0,87.0
1803,30.0,32.0,38.0,44.0,49.0,51.0,51.0,54.0,52.0,55.0,56.0,59.0,59.0,68.0,62.0,57.0,58.0,53.0,47.0,46.0,44.0,42.0,40.0,52.0
1804,19.0,29.0,46.0,42.0,46.0,47.0,47.0,44.0,43.0,46.0,51.0,58.0,54.0,59.0,62.0,53.0,42.0,34.0,28.0,24.0,21.0,20.0,19.0,17.0
1805,93.0,93.0,93.0,93.0,100.0,100.0,100.0,100.0,100.0,100.0,93.0,93.0,100.0,100.0,93.0,81.0,67.0,55.0,52.0,48.0,42.0,45.0,52.0,76.0
1806,83.0,83.0,83.0,89.0,83.0,86.0,79.0,86.0,82.0,86.0,89.0,82.0,86.0,82.0,79.0,79.0,79.0,79.0,73.0,71.0,68.0,65.0,68.0,86.0
1807,83.0,88.0,99.0,100.0,100.0,100.0,100.0,99.0,100.0,100.0,100.0,100.0,100.0,100.0,99.0,83.0,70.0,56.0,45.0,45.0,41.0,40.0,47.0,67.0
1808,77.0,76.0,77.0,77.0,70.0,67.0,68.0,66.0,67.0,69.0,68.0,67.0,65.0,65.0,62.0,64.0,60.0,58.0,58.0,54.0,51.0,51.0,51.0,57.0
1809,87.0,93.0,93.0,87.0,93.0,100.0,93.0,93.0,100.0,100.0,87.0,100.0,100.0,100.0,81.0,71.0,58.0,51.0,44.0,42.0,42.0,45.0,58.0,76.0
1810,53.0,59.0,72.0,83.0,83.0,90.0,93.0,97.0,96.0,96.0,97.0,96.0,96.0,97.0,100.0,90.0,70.0,59.0,53.0,49.0,49.0,51.0,55.0,63.0
1811,22.0,27.0,31.0,37.0,46.0,45.0,47.0,51.0,50.0,57.0,52.0,54.0,59.0,56.0,62.0,62.0,61.0,57.0,51.0,31.0,27.0,26.0,24.0,24.0
1812,96.0,96.0,91.0,96.0,83.0,90.0,94.0,90.0,97.0,97.0,96.0,98.0,96.0,96.0,75.0,63.0,55.0,52.0,50.0,48.0,48.0,50.0,75.0,94.0
1813,81.0,84.0,84.0,81.0,88.0,88.0,81.0,84.0,80.0,84.0,84.0,84.0,88.0,88.0,88.0,84.0,84.0,81.0,71.0,68.0,63.0,66.0,68.0,65.0
1814,93.0,100.0,100.0,100.0,93.0,93.0,93.0,86.0,86.0,80.0,80.0,79.0,74.0,74.0,79.0,74.0,74.0,68.0,68.0,63.0,63.0,63.0,68.0,79.0
1815,37.0,36.0,35.0,32.0,33.0,30.0,32.0,29.0,33.0,37.0,39.0,40.0,52.0,66.0,75.0,59.0,55.0,47.0,39.0,33.0,41.0,42.0,46.0,53.0
1816,67.0,69.0,68.0,72.0,69.0,70.0,69.0,69.0,70.0,75.0,72.0,82.0,82.0,88.0,92.0,93.0,93.0,94.0,90.0,88.0,88.0,84.0,79.0,76.0
1817,77.0,76.0,78.0,77.0,79.0,81.0,81.0,83.0,82.0,82.0,82.0,82.0,83.0,82.0,80.0,76.0,73.0,68.0,64.0,60.0,58.0,55.0,65.0,72.0
1818,65.0,67.0,76.0,70.0,82.0,89.0,85.0,81.0,85.0,82.0,89.0,88.0,92.0,88.0,79.0,76.0,68.0,73.0,70.0,70.0,73.0,76.0,73.0,76.0
1819,63.0,65.0,68.0,70.0,79.0,79.0,79.0,79.0,82.0,83.0,82.0,86.0,89.0,92.0,92.0,92.0,92.0,88.0,92.0,92.0,92.0,92.0,88.0,89.0
1820,72.0,75.0,75.0,75.0,73.0,70.0,64.0,67.0,73.0,73.0,67.0,68.0,65.0,65.0,64.0,58.0,58.0,55.0,52.0,49.0,51.0,56.0,55.0,58.0
1821,88.0,95.0,95.0,96.0,91.0,92.0,95.0,92.0,92.0,91.0,91.0,91.0,91.0,91.0,91.0,91.0,87.0,80.0,74.0,74.0,77.0,68.0,71.0,68.0
1822,76.0,88.0,92.0,96.0,96.0,96.0,96.0,96.0,100.0,100.0,96.0,96.0,96.0,100.0,100.0,96.0,89.0,76.0,63.0,61.0,63.0,66.0,76.0,80.0
1823,59.0,68.0,74.0,68.0,73.0,73.0,73.0,73.0,68.0,68.0,68.0,62.0,68.0,68.0,79.0,73.0,68.0,68.0,49.0,49.0,49.0,42.0,45.0,49.0
1824,52.0,52.0,47.0,55.0,61.0,61.0,66.0,76.0,77.0,80.0,84.0,82.0,85.0,85.0,84.0,82.0,71.0,68.0,67.0,66.0,81.0,83.0,83.0,82.0
1825,63.0,63.0,65.0,68.0,68.0,65.0,70.0,73.0,79.0,82.0,85.0,92.0,96.0,85.0,92.0,76.0,71.0,68.0,68.0,73.0,79.0,79.0,83.0,86.0
1826,39.0,41.0,46.0,48.0,52.0,50.0,62.0,59.0,67.0,67.0,76.0,70.0,73.0,59.0,67.0,67.0,54.0,53.0,32.0,34.0,45.0,47.0,49.0,55.0
1827,44.0,52.0,56.0,61.0,63.0,65.0,69.0,75.0,82.0,85.0,89.0,93.0,97.0,98.0,98.0,97.0,81.0,68.0,61.0,58.0,54.0,54.0,55.0,57.0
1828,54.0,60.0,65.0,63.0,69.0,71.0,74.0,75.0,84.0,86.0,85.0,87.0,88.0,86.0,87.0,88.0,88.0,88.0,90.0,91.0,88.0,87.0,84.0,82.0
1829,80.0,80.0,80.0,86.0,80.0,93.0,86.0,86.0,86.0,86.0,86.0,79.0,79.0,79.0,85.0,79.0,79.0,79.0,79.0,73.0,68.0,62.0,53.0,57.0
1830,68.0,68.0,70.0,76.0,82.0,82.0,89.0,89.0,92.0,96.0,92.0,92.0,100.0,96.0,76.0,63.0,49.0,47.0,42.0,38.0,38.0,38.0,59.0,80.0
1831,44.0,51.0,54.0,54.0,58.0,59.0,63.0,67.0,68.0,68.0,74.0,82.0,87.0,92.0,95.0,89.0,75.0,70.0,59.0,56.0,47.0,46.0,50.0,58.0
1832,83.66666666666667,90.33333333333333,94.33333333333333,92.66666666666667,98.33333333333333,98.66666666666667,96.66666666666667,96.0,96.33333333333333,98.33333333333333,96.33333333333333,93.66666666666667,95.33333333333333,95.66666666666667,90.66666666666667,77.66666666666667,64.33333333333333,57.0,51.333333333333336,45.666666666666664,43.666666666666664,40.0,43.666666666666664,56.0
1833,76.0,87.0,93.0,100.0,93.0,100.0,100.0,100.0,100.0,100.0,91.33333333333333,100.0,100.0,100.0,100.0,82.0,63.0,52.0,43.0,43.0,37.0,37.0,42.0,51.0
1834,87.0,87.0,93.0,93.0,100.0,100.0,100.0,93.0,100.0,100.0,100.0,93.0,93.0,93.0,97.33333333333333,82.33333333333333,67.0,42.0,37.0,37.0,35.0,32.0,34.0,51.0
1835,82.0,85.0,86.0,85.0,85.0,89.0,97.0,89.0,100.0,100.0,100.0,100.0,96.0,96.0,96.0,90.0,74.0,62.0,54.0,47.0,39.0,45.0,45.0,62.0
1836,79.66666666666667,87.66666666666667,94.0,92.66666666666667,95.66666666666667,97.33333333333333,94.66666666666667,96.0,96.0,97.0,96.0,93.66666666666667,96.0,96.0,92.33333333333333,78.66666666666667,68.0,60.333333333333336,53.333333333333336,48.333333333333336,46.666666666666664,45.0,49.666666666666664,54.333333333333336
1837,84.66666666666667,88.0,92.0,95.0,94.66666666666667,96.33333333333333,95.0,95.33333333333333,96.0,94.66666666666667,94.66666666666667,95.33333333333333,95.66666666666667,95.33333333333333,95.33333333333333,90.0,74.66666666666667,63.666666666666664,57.666666666666664,51.333333333333336,46.333333333333336,45.0,47.666666666666664,55.333333333333336
1838,100.0,100.0,100.0,100.0,100.0,100.0,100.0,100.0,100.0,100.0,100.0,93.0,100.0,100.0,100.0,94.0,82.0,72.0,63.0,56.0,56.0,56.0,63.0,88.0
1839,76.0,82.33333333333333,90.33333333333333,91.66666666666667,96.33333333333333,96.33333333333333,94.66666666666667,96.0,91.33333333333333,96.0,94.66666666666667,96.0,96.0,96.0,94.66666666666667,85.0,79.66666666666667,69.0,54.333333333333336,47.666666666666664,44.666666666666664,44.666666666666664,46.666666666666664,56.333333333333336
1840,74.33333333333333,79.33333333333333,90.33333333333333,88.66666666666667,95.0,95.33333333333333,93.66666666666667,95.0,90.33333333333333,94.66666666666667,93.66666666666667,92.66666666666667,95.0,95.0,91.0,78.33333333333333,74.33333333333333,67.0,51.666666666666664,45.0,42.666666666666664,41.0,43.333333333333336,50.666666666666664
1841,31.0,44.0,54.0,50.0,48.0,60.0,68.0,57.0,62.0,68.0,57.0,53.0,57.0,70.0,64.0,62.0,57.0,41.0,34.0,29.0,28.0,26.0,26.0,22.0
1842,37.0,37.0,40.0,40.0,40.0,46.0,76.0,81.0,71.0,93.0,81.0,87.0,93.0,100.0,100.0,100.0,93.0,81.0,70.0,61.0,53.0,46.0,43.0,40.0
1843,87.0,93.0,93.0,93.0,100.0,100.0,100.0,100.0,100.0,100.0,100.0,100.0,100.0,93.0,76.0,62.0,54.0,51.0,44.0,44.0,45.0,45.0,67.0,82.0
1844,71.0,71.0,81.0,76.0,81.0,87.0,93.0,93.0,93.0,93.0,93.0,93.0,93.0,93.0,93.0,81.0,76.0,72.0,63.0,55.0,46.0,45.0,52.0,63.0
1845,88.0,85.0,84.0,81.0,77.0,76.0,76.0,76.0,77.0,77.0,77.0,80.0,80.0,84.0,84.0,80.0,77.0,70.0,73.0,67.0,70.0,70.0,65.0,67.0
1846,73.0,70.0,72.0,72.0,69.0,67.0,64.0,61.0,66.0,66.0,63.0,63.0,66.0,66.0,69.0,61.0,72.0,72.0,78.0,69.0,78.0,78.0,76.0,89.0
1847,79.0,86.33333333333333,90.66666666666667,95.33333333333333,95.0,97.33333333333333,97.33333333333333,98.66666666666667,97.66666666666667,96.0,97.33333333333333,98.66666666666667,97.33333333333333,100.0,94.66666666666667,85.33333333333333,71.33333333333333,58.666666666666664,46.333333333333336,41.333333333333336,41.666666666666664,42.0,49.666666666666664,63.0
1848,85.0,85.0,82.0,82.0,75.0,75.0,75.0,82.0,72.0,75.0,75.0,81.0,81.0,81.0,78.0,69.0,64.0,69.0,75.0,72.0,72.0,69.0,75.0,78.0
1849,78.0,86.33333333333333,90.33333333333333,91.66666666666667,96.33333333333333,96.33333333333333,94.66666666666667,93.66666666666667,93.66666666666667,96.0,92.33333333333333,93.66666666666667,96.0,96.0,92.33333333333333,81.0,67.0,56.333333333333336,50.666666666666664,47.666666666666664,43.666666666666664,45.666666666666664,52.0,65.66666666666667
1850,65.0,70.0,75.0,81.0,87.0,86.0,80.0,80.0,87.0,87.0,87.0,87.0,87.0,87.0,87.0,81.0,87.0,81.0,81.0,75.0,75.0,75.0,81.0,81.0
1851,68.0,77.0,82.0,86.0,82.0,86.0,86.0,86.0,89.0,86.0,85.0,85.0,89.0,89.0,80.0,64.0,47.0,40.0,38.0,37.0,36.0,37.0,41.0,64.0
1852,27.0,29.0,43.0,53.0,61.0,65.0,65.0,65.0,81.0,81.0,81.0,87.0,87.0,80.0,87.0,86.0,80.0,70.0,50.0,38.0,31.0,26.0,28.0,30.0
1853,71.0,78.0,69.0,75.0,67.0,66.0,65.0,70.0,64.0,66.0,68.0,70.0,72.0,74.0,70.0,56.0,52.0,46.0,47.0,44.0,62.0,56.0,47.0,51.0
1854,34.0,40.0,48.0,56.0,63.0,73.0,73.0,70.0,70.0,73.0,76.0,65.0,64.0,70.0,73.0,70.0,70.0,52.0,40.0,39.0,38.0,35.0,31.0,30.0
1855,78.0,81.0,96.0,96.0,96.0,96.0,96.0,100.0,96.0,96.0,96.0,92.0,92.0,88.0,88.0,84.0,81.0,81.0,74.0,78.0,78.0,78.0,78.0,77.0
1856,84.33333333333333,85.33333333333333,88.33333333333333,87.33333333333333,87.33333333333333,90.33333333333333,90.33333333333333,90.33333333333333,90.33333333333333,91.33333333333333,91.33333333333333,91.33333333333333,91.33333333333333,91.33333333333333,93.33333333333333,88.33333333333333,85.33333333333333,87.33333333333333,84.33333333333333,82.33333333333333,82.33333333333333,83.33333333333333,85.33333333333333,87.33333333333333
1857,29.0,35.0,42.0,44.0,45.0,46.0,49.0,54.0,55.0,59.0,61.0,62.0,66.0,70.0,71.0,48.0,37.0,28.0,25.0,26.0,29.0,36.0,39.0,41.0
1858,79.0,89.0,96.0,96.0,92.0,96.0,96.0,96.0,96.0,96.0,96.0,96.0,92.0,96.0,96.0,89.0,76.0,66.0,57.0,55.0,53.0,54.0,60.0,66.0
1859,84.0,92.0,94.0,95.0,96.0,96.0,96.0,97.0,96.0,98.0,95.0,97.0,96.0,97.0,96.0,84.0,69.0,57.0,52.0,49.0,48.0,47.0,57.0,70.0
1860,100.0,100.0,100.0,100.0,100.0,100.0,100.0,100.0,100.0,100.0,100.0,100.0,100.0,100.0,92.0,100.0,100.0,100.0,85.0,85.0,79.0,72.0,67.0,78.0
1861,80.0,77.0,77.0,77.0,72.0,72.0,74.0,75.0,75.0,74.0,75.0,75.0,76.0,78.0,74.0,70.0,67.0,60.0,59.0,58.0,58.0,54.0,58.0,64.0
1862,85.0,89.0,92.0,96.0,92.0,89.0,92.0,92.0,92.0,92.0,92.0,92.0,92.0,92.0,82.0,61.0,52.0,51.0,46.0,42.0,42.0,44.0,53.0,80.0
1863,89.0,93.0,96.0,96.0,92.0,92.0,96.0,92.0,92.0,96.0,96.0,96.0,96.0,96.0,96.0,92.0,92.0,100.0,92.0,72.0,72.0,70.0,78.0,79.0
1864,14.0,19.0,37.0,37.0,43.0,46.0,50.0,54.0,50.0,53.0,62.0,62.0,62.0,62.0,72.0,67.0,53.0,37.0,30.0,29.0,22.0,19.0,16.0,17.0
1865,55.0,66.0,78.66666666666667,87.0,100.0,93.0,48.0,48.0,51.0,62.0,62.0,97.33333333333333,95.0,97.33333333333333,66.0,63.0,63.0,52.0,43.0,42.0,35.0,43.0,43.0,47.333333333333336
1866,52.0,58.0,65.0,75.0,78.0,83.0,86.0,89.0,90.0,93.0,93.0,90.0,86.0,87.0,84.0,84.0,73.0,66.0,56.0,56.0,55.0,56.0,58.0,67.0
1867,78.0,78.0,78.0,78.0,74.0,74.0,72.0,68.0,71.0,74.0,72.0,72.0,72.0,71.0,71.0,71.0,66.0,58.0,53.0,48.0,53.0,53.0,60.0,70.0
1868,63.0,65.0,66.0,67.0,69.0,77.0,85.0,89.0,92.0,80.0,93.0,96.0,84.0,74.0,67.0,63.0,59.0,58.0,58.0,58.0,58.0,61.0,72.0,89.0
1869,81.0,75.0,75.0,80.0,80.0,80.0,86.0,86.0,93.0,93.0,93.0,93.0,93.0,93.0,93.0,93.0,93.0,87.0,87.0,87.0,93.0,87.0,87.0,87.0
1870,77.0,70.0,69.0,69.0,80.0,74.0,76.0,75.0,76.0,74.0,72.0,71.0,70.0,68.0,68.0,68.0,65.0,58.0,55.0,57.0,53.0,52.0,54.0,56.0
1871,68.0,70.0,70.0,70.0,70.0,73.0,70.0,73.0,73.0,73.0,76.0,78.0,70.0,76.0,62.0,55.0,55.0,55.0,55.0,60.0,57.0,62.0,70.0,65.0
1872,80.0,71.0,71.0,66.0,64.0,66.0,65.0,68.0,69.0,72.0,90.0,73.0,76.0,84.0,63.0,58.0,55.0,55.0,58.0,52.0,57.0,59.0,57.0,59.0
1873,93.0,87.0,93.0,93.0,93.0,93.0,93.0,93.0,87.0,81.0,87.0,93.0,100.0,93.0,76.0,62.0,55.0,52.0,48.0,45.0,42.0,45.0,49.0,82.0
1874,85.0,88.0,88.0,88.0,88.0,88.0,88.0,85.0,85.0,85.0,88.0,88.0,92.0,88.0,85.0,85.0,79.0,70.0,70.0,70.0,67.0,68.0,68.0,76.0
1875,82.0,82.0,82.0,82.0,79.0,79.0,82.0,76.0,82.0,82.0,76.0,73.0,76.0,79.0,79.0,73.0,76.0,73.0,70.0,68.0,63.0,65.0,65.0,73.0
1876,72.0,75.0,78.0,81.0,92.0,88.0,84.0,84.0,78.0,81.0,81.0,80.0,80.0,84.0,80.0,80.0,77.0,76.0,70.0,62.0,59.0,59.0,56.0,64.0
1877,54.0,61.0,61.0,86.0,85.0,92.0,92.0,88.0,88.0,68.0,70.0,76.0,79.0,79.0,82.0,79.0,78.0,78.0,78.0,79.0,75.0,75.0,75.0,75.0
1878,66.0,76.0,81.0,75.0,87.0,87.0,87.0,87.0,81.0,87.0,87.0,93.0,93.0,87.0,93.0,81.0,76.0,76.0,76.0,81.0,75.0,81.0,87.0,87.0
1879,47.666666666666664,55.333333333333336,62.333333333333336,71.33333333333333,75.66666666666667,78.66666666666667,82.66666666666667,84.66666666666667,87.0,87.33333333333333,88.33333333333333,88.0,90.66666666666667,90.66666666666667,89.33333333333333,87.66666666666667,81.66666666666667,78.33333333333333,74.66666666666667,76.0,76.0,75.0,75.0,76.66666666666667
1880,85.66666666666667,91.0,92.66666666666667,94.66666666666667,95.0,95.0,95.33333333333333,95.33333333333333,95.33333333333333,95.33333333333333,95.0,93.0,93.33333333333333,95.33333333333333,87.66666666666667,73.33333333333333,57.333333333333336,48.666666666666664,43.0,41.333333333333336,39.333333333333336,40.666666666666664,64.33333333333333,82.0
1881,30.666666666666668,43.666666666666664,52.0,62.333333333333336,69.0,73.33333333333333,74.66666666666667,77.66666666666667,85.0,87.0,87.33333333333333,70.0,89.0,75.0,90.33333333333333,90.0,87.0,75.0,54.666666666666664,42.666666666666664,35.0,30.0,30.0,30.0
1882,10.0,12.0,12.0,14.0,18.0,18.0,18.0,19.0,19.0,19.0,19.0,19.0,20.0,20.0,22.0,24.0,19.0,16.0,17.0,15.0,12.0,11.0,10.0,11.0
1883,72.0,85.0,63.0,63.0,66.0,68.0,65.0,65.0,62.0,62.0,59.0,59.0,65.0,60.0,60.0,60.0,59.0,54.0,52.0,48.0,48.0,46.0,48.0,52.0
1884,79.0,79.0,82.0,79.0,79.0,76.0,76.0,79.0,79.0,79.0,79.0,75.0,75.0,75.0,79.0,78.0,72.0,76.0,73.0,70.0,67.0,67.0,70.0,76.0
1885,53.333333333333336,60.666666666666664,57.666666666666664,62.666666666666664,63.666666666666664,64.33333333333333,67.33333333333333,64.33333333333333,67.66666666666667,73.66666666666667,76.33333333333333,77.33333333333333,77.0,78.33333333333333,80.66666666666667,64.0,52.0,46.0,42.666666666666664,38.666666666666664,32.666666666666664,40.333333333333336,43.333333333333336,49.0
1886,70.0,78.0,76.0,76.0,85.0,92.0,96.0,92.0,96.0,86.0,73.0,70.0,70.0,67.0,60.0,56.0,50.0,54.0,51.0,52.0,50.0,51.0,64.0,92.0
1887,75.0,78.0,78.0,78.0,85.0,92.0,92.0,96.0,96.0,100.0,96.0,96.0,96.0,100.0,96.0,96.0,92.0,92.0,89.0,88.0,88.0,84.0,85.0,84.0
1888,76.33333333333333,78.33333333333333,83.0,85.33333333333333,84.33333333333333,85.33333333333333,85.66666666666667,83.66666666666667,82.0,82.0,85.0,85.66666666666667,86.66666666666667,89.0,88.0,75.33333333333333,58.666666666666664,47.666666666666664,44.333333333333336,44.333333333333336,46.333333333333336,46.666666666666664,56.333333333333336,68.66666666666667
1889,86.0,93.0,93.0,93.0,93.0,93.0,93.0,93.0,86.0,86.0,93.0,93.0,79.0,86.0,85.0,85.0,85.0,79.0,85.0,85.0,85.0,79.0,85.0,72.0
1890,70.0,70.0,76.0,82.0,88.0,88.0,96.0,92.0,89.0,79.0,79.0,79.0,79.0,83.0,68.0,60.0,54.333333333333336,54.0,54.0,54.0,56.0,58.0,68.0,79.0
1891,50.0,56.0,56.0,58.0,60.0,60.0,73.0,68.0,73.0,73.0,73.0,76.0,82.0,85.0,85.0,73.0,68.0,68.0,68.0,70.0,68.0,73.0,72.0,73.0
1892,88.0,90.0,93.0,95.0,96.0,97.0,97.0,98.0,99.0,99.0,99.0,100.0,100.0,97.0,92.0,85.0,77.0,68.0,60.0,54.0,47.0,46.0,46.0,78.0
1893,86.0,92.0,96.0,96.0,96.0,96.0,96.0,96.0,96.0,96.0,100.0,96.0,96.0,96.0,92.0,83.0,62.0,54.0,45.0,40.0,36.0,40.0,40.0,46.0
1894,39.0,51.0,61.0,64.0,60.0,60.0,62.0,64.0,63.0,68.0,76.0,73.0,79.0,83.0,84.0,78.0,74.0,68.0,58.0,55.0,47.0,44.0,49.0,55.0
1895,55.0,61.0,68.0,71.0,73.0,73.0,76.0,76.0,74.0,71.0,79.0,79.0,82.0,82.0,82.0,66.0,55.0,41.0,36.0,33.0,31.0,32.0,34.0,41.0
1896,100.0,100.0,100.0,100.0,100.0,100.0,100.0,100.0,100.0,100.0,100.0,100.0,100.0,100.0,82.0,72.0,67.0,63.0,63.0,60.0,56.0,56.0,77.0,94.0
1897,89.0,88.0,92.0,96.0,96.0,92.0,96.0,92.0,92.0,81.0,81.0,81.0,78.0,74.0,74.0,73.33333333333333,71.0,68.0,65.0,65.0,65.0,77.0,84.0,84.0
1898,60.0,56.0,70.0,72.0,70.0,72.0,84.0,87.0,83.0,84.0,83.0,86.0,86.0,84.0,78.0,73.0,70.0,66.0,62.0,58.0,58.0,60.0,62.0,66.0
1899,44.0,55.0,55.0,49.0,51.0,54.0,54.0,50.0,52.0,56.0,58.0,58.0,61.0,63.0,63.0,54.0,47.0,41.0,34.0,33.0,33.0,32.0,37.0,40.0
1900,39.333333333333336,50.666666666666664,55.333333333333336,57.666666666666664,63.0,65.0,65.0,71.33333333333333,79.0,77.66666666666667,76.33333333333333,82.66666666666667,82.0,88.33333333333333,87.66666666666667,91.0,86.33333333333333,86.66666666666667,80.33333333333333,75.33333333333333,69.0,62.666666666666664,55.666666666666664,50.666666666666664
1901,59.0,75.0,70.0,72.0,68.0,69.0,73.0,76.0,84.0,84.0,84.0,82.0,85.0,85.0,83.0,78.0,70.0,71.0,72.0,67.0,65.0,74.0,81.0,80.0
1902,87.0,93.0,100.0,87.0,93.0,87.0,93.0,100.0,100.0,100.0,100.0,100.0,100.0,100.0,100.0,76.0,67.0,58.0,52.0,45.0,45.0,48.0,72.0,88.0
1903,89.0,88.0,88.0,92.0,91.0,88.0,88.0,88.0,88.0,84.0,80.0,84.0,84.0,84.0,84.0,84.0,88.0,84.0,84.0,84.0,74.0,66.0,63.0,63.0
1904,84.0,91.0,88.0,84.0,84.0,84.0,81.0,78.0,74.0,78.0,81.0,78.0,92.0,88.0,81.0,75.0,75.0,72.0,69.0,64.0,66.0,66.0,69.0,78.0
1905,69.0,80.0,90.0,93.0,93.0,80.0,89.0,86.0,89.0,93.0,96.0,97.0,97.0,96.0,97.0,89.0,74.0,60.0,50.0,47.0,47.0,48.0,47.0,58.0
1906,15.0,19.0,26.0,28.0,31.0,33.0,39.0,42.0,45.0,49.0,52.0,58.0,60.0,55.0,65.0,61.0,46.0,31.0,30.0,21.0,13.0,12.0,12.0,13.0
1907,80.0,88.33333333333333,90.66666666666667,92.66666666666667,93.66666666666667,92.66666666666667,95.0,96.0,96.0,98.66666666666667,96.0,100.0,97.33333333333333,100.0,100.0,97.33333333333333,81.33333333333333,66.0,53.333333333333336,46.0,39.666666666666664,38.333333333333336,49.666666666666664,68.66666666666667
1908,68.0,68.0,68.0,67.0,67.0,67.0,67.0,72.0,70.0,88.0,88.0,92.0,82.0,78.0,64.0,53.0,49.0,49.0,46.0,49.666666666666664,49.0,51.0,55.0,65.0
1909,96.0,96.0,92.0,92.0,92.0,92.0,88.0,88.0,88.0,88.0,84.0,83.0,92.0,87.0,84.0,83.0,83.0,80.0,76.0,73.0,69.0,73.0,73.0,75.0
1910,98.0,88.0,89.33333333333333,90.66666666666667,90.66666666666667,87.66666666666667,100.0,100.0,99.0,100.0,99.0,99.0,99.0,97.0,89.0,71.0,60.0,50.0,45.0,42.0,43.0,45.0,60.0,98.0
1911,65.33333333333333,67.33333333333333,68.66666666666667,70.0,75.0,75.0,80.0,80.0,81.0,81.0,81.0,75.0,75.66666666666667,81.0,67.33333333333333,58.666666666666664,56.0,55.333333333333336,61.0,51.0,61.0,55.666666666666664,57.666666666666664,59.0
1912,77.0,84.0,82.0,75.0,82.0,76.0,88.0,93.0,90.0,92.0,95.0,96.0,96.0,97.0,97.0,89.0,71.0,69.0,62.0,59.0,49.0,50.0,50.0,59.0
1913,28.0,36.0,36.333333333333336,34.666666666666664,33.666666666666664,44.333333333333336,57.0,65.66666666666667,75.0,81.66666666666667,84.33333333333333,89.0,88.33333333333333,91.66666666666667,91.33333333333333,93.0,93.33333333333333,94.33333333333333,96.33333333333333,96.66666666666667,98.33333333333333,96.33333333333333,96.33333333333333,97.66666666666667
1914,100.0,100.0,100.0,100.0,100.0,100.0,100.0,100.0,100.0,100.0,100.0,100.0,100.0,100.0,93.0,71.0,62.0,62.0,54.0,44.0,51.0,51.0,82.0,93.0
1915,72.0,66.0,64.0,64.0,66.0,63.0,66.0,60.0,66.0,66.0,68.0,68.0,72.0,74.0,71.0,69.0,56.0,51.0,51.0,51.0,48.0,51.0,51.0,55.0
1916,85.0,82.0,82.0,82.0,82.0,78.0,85.0,89.0,89.0,89.0,89.0,89.0,85.0,85.0,85.0,76.0,73.0,70.0,70.0,73.0,70.0,73.0,76.0,76.0
1917,81.66666666666667,92.0,94.33333333333333,95.33333333333333,96.33333333333333,96.33333333333333,98.66666666666667,98.66666666666667,98.66666666666667,100.0,98.66666666666667,100.0,98.66666666666667,100.0,100.0,98.66666666666667,82.33333333333333,63.0,55.333333333333336,48.666666666666664,40.0,38.333333333333336,52.666666666666664,68.66666666666667
1918,46.0,49.0,59.0,65.0,66.0,61.0,64.0,70.0,71.0,70.0,70.0,76.0,83.0,95.0,95.0,85.0,74.0,64.0,54.0,49.0,49.0,49.0,46.0,50.0
1919,36.0,49.0,61.0,71.0,79.0,79.0,86.0,86.0,89.0,89.0,89.0,89.0,96.0,96.0,92.0,92.0,85.0,73.0,63.0,48.0,41.0,35.0,31.0,32.0
1920,85.0,78.0,77.0,70.0,71.0,72.0,73.0,72.0,71.0,75.0,73.0,73.0,72.0,72.0,70.0,64.0,62.0,59.0,56.0,52.0,52.0,63.0,64.0,66.0
1921,88.33333333333333,94.66666666666667,98.33333333333333,99.33333333333333,100.0,100.0,100.0,100.0,100.0,100.0,100.0,100.0,100.0,100.0,100.0,100.0,100.0,87.0,68.0,51.666666666666664,45.333333333333336,45.0,51.666666666666664,70.33333333333333
1922,93.0,93.0,93.0,86.0,79.0,79.0,77.0,80.0,78.33333333333333,77.66666666666667,78.0,86.66666666666667,88.66666666666667,85.0,84.33333333333333,81.0,79.0,76.0,72.0,68.33333333333333,66.0,72.0,72.0,78.0
1923,89.0,92.0,92.0,92.0,96.0,92.0,92.0,92.0,96.0,92.0,92.0,96.0,92.0,96.0,92.0,82.0,75.0,78.0,82.0,78.0,82.0,82.0,85.0,85.0
1924,100.0,100.0,100.0,96.0,92.0,88.0,88.0,88.0,92.0,92.0,96.0,92.0,88.0,88.0,92.0,88.0,82.0,88.0,72.0,73.0,67.0,70.0,67.0,64.0
1925,87.0,87.0,87.0,87.0,93.0,100.0,100.0,100.0,100.0,100.0,100.0,93.0,100.0,100.0,100.0,100.0,100.0,100.0,100.0,100.0,100.0,100.0,100.0,100.0
1926,93.0,96.0,98.0,99.0,98.0,98.0,98.0,99.0,98.0,98.0,96.0,95.0,99.0,99.0,94.0,94.0,92.0,95.0,95.0,96.0,97.0,99.0,100.0,100.0
1927,70.0,69.0,64.0,68.0,67.0,68.0,80.0,85.0,96.0,96.0,97.0,83.0,94.0,87.0,84.0,68.0,64.0,62.0,61.0,62.0,63.0,68.0,77.0,79.0
1928,79.0,79.0,81.0,80.33333333333333,80.66666666666667,78.66666666666667,79.66666666666667,83.0,83.0,79.66666666666667,82.0,81.0,82.0,80.66666666666667,82.0,79.66666666666667,78.66666666666667,78.0,78.0,77.0,75.0,72.0,74.0,77.0
1929,75.0,80.0,80.0,80.0,80.0,80.0,80.0,81.0,81.0,81.0,81.0,81.0,87.0,81.0,75.0,70.0,70.0,65.0,65.0,61.0,61.0,61.0,70.0,70.0
1930,86.0,96.0,96.0,96.0,100.0,100.0,96.0,96.0,96.0,100.0,96.0,96.0,96.0,96.0,92.0,86.0,71.0,57.0,53.0,48.0,46.0,48.0,52.0,68.0
1931,68.0,68.0,76.0,70.0,65.0,70.0,68.0,70.0,70.0,70.0,73.0,70.0,70.0,70.0,70.0,68.0,65.0,60.0,58.0,56.0,58.0,56.0,58.0,70.0
1932,87.0,100.0,100.0,100.0,100.0,100.0,100.0,100.0,100.0,100.0,100.0,100.0,100.0,100.0,100.0,100.0,94.0,63.0,52.0,45.0,42.0,42.0,48.0,55.0
1933,68.0,68.0,73.0,71.0,73.0,82.0,74.0,79.0,76.0,76.0,82.0,85.0,79.0,71.0,68.0,64.0,51.0,51.0,49.0,42.0,46.0,57.0,68.0,77.0
1934,93.0,100.0,100.0,100.0,100.0,100.0,100.0,100.0,100.0,100.0,100.0,100.0,100.0,100.0,100.0,100.0,86.0,80.0,80.0,80.0,74.0,80.0,74.0,74.0
1935,83.0,73.0,76.0,95.0,100.0,99.0,99.0,99.0,98.0,98.0,98.0,96.0,96.0,97.0,89.0,71.0,48.0,42.0,42.0,37.0,35.0,36.0,55.0,93.0
1936,95.0,93.0,94.0,94.0,94.0,94.0,93.0,94.0,89.0,88.0,90.0,89.0,90.0,94.0,92.0,81.0,80.0,78.0,79.0,79.0,77.0,79.0,81.0,86.0
1937,79.0,80.0,85.0,89.0,92.0,89.0,92.0,92.0,92.0,92.0,92.0,92.0,88.0,92.0,89.0,83.0,66.0,55.0,48.0,43.0,42.0,39.0,43.0,59.0
1938,100.0,100.0,96.0,96.0,92.0,92.0,92.0,92.0,89.0,89.0,89.0,89.0,92.0,92.0,89.0,86.0,72.0,70.0,89.0,85.0,82.0,75.0,72.0,69.0
1939,85.0,85.0,79.0,79.0,82.0,85.0,88.0,88.0,92.0,92.0,85.0,85.0,85.0,82.0,79.0,72.0,72.0,72.0,73.0,76.0,76.0,79.0,85.0,82.0
1940,34.0,44.0,50.0,58.0,58.0,58.0,63.0,63.0,63.0,63.0,68.0,71.0,68.0,70.0,74.0,66.0,50.0,38.0,34.0,34.0,33.0,28.0,25.0,27.0
1941,65.0,75.0,62.333333333333336,64.66666666666667,70.0,70.0,75.0,67.77777777777777,70.0,70.0,65.0,70.0,67.33333333333333,69.0,58.666666666666664,58.0,56.666666666666664,61.0,62.0,51.333333333333336,58.0,62.0,56.0,70.0
1942,85.0,82.0,82.0,85.0,85.0,92.0,96.0,92.0,96.0,96.0,92.0,96.0,96.0,96.0,96.0,96.0,96.0,92.0,89.0,79.0,79.0,83.0,83.0,86.0
1943,65.0,65.0,65.0,63.0,68.0,70.0,68.0,70.0,70.0,70.0,73.0,70.0,68.0,79.0,73.0,65.0,61.0,54.0,56.0,54.0,54.0,56.0,56.0,54.0
1944,70.0,65.0,70.0,87.0,93.0,100.0,100.0,100.0,100.0,100.0,100.0,100.0,100.0,100.0,81.0,71.0,58.0,54.0,51.0,48.0,48.0,48.0,66.0,87.0
1945,69.0,72.0,69.0,63.0,66.0,66.0,66.0,72.0,69.0,72.0,75.0,75.0,72.0,69.0,69.0,66.0,63.0,60.0,55.0,54.0,54.0,55.0,55.0,58.0
1946,67.0,69.0,70.0,71.0,74.0,71.0,71.0,72.0,70.0,71.0,70.0,75.0,69.0,66.0,64.0,60.0,59.0,55.0,54.0,52.0,52.0,53.0,56.0,56.0
1947,36.0,47.0,50.0,51.0,52.0,50.0,49.0,51.0,57.0,66.0,86.0,93.0,100.0,100.0,100.0,100.0,100.0,93.0,74.0,64.0,66.0,62.0,59.0,56.0
1948,75.0,80.0,86.0,80.0,80.0,80.0,80.0,80.0,80.0,86.0,93.0,93.0,100.0,100.0,93.0,93.0,86.0,93.0,93.0,86.0,86.0,86.0,86.0,86.0
1949,93.0,100.0,93.0,93.0,93.0,93.0,86.0,79.0,79.0,73.0,73.0,79.0,79.0,78.0,85.0,78.0,78.0,72.0,66.0,66.0,61.0,61.0,66.0,72.0
1950,96.0,96.0,96.0,100.0,85.0,85.0,92.0,96.0,96.0,96.0,88.0,92.0,92.0,96.0,96.0,96.0,92.0,78.0,73.0,67.0,67.0,67.0,92.0,96.0
1951,92.0,96.0,96.0,96.0,96.0,100.0,96.0,96.0,100.0,96.0,100.0,100.0,96.0,100.0,96.0,86.0,79.0,76.0,71.0,64.0,62.0,64.0,71.0,80.0
1952,70.0,70.0,70.0,65.0,62.0,62.0,62.0,62.0,65.0,67.0,65.0,67.0,68.0,65.0,65.0,56.0,58.0,54.0,52.0,54.0,50.0,53.0,58.0,70.0
1953,88.0,94.33333333333333,98.0,99.0,97.0,92.0,93.0,92.0,94.0,96.0,100.0,98.0,96.0,100.0,97.33333333333333,90.66666666666667,82.33333333333333,71.0,68.0,63.666666666666664,58.666666666666664,61.0,67.66666666666667,74.66666666666667
1954,76.33333333333333,75.33333333333333,77.66666666666667,80.0,80.0,74.0,74.0,80.0,80.0,80.0,86.0,86.0,86.0,86.0,89.0,84.33333333333333,79.66666666666667,73.0,70.0,69.33333333333333,67.33333333333333,63.333333333333336,61.0,63.333333333333336
1955,38.0,46.0,53.0,59.0,64.0,75.0,75.0,78.0,78.0,78.0,78.0,81.0,85.0,84.0,85.0,84.0,81.0,72.0,60.0,49.0,44.0,41.0,39.0,39.0
1956,74.0,73.0,87.0,73.0,85.0,87.0,85.0,90.0,91.0,90.0,92.0,90.0,89.0,77.0,73.0,64.0,56.0,49.0,43.0,45.0,41.0,40.0,44.0,66.0
1957,32.0,38.0,42.0,50.0,61.0,68.0,70.0,70.0,73.0,79.0,76.0,79.0,79.0,86.0,83.0,68.0,59.0,54.0,47.0,44.0,41.0,41.0,44.0,48.0
1958,100.0,93.0,93.0,100.0,93.0,93.0,100.0,93.0,93.0,93.0,86.0,92.0,85.0,92.0,85.0,92.0,92.0,85.0,92.0,85.0,85.0,78.0,78.0,85.0
1959,85.0,85.0,85.0,86.0,87.0,85.0,84.0,85.0,84.0,85.0,87.0,87.0,77.0,87.0,80.0,76.0,76.0,73.0,67.0,66.0,67.0,66.0,73.0,86.0
1960,53.0,59.0,74.0,82.0,89.0,89.0,92.0,89.0,92.0,92.0,89.0,92.0,92.0,92.0,92.0,83.0,60.0,52.0,47.0,45.0,42.0,43.0,50.0,52.0
1961,79.0,89.0,89.0,90.0,91.66666666666667,95.0,95.0,95.0,96.0,96.0,96.0,100.0,96.0,96.0,97.0,97.0,98.0,62.0,55.0,49.0,47.0,48.0,54.0,75.0
1962,80.0,86.0,86.0,86.0,80.0,86.0,86.0,100.0,100.0,100.0,100.0,100.0,100.0,100.0,93.0,100.0,93.0,93.0,80.0,86.0,80.0,74.0,80.0,80.0
1963,66.33333333333333,87.0,93.0,100.0,93.0,93.0,93.0,93.0,100.0,100.0,100.0,100.0,100.0,100.0,100.0,93.0,78.0,87.0,63.0,87.0,87.0,87.0,87.0,93.0
1964,56.666666666666664,60.0,61.666666666666664,66.0,71.33333333333333,70.0,73.66666666666667,73.66666666666667,77.66666666666667,79.66666666666667,80.33333333333333,81.66666666666667,80.0,83.66666666666667,83.33333333333333,83.0,83.33333333333333,78.33333333333333,71.33333333333333,67.33333333333333,62.0,59.666666666666664,53.666666666666664,50.666666666666664
1965,34.666666666666664,50.0,46.0,42.0,46.0,54.0,54.0,54.0,54.0,54.0,54.0,58.0,64.66666666666667,53.0,68.33333333333333,49.0,45.0,49.0,46.0,42.0,46.0,46.0,45.666666666666664,50.0
1966,31.0,38.0,51.0,62.0,89.0,82.0,76.0,72.0,75.0,82.0,85.0,82.0,89.0,88.0,85.0,89.0,85.0,68.0,48.0,43.0,39.0,32.0,31.0,33.0
1967,52.333333333333336,61.666666666666664,61.666666666666664,78.0,79.0,82.0,83.0,83.0,84.66666666666667,76.66666666666667,77.66666666666667,80.66666666666667,81.66666666666667,83.0,84.33333333333333,82.33333333333333,81.33333333333333,80.0,78.33333333333333,78.0,74.66666666666667,75.33333333333333,77.0,78.66666666666667
1968,74.0,68.0,68.0,68.0,68.0,68.0,73.0,68.0,68.0,62.0,73.0,68.0,68.0,68.0,62.0,62.0,58.0,58.0,54.0,49.0,54.0,45.0,45.0,45.0
1969,86.66666666666667,87.66666666666667,90.0,89.0,88.0,87.66666666666667,86.66666666666667,87.66666666666667,88.66666666666667,88.66666666666667,89.0,87.66666666666667,89.0,87.66666666666667,88.66666666666667,86.0,80.66666666666667,96.0,92.0,90.0,91.0,92.0,92.0,100.0
1970,79.66666666666667,80.33333333333333,82.66666666666667,84.0,86.66666666666667,84.33333333333333,85.33333333333333,82.66666666666667,82.0,80.0,80.0,79.0,80.0,77.0,75.33333333333333,77.66666666666667,79.66666666666667,78.66666666666667,80.0,77.66666666666667,74.0,73.66666666666667,72.66666666666667,76.66666666666667
1971,76.66666666666667,77.66666666666667,80.66666666666667,79.66666666666667,84.33333333333333,85.0,80.66666666666667,81.66666666666667,79.66666666666667,81.0,81.66666666666667,82.0,77.0,77.0,82.0,78.66666666666667,78.0,78.0,76.0,75.66666666666667,74.66666666666667,74.0,76.0,76.66666666666667
1972,80.0,80.0,80.0,80.0,77.0,76.0,84.0,83.0,83.0,83.0,87.0,82.0,83.0,83.0,83.0,80.0,80.0,73.0,76.0,76.0,76.0,76.0,76.0,80.0
1973,62.0,55.0,58.0,60.0,60.0,60.0,62.0,60.0,60.0,63.0,60.0,60.0,60.0,58.0,55.0,55.0,55.0,54.0,54.0,50.0,46.0,52.0,56.0,60.0
1974,91.0,92.0,95.33333333333333,93.0,93.0,94.0,97.66666666666667,93.0,98.66666666666667,98.66666666666667,98.66666666666667,96.33333333333333,96.33333333333333,95.33333333333333,78.33333333333333,66.33333333333333,65.0,62.333333333333336,58.333333333333336,63.0,64.33333333333333,67.66666666666667,74.66666666666667,85.66666666666667
1975,89.0,93.0,93.0,97.0,96.0,96.0,96.0,96.0,100.0,93.0,96.0,96.0,97.0,97.0,83.0,72.0,60.0,63.0,60.0,63.0,63.0,63.0,72.0,90.0
1976,39.333333333333336,44.0,49.333333333333336,51.0,54.0,55.666666666666664,58.333333333333336,60.666666666666664,65.66666666666667,69.33333333333333,72.0,78.0,84.33333333333333,88.33333333333333,89.66666666666667,83.66666666666667,74.66666666666667,67.33333333333333,62.0,54.666666666666664,49.666666666666664,48.666666666666664,49.333333333333336,50.0
1977,67.0,61.0,71.0,77.0,80.0,83.0,81.66666666666667,76.33333333333333,80.0,78.0,82.33333333333333,83.0,85.66666666666667,100.0,100.0,83.0,62.0,50.0,45.0,48.0,44.0,50.0,50.0,56.0
1978,75.0,76.66666666666667,85.33333333333333,88.0,88.66666666666667,92.66666666666667,90.0,92.0,92.0,89.33333333333333,91.66666666666667,94.0,91.66666666666667,80.0,71.66666666666667,66.0,57.333333333333336,54.0,50.333333333333336,47.333333333333336,48.0,53.0,66.0,81.0
1979,80.0,100.0,100.0,100.0,100.0,100.0,100.0,100.0,100.0,100.0,100.0,100.0,100.0,97.0,83.0,69.0,61.0,55.0,53.0,51.0,50.0,51.0,62.0,80.0
1980,93.0,96.0,100.0,100.0,100.0,100.0,100.0,100.0,100.0,100.0,100.0,100.0,100.0,93.0,80.0,66.0,54.0,46.0,43.0,43.0,42.0,42.0,52.0,67.0
1981,64.0,70.0,70.0,72.0,76.0,67.0,85.0,88.0,96.0,96.0,96.0,100.0,100.0,82.0,51.0,44.0,36.0,34.0,30.0,26.0,27.0,27.0,30.0,43.0
1982,61.0,63.0,71.0,77.0,77.0,77.0,77.0,71.0,66.0,63.0,74.0,73.0,76.0,86.0,83.0,74.0,51.0,49.0,49.0,56.0,62.0,64.0,72.0,57.0
1983,68.0,71.0,68.0,74.0,82.0,86.0,86.0,86.0,89.0,86.0,89.0,89.0,89.0,82.0,69.0,59.0,52.0,54.0,51.0,51.0,51.0,57.0,71.0,76.0
1984,60.0,78.0,90.0,89.0,86.0,83.0,89.0,80.0,86.0,89.0,93.0,93.0,89.0,86.0,85.0,92.0,74.0,57.0,37.0,23.0,34.0,34.0,45.0,45.0
1985,90.66666666666667,93.0,89.66666666666667,90.33333333333333,94.0,94.33333333333333,95.66666666666667,95.66666666666667,97.66666666666667,97.66666666666667,94.0,97.33333333333333,97.0,89.66666666666667,75.0,65.66666666666667,50.666666666666664,45.666666666666664,41.666666666666664,45.0,46.333333333333336,46.666666666666664,54.0,67.66666666666667
1986,16.0,20.0,29.0,34.0,41.0,61.0,39.0,41.0,37.0,42.0,42.0,48.0,59.0,55.0,59.0,54.0,49.0,44.0,38.0,28.0,22.0,20.0,18.0,16.0
1987,75.0,76.66666666666667,85.33333333333333,89.0,89.0,89.0,90.0,92.0,92.0,93.0,85.0,85.0,89.0,76.0,68.0,61.0,49.0,47.0,42.0,41.0,42.0,47.0,57.0,61.0
1988,86.33333333333333,89.33333333333333,90.66666666666667,94.0,92.66666666666667,93.0,95.0,92.66666666666667,93.66666666666667,92.66666666666667,92.66666666666667,93.33333333333333,94.66666666666667,93.33333333333333,91.66666666666667,83.33333333333333,65.33333333333333,54.333333333333336,45.0,42.666666666666664,42.0,45.666666666666664,56.333333333333336,71.0
1989,80.0,86.0,90.0,93.0,89.0,97.0,96.0,89.0,92.0,89.0,89.0,92.0,96.0,92.0,89.0,74.0,60.0,50.0,43.0,42.0,42.0,45.0,60.0,74.0
1990,64.0,79.66666666666667,85.33333333333333,90.0,93.0,93.66666666666667,100.0,93.0,100.0,100.0,96.0,96.0,94.33333333333333,96.0,92.66666666666667,89.33333333333333,78.66666666666667,68.0,64.66666666666667,63.0,63.0,68.0,72.66666666666667,76.66666666666667
1991,71.0,76.0,87.0,87.0,93.0,100.0,93.0,100.0,93.0,93.0,93.0,100.0,93.0,93.0,93.0,82.0,67.0,55.0,52.0,40.0,40.0,37.0,42.0,42.0
1992,72.0,81.0,86.0,90.0,90.0,93.0,92.0,96.0,100.0,96.0,93.0,93.0,96.0,97.0,93.0,87.0,73.0,60.0,62.0,60.0,62.0,71.0,71.0,73.0
1993,64.0,64.0,69.0,74.0,80.0,80.0,83.0,80.0,77.0,80.0,83.0,83.0,80.0,80.0,69.0,62.0,60.0,61.0,61.0,63.0,63.0,66.0,70.0,73.0
1994,34.666666666666664,49.666666666666664,57.333333333333336,58.666666666666664,72.66666666666667,73.33333333333333,80.0,82.0,83.0,85.0,84.0,86.0,89.0,89.33333333333333,89.0,87.66666666666667,73.0,59.0,50.333333333333336,42.333333333333336,37.666666666666664,32.666666666666664,30.0,30.666666666666668
1995,50.0,59.0,60.0,64.33333333333333,68.33333333333333,70.66666666666667,65.0,72.33333333333333,76.0,77.66666666666667,83.33333333333333,82.66666666666667,85.66666666666667,86.0,87.33333333333333,86.66666666666667,80.66666666666667,77.0,72.0,70.0,78.0,78.66666666666667,81.66666666666667,82.33333333333333
1996,70.0,72.0,78.0,80.0,80.0,83.0,83.0,77.0,83.0,74.0,68.0,65.0,63.0,54.0,41.0,41.0,34.0,24.0,27.0,65.0,66.0,61.0,59.0,70.0
1997,97.0,96.0,100.0,90.0,96.0,95.33333333333333,100.0,100.0,100.0,100.0,95.0,97.33333333333333,97.33333333333333,90.66666666666667,75.0,65.66666666666667,50.666666666666664,45.666666666666664,41.666666666666664,45.0,46.333333333333336,46.666666666666664,54.0,67.66666666666667
1998,73.0,76.0,79.0,79.0,79.0,86.0,86.0,92.0,92.0,96.0,92.0,100.0,92.0,86.0,71.0,66.0,63.0,68.0,66.0,61.0,66.0,66.0,74.0,79.0
1999,84.0,56.333333333333336,50.666666666666664,51.555555555555564,61.22222222222223,61.333333333333336,63.0,64.55555555555556,75.8888888888889,66.33333333333333,61.11111111111111,70.0,60.0,80.8888888888889,77.1111111111111,76.66666666666667,72.0,66.33333333333333,62.22222222222222,59.77777777777777,67.1111111111111,63.0,63.22222222222223,65.0
2000,52.0,75.0,84.66666666666667,85.33333333333333,87.33333333333333,87.66666666666667,88.33333333333333,79.0,78.0,71.0,71.66666666666667,73.33333333333333,69.66666666666667,70.33333333333333,70.0,70.0,57.666666666666664,44.333333333333336,30.666666666666668,30.333333333333332,33.333333333333336,32.333333333333336,47.0,54.333333333333336
2001,68.0,70.66666666666667,69.66666666666667,69.66666666666667,73.33333333333333,75.0,78.33333333333333,76.33333333333333,73.66666666666667,74.66666666666667,72.66666666666667,70.66666666666667,75.66666666666667,71.0,65.0,59.0,57.333333333333336,57.666666666666664,55.666666666666664,57.0,57.666666666666664,57.333333333333336,58.333333333333336,63.0
2002,82.33333333333333,73.66666666666667,84.33333333333333,79.33333333333333,84.33333333333333,85.66666666666667,86.66666666666667,87.0,82.33333333333333,87.66666666666667,86.33333333333333,87.66666666666667,83.66666666666667,81.66666666666667,81.66666666666667,78.33333333333333,74.0,79.66666666666667,80.0,70.33333333333333,73.0,74.66666666666667,79.33333333333333,78.66666666666667
2003,63.333333333333336,65.66666666666667,67.66666666666667,68.33333333333333,70.33333333333333,71.33333333333333,70.33333333333333,72.33333333333333,72.33333333333333,72.33333333333333,72.33333333333333,71.33333333333333,73.0,68.33333333333333,64.33333333333333,57.0,53.333333333333336,53.333333333333336,54.0,51.333333333333336,51.666666666666664,54.0,57.333333333333336,57.666666666666664
2004,85.0,86.0,76.0,89.0,96.0,96.0,100.0,100.0,96.0,96.0,96.0,96.0,85.0,79.0,65.0,60.0,58.0,54.0,52.0,61.0,61.0,71.0,61.0,79.0
2005,24.333333333333332,15.666666666666666,19.666666666666668,46.333333333333336,26.666666666666668,30.333333333333332,29.0,29.333333333333332,33.333333333333336,34.666666666666664,36.0,38.0,39.0,47.333333333333336,49.333333333333336,59.666666666666664,41.0,39.666666666666664,36.333333333333336,25.666666666666668,19.333333333333332,25.666666666666668,17.333333333333332,18.0
2006,81.66666666666667,81.66666666666667,77.66666666666667,77.66666666666667,77.66666666666667,75.66666666666667,76.66666666666667,78.33333333333333,77.66666666666667,75.66666666666667,73.66666666666667,73.66666666666667,73.66666666666667,72.66666666666667,70.0,62.0,56.333333333333336,52.666666666666664,53.0,53.666666666666664,53.333333333333336,53.0,53.666666666666664,52.333333333333336
2007,24.333333333333332,31.333333333333332,37.333333333333336,40.0,42.666666666666664,45.333333333333336,44.0,44.666666666666664,48.666666666666664,49.666666666666664,49.666666666666664,51.333333333333336,57.333333333333336,59.0,59.0,58.0,52.333333333333336,45.666666666666664,34.666666666666664,29.666666666666668,24.0,21.666666666666668,21.333333333333332,22.0
2008,33.333333333333336,44.666666666666664,52.0,52.666666666666664,45.0,48.0,70.0,48.0,48.0,75.0,74.0,48.0,52.0,80.66666666666667,52.0,77.66666666666667,61.333333333333336,50.666666666666664,16.0,33.0,28.666666666666668,26.0,25.0,27.0
2009,96.0,97.0,100.0,100.0,100.0,100.0,100.0,99.0,100.0,100.0,100.0,100.0,100.0,99.0,74.0,63.0,54.0,51.0,49.0,46.0,47.0,49.0,71.0,93.0
2010,82.0,88.0,94.0,94.0,94.0,100.0,94.0,87.0,87.0,87.0,82.0,82.0,93.0,76.0,82.0,68.0,64.0,61.0,44.0,47.0,47.0,47.0,57.0,64.0
2011,80.0,89.0,93.0,97.0,96.0,96.0,96.0,96.0,100.0,100.0,96.0,100.0,96.0,96.0,74.0,62.0,60.0,57.0,51.0,42.0,40.0,43.0,49.0,65.0
2012,72.0,86.0,93.0,93.0,81.33333333333333,97.0,96.0,92.0,96.0,92.0,96.0,96.0,96.0,96.0,97.0,93.0,84.0,72.0,59.0,51.0,47.0,51.0,45.0,56.0
2013,66.0,66.0,66.0,59.0,68.0,67.0,60.0,61.0,63.0,63.0,62.0,65.0,65.0,66.0,65.0,60.0,53.0,47.0,44.0,46.0,47.0,48.0,50.0,50.0
2014,21.0,24.0,29.0,33.0,35.0,42.0,46.0,47.0,46.0,47.0,53.0,62.0,65.0,60.0,62.0,44.0,27.0,19.0,16.0,18.0,18.0,23.0,28.0,36.0
2015,43.0,41.0,54.0,60.0,73.0,82.0,78.0,82.0,85.0,89.0,89.0,91.0,92.0,88.0,81.0,81.0,74.0,78.0,75.0,78.0,81.0,81.0,77.0,71.0
2016,76.0,76.0,77.0,80.0,82.0,82.0,84.0,83.0,85.0,86.0,88.0,92.0,96.0,96.0,92.0,90.0,93.0,90.0,88.0,88.0,82.0,82.0,81.0,87.0
2017,48.666666666666664,63.0,71.0,80.0,67.33333333333333,71.33333333333333,67.33333333333333,72.0,76.0,76.33333333333333,83.0,82.33333333333333,84.0,84.0,89.0,86.66666666666667,86.66666666666667,84.66666666666667,85.0,81.0,75.0,73.33333333333333,76.0,77.0
2018,78.0,73.0,71.0,72.0,74.0,74.0,71.0,71.0,71.0,71.0,69.0,70.0,71.0,71.0,69.0,68.0,66.0,63.0,59.0,55.0,55.0,51.0,52.0,60.0
2019,86.0,92.0,92.0,92.0,92.0,92.0,92.0,92.0,92.0,92.0,92.0,92.0,92.0,96.0,86.0,63.0,54.0,54.0,50.0,46.0,48.0,46.0,76.0,86.0
2020,33.0,46.0,51.0,57.0,63.0,71.0,72.0,75.0,79.0,85.0,86.0,86.0,86.0,88.0,89.0,91.0,86.0,84.0,82.0,86.0,81.0,78.0,83.0,81.0
2021,85.0,89.0,93.0,93.0,92.0,92.0,96.0,92.0,92.0,92.0,92.0,96.0,96.0,92.0,80.0,64.0,60.0,53.0,49.0,44.0,46.0,48.0,60.0,77.0
2022,96.0,95.0,94.0,93.0,92.0,92.0,92.0,90.0,90.0,90.0,90.0,90.0,89.0,85.0,77.0,68.0,63.0,63.0,82.0,76.0,75.0,75.0,76.0,74.0
2023,49.333333333333336,61.0,63.333333333333336,76.66666666666667,68.0,68.33333333333333,65.33333333333333,71.0,74.33333333333333,75.66666666666667,82.66666666666667,81.0,83.0,83.0,86.33333333333333,83.33333333333333,79.66666666666667,78.66666666666667,77.0,73.66666666666667,72.66666666666667,71.66666666666667,74.33333333333333,75.66666666666667
2024,51.0,58.0,62.0,58.0,58.0,71.0,66.0,66.0,70.0,66.0,61.0,61.0,66.0,66.0,75.0,57.0,50.0,50.0,54.0,66.0,71.0,76.0,81.0,87.0
2025,61.0,65.0,68.0,70.0,73.0,70.0,79.0,76.0,76.0,82.0,79.0,85.0,88.0,88.0,85.0,73.0,68.0,65.0,66.0,73.0,79.0,79.0,82.0,89.0
2026,44.0,72.0,80.0,83.0,86.0,93.0,96.0,83.0,71.0,71.0,68.0,68.0,68.0,71.0,73.0,73.0,61.0,42.0,32.0,32.0,33.0,36.0,49.0,59.0
2027,82.0,85.0,89.0,89.0,85.0,88.0,85.0,85.0,88.0,88.0,88.0,88.0,92.0,88.0,88.0,85.0,78.0,82.0,79.0,82.0,79.0,82.0,86.0,86.0
2028,47.333333333333336,55.333333333333336,62.0,64.0,66.0,68.0,58.0,60.0,70.0,67.0,67.0,67.0,77.0,86.0,70.66666666666667,57.333333333333336,47.0,40.333333333333336,36.333333333333336,33.666666666666664,31.333333333333332,31.333333333333332,33.0,40.666666666666664
2029,65.0,70.0,70.0,75.0,70.0,70.0,75.0,75.0,75.0,75.0,80.0,80.0,80.0,75.0,75.0,75.0,65.0,70.0,65.0,61.0,61.0,61.0,61.0,65.0
2030,88.66666666666667,93.0,98.66666666666667,94.33333333333333,95.33333333333333,94.66666666666667,95.33333333333333,96.33333333333333,96.33333333333333,98.66666666666667,98.66666666666667,96.33333333333333,96.33333333333333,95.0,89.66666666666667,72.0,60.666666666666664,53.333333333333336,48.0,42.333333333333336,40.333333333333336,44.333333333333336,61.0,81.33333333333333
2031,100.0,100.0,100.0,100.0,100.0,100.0,100.0,100.0,100.0,100.0,100.0,100.0,100.0,100.0,100.0,100.0,100.0,100.0,100.0,100.0,100.0,100.0,100.0,100.0
2032,68.0,70.66666666666667,71.0,70.66666666666667,67.33333333333333,67.0,66.0,66.0,64.66666666666667,68.33333333333333,67.0,64.0,65.33333333333333,63.333333333333336,63.0,62.666666666666664,65.0,60.666666666666664,58.333333333333336,50.0,47.333333333333336,46.0,43.666666666666664,50.0
2033,13.0,16.0,25.0,28.0,30.0,33.0,34.0,35.0,46.0,46.0,52.0,50.0,58.0,63.0,63.0,50.0,36.0,28.0,21.0,16.0,14.0,12.0,14.0,13.0
2034,70.33333333333333,77.33333333333333,85.33333333333333,86.0,91.66666666666667,95.33333333333333,93.0,94.0,92.66666666666667,92.66666666666667,92.66666666666667,92.66666666666667,92.66666666666667,94.0,89.33333333333333,76.0,64.33333333333333,55.0,49.0,44.0,41.333333333333336,41.333333333333336,46.333333333333336,55.0
2035,94.0,93.0,93.0,93.0,93.0,93.0,93.0,93.0,93.0,93.0,93.0,93.0,93.0,93.0,93.0,92.0,92.0,64.0,61.0,59.0,58.0,58.0,64.0,74.0
2036,77.66666666666667,80.0,82.0,79.66666666666667,79.66666666666667,81.66666666666667,90.33333333333333,96.66666666666667,98.0,98.33333333333333,98.33333333333333,96.66666666666667,96.0,95.33333333333333,94.33333333333333,91.33333333333333,87.33333333333333,81.33333333333333,80.0,76.66666666666667,74.33333333333333,73.66666666666667,74.66666666666667,77.66666666666667
2037,87.0,93.0,100.0,93.0,100.0,100.0,100.0,100.0,100.0,93.0,100.0,100.0,100.0,100.0,87.0,70.0,61.0,50.0,50.0,50.0,47.0,54.0,61.0,93.0
2038,94.0,91.0,94.0,93.66666666666667,96.0,85.0,85.0,85.0,85.0,90.33333333333333,87.66666666666667,84.66666666666667,82.0,82.0,82.0,82.0,68.0,68.0,73.0,68.0,73.0,73.0,78.0,83.0
2039,86.0,86.0,93.0,93.0,93.0,93.0,93.0,93.0,93.0,86.0,93.0,80.0,74.0,74.0,74.0,69.0,69.0,69.0,64.0,64.0,64.0,64.0,64.0,68.0
2040,87.0,92.0,93.0,92.0,83.0,84.0,88.0,95.0,96.0,93.0,93.0,91.0,88.0,87.0,87.0,86.0,84.0,83.0,77.0,74.0,70.0,66.0,63.0,68.0
2041,33.0,36.0,38.0,54.0,74.0,76.0,71.0,68.0,66.0,63.0,65.0,67.0,67.0,70.0,65.0,64.0,65.0,56.0,46.0,42.0,34.0,33.0,28.0,27.0
2042,77.0,84.0,83.0,83.0,95.0,96.0,95.0,94.0,90.0,92.0,96.0,100.0,100.0,99.0,81.0,70.0,67.0,67.0,66.0,68.0,68.0,72.0,80.0,91.0
2043,80.0,81.0,81.0,81.0,81.0,80.0,80.0,81.0,82.0,82.0,81.0,74.0,78.0,78.0,72.0,67.0,64.0,64.0,66.0,68.0,74.0,75.0,77.0,78.0
2044,79.0,81.0,84.0,89.0,89.0,89.0,89.0,92.0,94.0,94.0,97.0,99.0,100.0,99.0,96.0,97.0,97.0,96.0,96.0,96.0,97.0,96.0,96.0,96.0
2045,75.0,79.0,69.0,73.0,74.0,76.0,83.0,93.0,94.0,96.0,96.0,97.0,97.0,98.0,91.0,75.0,64.0,51.0,54.0,48.0,43.0,46.0,53.0,58.0
2046,70.0,70.0,81.0,75.0,81.0,87.0,87.0,93.0,93.0,75.0,70.0,70.0,75.0,70.0,62.0,50.0,41.0,39.0,32.0,30.0,30.0,34.0,51.0,71.0
2047,73.33333333333333,76.66666666666667,76.66666666666667,77.66666666666667,77.66666666666667,78.66666666666667,80.0,79.33333333333333,77.33333333333333,77.33333333333333,77.33333333333333,75.66666666666667,78.33333333333333,71.66666666666667,66.66666666666667,62.666666666666664,61.666666666666664,58.333333333333336,58.333333333333336,57.0,56.333333333333336,62.333333333333336,64.33333333333333,67.0
2048,81.66666666666667,89.66666666666667,94.33333333333333,95.33333333333333,96.33333333333333,96.33333333333333,98.66666666666667,98.66666666666667,98.66666666666667,100.0,98.66666666666667,100.0,98.66666666666667,100.0,100.0,98.66666666666667,93.33333333333333,79.66666666666667,65.66666666666667,57.333333333333336,48.666666666666664,48.666666666666664,54.0,70.0
2049,70.0,75.0,75.0,78.66666666666667,77.0,75.33333333333333,76.66666666666667,81.0,80.0,75.66666666666667,78.0,78.0,78.0,78.0,69.0,61.0,57.0,50.0,46.0,43.0,46.0,46.0,49.0,55.333333333333336
2050,75.0,75.0,86.0,93.0,93.0,93.0,93.0,93.0,93.0,93.0,93.0,93.0,93.0,86.0,86.0,86.0,86.0,79.0,79.0,79.0,79.0,79.0,68.0,73.0
2051,67.0,67.0,67.0,64.0,64.0,62.0,64.0,70.0,67.0,65.0,65.0,68.0,68.0,65.0,64.0,62.0,55.0,53.0,57.0,57.0,53.0,51.0,49.0,50.0
2052,70.0,78.0,90.0,100.0,100.0,100.0,100.0,100.0,100.0,100.0,100.0,100.0,100.0,100.0,100.0,95.0,84.0,72.0,63.0,62.0,59.0,60.0,59.0,60.0
2053,66.33333333333333,79.0,85.0,86.33333333333333,91.33333333333333,92.66666666666667,92.0,91.22222222222223,95.0,94.0,92.66666666666667,92.55555555555556,94.33333333333333,93.33333333333333,91.66666666666667,80.66666666666667,66.33333333333333,55.666666666666664,47.333333333333336,44.0,43.0,44.0,46.666666666666664,55.333333333333336
2054,62.0,69.0,83.0,86.0,86.0,83.0,83.0,77.0,74.0,77.0,77.0,77.0,80.0,74.0,70.0,63.0,59.0,55.0,55.0,50.0,51.0,52.0,57.0,70.0
2055,40.0,51.0,59.0,66.0,71.0,75.0,69.0,76.0,80.0,82.0,81.0,78.0,86.0,90.0,91.0,85.0,72.0,59.0,53.0,44.0,40.0,38.0,40.0,51.0
2056,100.0,100.0,100.0,100.0,99.0,100.0,100.0,78.0,78.0,78.0,79.0,80.0,81.0,83.0,86.0,81.0,78.0,72.0,70.0,62.0,61.0,68.0,65.0,67.0
2057,75.0,72.0,78.0,76.0,76.0,76.0,76.0,76.0,72.0,72.0,69.0,81.0,85.0,81.0,69.0,63.0,63.0,61.0,55.0,55.0,53.0,53.0,58.0,63.0
2058,92.0,89.0,89.0,85.0,85.0,89.0,85.0,85.0,85.0,85.0,89.0,85.0,82.0,85.0,82.0,79.0,76.0,73.0,70.0,67.0,67.0,70.0,70.0,73.0
2059,85.0,92.0,92.0,97.66666666666667,96.0,92.0,92.0,92.0,92.0,92.0,92.0,88.0,91.0,87.0,88.0,80.0,84.0,83.0,84.0,80.0,80.0,76.0,69.0,73.0
2060,78.0,82.0,82.0,82.0,85.0,82.0,85.0,85.0,92.0,92.0,92.0,96.0,96.0,96.0,96.0,96.0,92.0,92.0,96.0,96.0,96.0,96.0,96.0,96.0
2061,100.0,100.0,100.0,93.0,100.0,93.0,93.0,86.0,80.0,86.0,85.0,92.0,92.0,86.0,79.0,86.0,92.0,92.0,85.0,79.0,79.0,85.0,72.0,85.0
2062,75.0,75.0,75.0,75.0,88.0,88.0,92.0,92.0,88.0,88.0,92.0,92.0,89.0,89.0,82.0,78.0,72.0,69.0,66.0,63.0,63.0,61.0,63.0,71.0
2063,89.0,93.66666666666667,93.0,93.0,91.66666666666667,93.0,93.0,93.0,93.0,86.0,84.66666666666667,84.33333333333333,81.0,80.0,77.66666666666667,73.0,73.0,73.0,74.0,74.0,66.66666666666667,70.0,79.0,79.0
2064,79.0,86.0,92.0,96.0,92.0,96.0,92.0,96.0,96.0,96.0,96.0,96.0,96.0,96.0,96.0,86.0,80.0,71.0,61.0,57.0,55.0,57.0,64.0,59.0
2065,79.0,82.0,76.0,76.0,76.0,76.0,76.0,76.0,76.0,76.0,73.0,73.0,70.0,67.0,65.0,60.0,56.0,54.0,56.0,54.0,54.0,53.0,53.0,51.0
2066,61.333333333333336,66.66666666666667,68.66666666666667,70.0,75.0,79.33333333333333,80.0,81.66666666666667,81.0,81.0,85.33333333333333,86.0,89.66666666666667,86.33333333333333,84.66666666666667,78.0,73.66666666666667,72.33333333333333,70.33333333333333,72.0,75.0,74.66666666666667,77.33333333333333,77.66666666666667
2067,43.0,52.0,54.0,50.0,52.0,47.0,50.0,53.0,54.0,57.0,58.0,61.0,61.0,59.0,57.0,50.0,41.0,33.0,32.0,30.0,30.0,33.0,36.0,40.0
2068,93.0,93.0,93.0,93.0,93.0,93.0,93.0,93.0,93.0,93.0,93.0,93.0,93.0,93.0,93.0,87.0,81.0,81.0,81.0,87.0,87.0,87.0,87.0,87.0
2069,82.0,92.0,92.0,92.0,82.0,79.0,76.0,73.0,76.0,79.0,78.0,92.0,92.0,89.0,68.0,56.0,54.0,52.0,52.0,50.0,52.0,54.0,65.0,68.0
2070,73.0,73.0,73.0,72.0,72.0,72.0,72.0,75.0,76.0,79.0,76.0,76.0,78.0,78.0,70.0,60.0,55.0,55.0,55.0,55.0,57.0,59.0,62.0,65.0
2071,83.33333333333333,84.33333333333333,85.33333333333333,85.66666666666667,86.33333333333333,84.33333333333333,84.0,84.33333333333333,83.66666666666667,84.0,84.66666666666667,81.66666666666667,81.33333333333333,83.66666666666667,79.33333333333333,77.0,76.0,73.0,71.0,69.66666666666667,68.33333333333333,68.66666666666667,72.0,81.33333333333333
2072,87.0,87.0,87.0,87.0,93.0,86.0,86.0,86.0,100.0,100.0,100.0,100.0,100.0,100.0,93.0,87.0,87.0,87.0,87.0,81.0,87.0,93.0,93.0,93.0
2073,79.0,84.0,87.0,84.0,90.0,87.0,90.0,86.0,90.0,86.0,77.0,74.0,68.0,63.0,58.0,52.0,47.0,37.0,56.0,70.0,73.0,66.0,70.0,68.0
2074,70.0,75.0,81.0,87.0,93.0,82.33333333333333,85.33333333333333,100.0,100.0,100.0,100.0,100.0,100.0,100.0,100.0,100.0,100.0,100.0,100.0,100.0,100.0,100.0,93.33333333333333,90.33333333333333
2075,93.33333333333333,90.66666666666667,92.0,93.33333333333333,93.33333333333333,92.0,90.66666666666667,92.0,90.66666666666667,90.66666666666667,90.66666666666667,92.0,92.0,91.0,89.66666666666667,91.0,90.0,91.0,91.0,91.0,91.0,93.33333333333333,90.66666666666667,92.0
2076,35.0,37.0,57.0,75.0,75.0,75.0,80.0,80.0,86.0,86.0,86.0,86.0,86.0,93.0,86.0,70.0,58.0,42.0,39.0,30.0,26.0,28.0,30.0,34.0
2077,64.0,77.0,90.0,93.0,94.0,94.0,95.0,95.0,95.0,95.0,94.0,95.0,94.0,95.0,84.0,67.0,50.0,47.0,43.0,41.0,43.0,46.0,48.0,61.0
2078,87.0,87.0,87.0,87.0,87.0,84.0,85.0,87.0,79.0,78.0,79.0,79.0,79.0,79.0,79.0,77.0,76.0,86.0,90.0,88.0,83.0,86.0,83.0,83.0
2079,17.0,25.333333333333332,34.333333333333336,33.666666666666664,34.666666666666664,38.666666666666664,42.0,39.333333333333336,41.333333333333336,47.0,48.666666666666664,50.333333333333336,50.666666666666664,51.666666666666664,54.0,50.666666666666664,40.0,34.0,30.666666666666668,23.333333333333332,21.0,19.666666666666668,19.0,17.333333333333332
2080,11.0,15.0,16.0,21.0,22.0,24.0,30.0,32.0,32.0,34.0,32.0,32.0,32.0,34.0,34.0,36.0,30.0,24.0,22.0,18.0,17.0,16.0,15.0,14.0
2081,89.0,85.0,85.0,89.0,78.0,82.0,78.0,82.0,72.0,69.0,61.0,61.0,64.0,64.0,67.0,67.0,72.0,69.0,62.0,64.0,64.0,56.0,63.0,63.0
2082,92.0,84.0,84.0,91.0,81.0,81.0,81.0,84.0,84.0,84.0,84.0,80.0,83.0,88.0,87.0,87.0,77.0,70.0,71.0,71.0,66.0,60.0,55.0,57.0
2083,13.0,21.0,31.0,33.0,36.0,34.0,40.0,36.0,40.0,40.0,45.0,43.0,47.0,45.0,45.0,53.0,34.0,24.0,18.0,15.0,14.0,18.0,21.0,28.0
2084,97.0,100.0,100.0,96.0,93.0,93.0,93.0,93.0,96.0,97.0,97.0,96.0,100.0,96.0,96.0,92.0,92.0,89.0,76.0,68.0,65.0,66.0,63.0,82.0
2085,76.0,81.33333333333333,88.33333333333333,93.33333333333333,94.33333333333333,97.66666666666667,97.66666666666667,99.0,98.66666666666667,98.66666666666667,98.66666666666667,99.0,100.0,98.66666666666667,96.66666666666667,81.33333333333333,64.66666666666667,53.666666666666664,48.0,48.333333333333336,49.333333333333336,46.0,49.666666666666664,57.0
2086,16.0,20.0,20.0,29.0,31.0,33.0,30.0,35.0,33.0,33.0,35.0,35.0,35.0,35.0,38.0,38.0,31.0,19.0,19.0,17.0,17.0,17.0,17.0,17.0
2087,34.666666666666664,43.0,43.333333333333336,46.666666666666664,71.0,48.0,52.333333333333336,56.333333333333336,58.666666666666664,62.0,64.0,63.666666666666664,68.0,71.33333333333333,72.66666666666667,71.0,60.666666666666664,65.0,50.0,59.0,44.666666666666664,60.0,52.333333333333336,57.333333333333336
2088,62.0,76.0,86.0,86.0,86.0,89.0,93.0,93.0,85.0,93.0,89.0,89.0,89.0,89.0,89.0,74.0,62.0,50.0,46.0,45.0,42.0,42.0,43.0,52.0
2089,95.33333333333333,94.33333333333333,94.33333333333333,94.33333333333333,94.33333333333333,93.33333333333333,94.33333333333333,95.33333333333333,92.66666666666667,91.0,94.0,90.66666666666667,89.33333333333333,86.66666666666667,90.66666666666667,91.0,88.33333333333333,84.66666666666667,78.66666666666667,76.0,81.33333333333333,81.33333333333333,88.33333333333333,86.0
2090,76.0,76.0,76.0,78.0,78.0,77.0,77.0,76.0,77.0,81.0,83.0,84.0,81.0,77.0,80.0,71.0,69.0,63.0,64.0,60.0,57.0,58.0,56.0,62.0
2091,64.0,65.0,71.0,72.0,86.0,88.0,95.0,100.0,100.0,100.0,100.0,100.0,100.0,100.0,100.0,100.0,100.0,100.0,67.0,58.0,56.0,55.0,60.0,64.0
2092,59.0,72.0,76.0,87.0,82.0,87.0,93.0,93.0,87.0,93.0,93.0,87.0,87.0,82.0,67.0,68.0,60.0,53.0,44.0,44.0,41.0,41.0,41.0,64.0
2093,93.0,87.0,87.0,87.0,87.0,87.0,87.0,87.0,87.0,87.0,87.0,87.0,87.0,87.0,87.0,87.0,81.0,75.0,65.0,75.0,75.0,75.0,87.0,87.0
2094,67.0,69.0,69.0,63.0,65.0,64.0,64.0,62.0,62.0,62.0,63.0,64.0,66.0,64.0,63.0,56.0,47.0,47.0,51.0,48.0,48.0,47.0,47.0,56.0
2095,73.0,74.0,78.0,94.0,96.0,96.0,96.0,96.0,96.0,95.0,95.0,93.0,95.0,93.0,80.0,76.0,71.0,66.0,62.0,59.0,62.0,62.0,62.0,64.0
2096,70.0,73.0,79.0,86.0,89.0,89.0,96.0,92.0,96.0,96.0,92.0,96.0,96.0,92.0,76.0,61.0,51.0,39.0,36.0,35.0,33.0,36.0,53.0,71.0
2097,71.0,74.0,77.0,78.0,78.0,80.0,82.0,88.0,92.0,92.0,98.0,99.0,99.0,98.0,99.0,98.0,97.0,98.0,97.0,97.0,97.0,95.0,94.0,92.0
2098,75.0,75.0,82.0,85.0,82.0,78.0,76.0,73.0,73.0,73.0,70.0,64.0,67.0,70.0,76.0,82.0,78.0,70.0,70.0,73.0,73.0,70.0,75.0,72.0
2099,96.0,87.0,82.0,86.0,89.0,82.0,82.0,81.0,79.0,77.0,78.0,75.0,76.0,76.0,77.0,88.0,79.0,79.0,71.0,66.0,49.0,53.0,67.0,81.0
2100,51.0,61.0,53.0,54.0,71.0,82.0,89.0,93.0,95.0,96.0,96.0,97.0,95.0,95.0,95.0,88.0,79.0,69.0,67.0,66.0,61.0,61.0,60.0,63.0
2101,77.0,84.66666666666667,84.33333333333333,89.33333333333333,88.33333333333333,88.33333333333333,92.33333333333333,93.33333333333333,90.33333333333333,88.66666666666667,89.0,89.33333333333333,89.66666666666667,89.66666666666667,76.66666666666667,61.666666666666664,50.0,44.666666666666664,40.0,38.666666666666664,40.666666666666664,41.333333333333336,47.333333333333336,68.66666666666667
2102,64.0,64.0,74.0,80.0,83.0,86.0,89.0,89.0,92.0,89.0,86.0,86.0,90.0,83.0,74.0,65.0,61.0,57.0,54.0,45.0,39.0,42.0,45.0,63.0
2103,76.0,93.0,100.0,100.0,100.0,100.0,100.0,100.0,100.0,100.0,100.0,93.0,100.0,100.0,81.0,71.0,58.0,54.0,51.0,48.0,44.0,51.0,58.0,93.0
2104,88.0,88.0,88.0,88.0,88.0,85.0,88.0,85.0,85.0,85.0,85.0,85.0,85.0,89.0,85.0,79.0,70.0,67.0,67.0,67.0,64.0,64.0,64.0,73.0
2105,68.0,71.0,68.0,76.0,89.0,86.0,89.0,92.0,92.0,92.0,88.0,96.0,88.0,82.0,68.0,61.0,58.0,56.0,54.0,54.0,59.0,63.0,74.0,82.0
2106,93.0,87.0,87.0,87.0,87.0,87.0,87.0,80.0,80.0,75.0,75.0,80.0,75.0,74.0,75.0,69.0,69.0,60.0,69.0,75.0,75.0,69.0,80.0,80.0
2107,82.0,92.0,100.0,96.0,96.0,96.0,96.0,92.0,92.0,92.0,88.0,84.0,84.0,84.0,91.0,80.0,80.0,74.0,74.0,70.0,74.0,71.0,74.0,74.0
2108,87.0,93.0,93.0,100.0,100.0,100.0,93.0,100.0,100.0,100.0,100.0,100.0,93.0,93.0,93.0,93.0,76.0,67.0,59.0,52.0,49.0,45.0,48.0,58.0
2109,90.0,96.0,97.0,92.0,96.0,100.0,100.0,96.0,100.0,100.0,96.0,96.0,100.0,96.0,93.0,71.0,62.0,54.0,50.0,45.0,47.0,43.0,46.0,83.0
2110,77.0,74.0,72.0,67.0,69.0,67.0,69.0,69.0,74.0,72.0,77.0,77.0,74.0,72.0,67.0,62.0,60.0,60.0,56.0,47.0,41.0,43.0,65.0,78.0
2111,75.0,81.0,84.0,87.0,84.0,83.0,87.0,83.0,86.0,87.0,87.0,90.0,87.0,90.0,87.0,81.0,73.0,69.0,71.0,64.0,71.0,71.0,74.0,76.0
2112,82.0,81.0,87.0,89.0,90.33333333333333,92.33333333333333,92.33333333333333,91.66666666666667,90.66666666666667,90.0,90.0,92.66666666666667,94.0,93.0,87.33333333333333,67.33333333333333,53.666666666666664,48.666666666666664,43.333333333333336,43.333333333333336,45.0,45.0,63.0,79.66666666666667
2113,81.66666666666667,79.33333333333333,80.66666666666667,85.33333333333333,88.66666666666667,87.33333333333333,85.0,84.66666666666667,83.0,81.66666666666667,82.66666666666667,82.0,81.66666666666667,82.66666666666667,82.66666666666667,81.0,79.33333333333333,76.0,72.66666666666667,67.33333333333333,64.66666666666667,61.0,61.0,64.33333333333333
2114,97.33333333333333,97.33333333333333,97.33333333333333,97.77777777777777,97.77777777777777,96.0,94.22222222222223,94.22222222222223,94.66666666666667,94.66666666666667,96.0,94.22222222222223,94.66666666666667,94.22222222222223,92.0,89.66666666666667,86.33333333333333,81.33333333333333,79.0,76.66666666666667,77.66666666666667,78.66666666666667,84.66666666666667,85.66666666666667
2115,70.0,70.0,72.0,73.0,76.0,76.0,78.0,76.0,76.0,79.0,82.0,82.0,82.0,79.0,79.0,73.0,65.0,62.0,62.0,60.0,62.0,58.0,60.0,65.0
2116,74.0,70.0,74.0,70.0,71.0,74.0,74.0,77.0,74.0,77.0,80.0,87.0,84.0,83.0,83.0,79.0,76.0,66.0,61.0,55.0,50.0,50.0,48.0,60.0
2117,73.0,79.0,83.0,86.0,90.0,92.0,93.0,94.0,94.0,95.0,96.0,94.0,94.0,95.0,93.33333333333333,91.0,77.0,70.0,67.0,68.0,66.0,69.0,70.33333333333333,76.0
2118,95.33333333333333,94.33333333333333,94.33333333333333,94.33333333333333,94.33333333333333,93.33333333333333,94.33333333333333,95.33333333333333,92.66666666666667,91.0,94.0,90.66666666666667,89.33333333333333,86.66666666666667,90.66666666666667,91.0,88.33333333333333,84.66666666666667,78.66666666666667,76.0,81.33333333333333,81.33333333333333,88.33333333333333,86.0
2119,88.33333333333333,88.66666666666667,90.33333333333333,90.33333333333333,89.33333333333333,88.33333333333333,88.33333333333333,90.66666666666667,90.33333333333333,89.33333333333333,90.33333333333333,89.0,89.0,89.33333333333333,90.33333333333333,85.33333333333333,82.33333333333333,81.66666666666667,79.66666666666667,79.33333333333333,77.66666666666667,78.66666666666667,81.0,83.66666666666667
2120,79.0,69.0,66.0,66.0,69.0,72.0,69.0,72.0,69.0,89.0,92.0,92.0,89.0,72.0,71.0,72.0,60.0,66.0,60.0,69.0,66.0,63.0,60.0,63.0
2121,95.0,94.66666666666667,97.33333333333333,98.66666666666667,97.33333333333333,98.66666666666667,98.66666666666667,100.0,100.0,98.66666666666667,100.0,98.66666666666667,100.0,98.66666666666667,95.33333333333333,87.0,67.66666666666667,56.333333333333336,48.0,45.0,45.666666666666664,48.666666666666664,58.0,83.66666666666667
2122,100.0,100.0,94.0,100.0,94.0,100.0,94.0,94.0,100.0,100.0,100.0,100.0,100.0,100.0,100.0,100.0,100.0,100.0,100.0,87.0,76.0,62.0,58.0,62.0
2123,82.0,83.66666666666667,84.0,88.0,90.33333333333333,91.66666666666667,88.66666666666667,91.0,90.0,92.33333333333333,91.33333333333333,90.0,91.0,91.66666666666667,84.0,81.0,76.0,72.66666666666667,70.33333333333333,69.0,66.66666666666667,66.0,74.66666666666667,79.0
2124,66.0,68.0,70.0,73.0,73.0,78.0,78.0,78.0,78.0,78.0,81.0,78.0,81.0,81.0,73.0,64.0,56.0,50.0,51.0,54.0,54.0,54.0,58.0,58.0
2125,81.33333333333333,89.0,91.0,97.66666666666667,97.66666666666667,97.66666666666667,97.66666666666667,100.0,97.66666666666667,100.0,95.33333333333333,97.66666666666667,97.66666666666667,97.66666666666667,97.66666666666667,85.66666666666667,64.0,51.666666666666664,45.666666666666664,44.0,44.0,43.666666666666664,48.333333333333336,70.33333333333333
2126,65.0,72.0,74.0,71.0,70.0,71.0,71.0,79.0,78.0,88.0,90.0,91.0,90.0,89.0,88.0,88.0,82.0,78.0,76.0,74.0,83.0,90.0,91.0,91.0
2127,60.0,69.0,74.0,74.0,80.0,74.0,86.0,80.0,93.0,93.0,100.0,93.0,100.0,100.0,93.0,93.0,93.0,86.0,86.0,86.0,74.0,69.0,74.0,68.0
2128,50.333333333333336,49.666666666666664,57.666666666666664,62.0,63.333333333333336,73.33333333333333,82.66666666666667,84.33333333333333,90.66666666666667,87.0,88.33333333333333,82.33333333333333,86.66666666666667,87.33333333333333,95.33333333333333,83.33333333333333,78.0,67.33333333333333,64.0,66.0,69.33333333333333,73.66666666666667,78.33333333333333,83.66666666666667
2129,62.0,65.0,62.0,62.0,70.0,67.0,73.0,70.0,68.0,67.0,64.0,64.0,67.0,62.0,60.0,54.0,50.0,51.0,48.0,48.0,50.0,50.0,53.0,60.0
2130,69.0,59.0,68.0,68.0,68.0,68.0,74.0,63.0,63.0,62.0,68.0,73.0,73.0,73.0,68.0,68.0,58.0,54.0,50.0,43.0,46.0,46.0,50.0,53.0
2131,98.0,98.0,98.0,98.0,99.0,99.0,97.0,99.0,99.0,97.0,99.0,98.0,99.0,99.0,98.0,99.0,99.0,98.0,98.0,99.0,99.0,98.0,98.0,99.0
2132,23.0,28.333333333333332,38.666666666666664,43.666666666666664,58.0,54.333333333333336,54.333333333333336,60.333333333333336,61.0,60.0,64.33333333333333,62.666666666666664,66.33333333333333,67.0,74.0,72.0,58.0,46.333333333333336,37.0,32.333333333333336,28.0,26.666666666666668,27.0,32.0
2133,73.0,67.0,67.0,70.0,70.0,67.0,67.0,67.0,67.0,70.0,70.0,70.0,68.0,68.0,65.0,59.0,53.0,53.0,53.0,53.0,55.0,55.0,55.0,59.0
2134,95.0,94.0,94.0,93.0,94.0,95.0,94.0,92.0,92.0,92.0,90.0,88.0,87.0,88.0,88.0,84.0,79.0,78.0,76.0,77.0,80.0,81.0,82.0,91.0
2135,86.0,93.0,93.0,86.0,86.0,86.0,86.0,85.0,85.0,92.0,85.0,92.0,85.0,85.0,85.0,85.0,92.0,79.0,73.0,68.0,73.0,68.0,63.0,73.0
2136,68.0,79.0,82.0,89.0,89.0,66.0,68.0,74.0,76.0,82.0,96.0,89.0,96.0,96.0,100.0,86.0,68.0,59.0,49.0,49.0,49.0,51.0,53.0,71.0
2137,84.0,85.0,86.0,84.0,85.0,87.0,88.0,90.0,91.0,95.0,96.0,96.0,97.0,96.0,97.0,94.0,94.0,92.0,94.0,94.0,92.0,87.0,92.0,94.0
2138,90.0,92.0,94.0,94.0,99.0,99.0,98.0,100.0,99.0,100.0,100.0,100.0,100.0,100.0,100.0,97.0,93.0,90.0,88.0,90.0,90.0,90.0,90.0,88.0
2139,90.0,89.0,89.0,89.0,89.0,93.0,92.0,92.0,89.0,92.0,92.0,89.0,92.0,92.0,86.0,72.0,56.0,43.0,40.0,38.0,42.0,45.0,56.0,80.0
2140,93.0,93.0,93.0,93.0,93.0,93.0,93.0,93.0,92.0,85.0,85.0,92.0,85.0,92.0,85.0,85.0,85.0,92.0,79.0,79.0,79.0,67.0,72.0,72.0
2141,19.0,29.0,36.0,45.0,50.0,54.0,59.0,62.0,64.0,67.0,64.0,64.0,66.0,69.0,72.0,75.0,70.0,55.0,44.0,36.0,36.0,33.0,31.0,36.0
2142,18.0,22.0,27.0,30.0,33.0,46.0,44.0,42.0,45.0,45.0,47.0,45.0,43.0,43.0,45.0,47.0,30.0,24.0,20.0,15.0,13.0,13.0,13.0,14.0
2143,90.0,92.0,90.0,92.0,90.0,92.0,89.0,92.0,92.0,92.0,90.0,90.0,90.0,92.0,92.0,91.0,91.0,89.0,87.0,84.0,83.0,79.0,80.0,84.0
2144,76.0,80.0,82.0,86.0,83.0,82.0,79.0,85.0,85.0,82.0,82.0,82.0,82.0,82.0,80.0,57.0,48.0,40.0,36.0,36.0,36.0,37.0,52.0,67.0
2145,12.0,17.0,24.0,23.0,22.0,22.0,23.0,24.0,25.0,28.0,30.0,30.0,31.0,35.0,34.0,28.0,23.0,23.0,20.0,16.0,15.0,15.0,16.0,16.0
2146,45.0,54.0,52.0,58.0,61.0,68.0,71.0,74.0,79.0,79.0,82.0,86.0,89.0,92.0,86.0,80.0,74.0,65.0,61.0,56.0,54.0,47.0,51.0,54.0
2147,66.0,68.0,70.0,70.0,76.0,79.0,78.0,75.0,85.0,78.0,82.0,82.0,81.0,84.0,85.0,88.0,82.0,75.0,67.0,57.0,56.0,54.0,54.0,56.0
2148,76.0,76.0,76.0,74.0,89.0,93.0,85.0,96.0,98.0,97.0,97.0,98.0,98.0,100.0,89.0,77.0,72.0,64.0,61.0,56.0,52.0,48.0,52.0,64.0
2149,82.0,84.0,85.0,88.0,88.0,89.0,84.0,79.0,79.0,77.0,77.0,79.0,78.0,76.0,74.0,68.0,58.0,59.0,61.0,58.0,51.0,51.0,58.0,61.0
2150,14.0,21.0,29.0,24.0,22.0,25.0,24.0,22.0,28.0,27.0,31.0,29.0,32.0,29.0,46.0,35.0,30.0,26.0,26.0,23.0,22.0,26.0,25.0,23.0
2151,78.0,86.0,86.0,89.0,93.0,96.0,97.0,96.0,96.0,96.0,96.0,96.0,97.0,97.0,97.0,93.0,84.0,70.0,60.0,58.0,60.0,61.0,66.0,71.0
2152,93.0,93.0,93.0,91.0,88.0,94.0,84.0,82.0,96.0,94.0,94.0,94.0,93.0,94.0,84.0,68.0,56.0,52.0,48.0,46.0,46.0,48.0,81.0,93.0
2153,98.33333333333333,98.0,96.66666666666667,95.66666666666667,93.66666666666667,94.0,94.33333333333333,93.66666666666667,92.66666666666667,92.66666666666667,91.33333333333333,92.33333333333333,92.33333333333333,92.0,88.33333333333333,84.66666666666667,78.0,75.66666666666667,86.66666666666667,81.0,78.0,74.66666666666667,74.0,72.33333333333333
2154,88.0,88.0,85.0,82.0,88.0,88.0,85.0,82.0,85.0,82.0,79.0,82.0,82.0,78.0,78.0,75.0,69.0,75.0,85.0,82.0,82.0,82.0,82.0,81.0
2155,86.0,96.0,100.0,100.0,100.0,100.0,100.0,100.0,100.0,100.0,100.0,100.0,100.0,100.0,97.0,80.0,67.0,58.0,52.0,49.0,54.0,46.0,59.0,70.0
2156,61.0,72.0,69.0,66.0,64.0,63.0,63.0,66.0,69.0,73.0,75.0,76.0,77.0,79.0,89.0,80.0,65.0,55.0,51.0,42.0,34.0,49.333333333333336,53.0,60.0
2157,32.0,39.0,55.0,66.0,65.0,68.0,68.0,68.0,60.0,65.0,73.0,70.0,70.0,76.0,73.0,65.0,60.0,48.0,39.0,36.0,31.0,26.0,25.0,24.0
2158,70.0,75.0,75.0,72.0,72.0,75.0,79.0,76.0,76.0,76.0,76.0,76.0,73.0,73.0,68.0,65.0,62.0,60.0,60.0,60.0,55.0,60.0,62.0,65.0
2159,76.0,75.0,100.0,100.0,87.0,81.0,81.0,76.0,76.0,76.0,76.0,81.0,81.0,81.0,76.0,66.0,58.0,51.0,51.0,42.0,42.0,48.0,58.0,66.0
2160,79.0,82.0,88.0,92.0,89.0,88.0,89.0,85.0,92.0,89.0,89.0,92.0,92.0,92.0,88.0,88.0,92.0,79.0,65.0,64.0,60.0,58.0,56.0,53.0
2161,90.0,92.0,92.0,100.0,100.0,100.0,100.0,100.0,100.0,100.0,100.0,100.0,100.0,100.0,100.0,98.0,92.0,89.0,86.0,82.0,80.0,79.0,81.0,84.0
2162,76.0,79.0,76.0,73.0,73.0,73.0,76.0,73.0,73.0,73.0,76.0,76.0,70.0,73.0,73.0,70.0,65.0,60.0,56.0,56.0,56.0,60.0,60.0,55.0
2163,85.0,92.66666666666667,94.0,98.66666666666667,96.33333333333333,98.66666666666667,96.33333333333333,98.66666666666667,96.33333333333333,96.33333333333333,100.0,98.66666666666667,96.33333333333333,96.33333333333333,95.0,86.0,66.66666666666667,58.666666666666664,51.0,43.0,39.0,39.0,41.666666666666664,49.666666666666664
2164,17.0,20.0,23.0,23.0,23.0,23.0,24.0,24.0,28.0,26.0,22.0,21.0,22.0,19.0,22.0,19.0,21.0,18.0,17.0,15.0,15.0,15.0,15.0,16.0
2165,96.0,100.0,96.0,96.0,100.0,100.0,100.0,96.0,96.0,96.0,96.0,100.0,96.0,100.0,96.0,66.0,58.0,57.0,54.0,50.0,54.0,61.0,86.0,96.0
2166,38.0,40.0,50.0,56.0,56.0,58.0,63.0,65.0,69.0,66.0,68.0,73.0,76.0,79.0,78.0,67.0,57.0,35.0,36.0,33.0,31.0,29.0,34.0,41.0
2167,40.0,70.0,66.0,75.0,69.0,75.0,78.0,61.0,66.0,78.0,77.0,78.0,78.0,69.0,77.0,78.0,69.0,57.0,62.0,60.0,55.0,62.0,86.0,83.0
2168,34.0,41.0,45.0,50.0,60.0,69.0,65.0,65.0,72.0,77.0,80.0,78.0,75.0,78.0,80.0,77.0,74.0,70.0,65.0,68.0,72.0,82.0,83.0,85.0
2169,49.0,56.0,56.0,66.0,59.0,56.0,48.0,54.0,63.0,68.0,68.0,68.0,70.0,79.0,73.0,58.0,45.0,36.0,38.0,39.0,47.0,53.0,63.0,70.0
2170,73.0,79.0,79.0,79.0,79.0,73.0,73.0,73.0,67.0,67.0,67.0,85.0,79.0,85.0,85.0,78.0,72.0,72.0,67.0,57.0,52.0,52.0,52.0,56.0
2171,60.0,61.0,63.0,68.0,74.0,71.0,80.0,79.0,83.0,86.0,90.0,97.0,100.0,96.0,100.0,89.0,83.0,70.0,68.0,57.0,55.0,55.0,55.0,59.0
2172,70.0,67.0,70.0,70.0,72.0,72.0,72.0,72.0,75.0,75.0,75.0,85.0,85.0,88.0,85.0,85.0,85.0,88.0,88.0,85.0,79.0,75.0,78.0,73.0
2173,72.66666666666667,87.33333333333333,91.33333333333333,87.0,88.0,90.0,85.33333333333333,88.33333333333333,91.0,92.0,92.33333333333333,91.0,92.66666666666667,90.0,78.33333333333333,64.0,52.666666666666664,44.666666666666664,39.333333333333336,35.0,35.0,36.333333333333336,53.333333333333336,71.0
2174,72.0,68.0,70.0,64.0,64.0,70.0,67.0,67.0,70.0,70.0,73.0,70.0,70.0,65.0,63.0,63.0,48.0,42.0,46.0,44.0,44.0,44.0,47.0,56.0
2175,45.0,58.0,62.0,64.0,68.0,67.0,64.0,70.0,70.0,73.0,79.0,86.0,85.0,88.0,88.0,86.0,88.0,88.0,88.0,89.0,90.0,91.0,92.0,92.0
2176,89.0,87.0,86.0,81.0,76.0,76.0,73.0,76.0,70.0,69.0,70.0,72.0,74.0,73.0,74.0,74.0,74.0,72.0,61.0,56.0,65.0,64.0,64.0,72.0
2177,77.33333333333333,82.0,78.0,84.33333333333333,86.66666666666667,90.66666666666667,88.66666666666667,88.66666666666667,92.0,91.66666666666667,90.66666666666667,93.66666666666667,93.66666666666667,87.33333333333333,75.66666666666667,65.0,49.333333333333336,45.0,43.666666666666664,45.333333333333336,42.666666666666664,46.333333333333336,49.333333333333336,61.333333333333336
2178,72.0,70.0,75.0,75.0,75.0,78.0,78.0,78.0,85.0,88.0,88.0,92.0,89.0,92.0,89.0,89.0,78.0,78.0,72.0,72.0,69.0,67.0,66.0,63.0
2179,19.0,24.0,27.0,30.0,38.0,42.0,48.0,53.0,54.0,61.0,66.0,66.0,68.0,65.0,65.0,51.0,46.0,36.0,28.0,25.0,23.0,21.0,20.0,20.0
2180,63.666666666666664,74.33333333333333,70.66666666666667,77.66666666666667,84.0,90.0,81.66666666666667,86.33333333333333,82.33333333333333,89.0,89.66666666666667,86.66666666666667,90.66666666666667,94.33333333333333,90.66666666666667,83.66666666666667,71.0,68.0,64.66666666666667,69.33333333333333,68.66666666666667,75.0,80.66666666666667,86.0
2181,44.0,44.0,51.0,51.0,53.0,54.0,57.0,58.0,66.0,68.0,73.0,80.0,86.0,90.0,89.0,83.0,74.0,67.0,61.0,54.0,44.0,50.0,52.0,56.0
2182,70.0,81.0,84.0,86.0,90.0,91.0,92.0,92.0,93.0,94.0,94.0,93.0,94.0,93.0,92.0,88.0,79.0,70.0,64.0,63.0,67.0,70.0,76.0,79.0
2183,93.0,87.0,93.0,93.0,93.0,93.0,93.0,93.0,93.0,100.0,93.0,100.0,100.0,100.0,87.0,71.0,62.0,52.0,55.0,52.0,49.0,49.0,59.0,87.0
2184,44.0,58.0,66.0,76.0,62.0,54.0,57.0,66.0,66.0,74.0,70.0,70.0,75.0,81.0,76.0,62.0,50.0,41.0,41.0,54.0,54.0,62.0,71.0,81.0
2185,61.0,66.0,65.0,70.0,75.0,81.0,81.0,81.0,87.0,93.0,93.0,93.0,93.0,93.0,93.0,87.0,70.0,66.0,66.0,66.0,66.0,75.0,81.0,87.0
2186,81.0,81.0,87.0,87.0,81.0,81.0,87.0,87.0,87.0,87.0,87.0,87.0,87.0,87.0,87.0,81.0,81.0,81.0,81.0,81.0,75.0,81.0,87.0,87.0
2187,76.0,74.0,73.0,73.0,72.0,72.0,73.0,74.0,77.0,72.0,71.0,72.0,78.0,77.0,69.0,65.0,68.0,64.0,57.0,57.0,55.0,55.0,54.0,68.0
2188,100.0,100.0,100.0,100.0,100.0,100.0,100.0,100.0,100.0,100.0,100.0,100.0,100.0,100.0,98.0,76.0,54.0,49.0,48.0,42.0,44.0,46.0,57.0,83.0
2189,70.0,72.0,76.0,76.0,79.0,79.0,76.0,76.0,76.0,76.0,76.0,76.0,76.0,73.0,73.0,67.0,68.0,62.0,62.0,60.0,60.0,62.0,60.0,67.0
2190,66.0,70.0,75.0,75.0,76.0,81.0,76.0,81.0,81.0,81.0,93.0,93.0,86.0,93.0,93.0,93.0,86.0,80.0,86.0,86.0,86.0,86.0,93.0,93.0
2191,50.0,59.666666666666664,67.0,75.66666666666667,75.0,75.66666666666667,77.33333333333333,81.33333333333333,82.66666666666667,77.66666666666667,77.66666666666667,79.33333333333333,79.33333333333333,79.66666666666667,83.0,85.33333333333333,84.0,76.33333333333333,64.66666666666667,59.666666666666664,50.333333333333336,46.0,44.333333333333336,42.666666666666664
2192,26.666666666666668,32.666666666666664,37.333333333333336,41.666666666666664,51.0,48.333333333333336,48.666666666666664,53.0,62.666666666666664,68.66666666666667,72.33333333333333,74.66666666666667,77.66666666666667,79.66666666666667,79.0,64.33333333333333,59.0,58.666666666666664,55.333333333333336,55.666666666666664,55.0,61.0,63.0,69.0
2193,32.0,43.0,52.0,56.0,59.0,66.0,68.0,61.0,61.0,66.0,64.0,67.0,64.0,73.0,83.0,79.0,67.0,62.0,57.0,49.0,42.0,39.0,39.0,36.0
2194,71.0,74.0,85.0,87.0,82.0,74.0,69.0,73.0,76.0,80.0,81.0,91.0,95.0,96.0,95.0,80.0,69.0,65.0,57.0,46.0,44.0,44.0,46.0,54.0
2195,69.0,80.0,86.0,93.0,93.0,93.0,74.0,69.0,74.0,68.0,63.0,58.0,58.0,54.0,58.0,54.0,54.0,54.0,54.0,50.0,43.0,46.0,46.0,46.0
2196,58.0,66.0,63.0,66.0,66.0,66.0,65.0,63.0,66.0,63.0,63.0,66.0,71.0,71.0,71.0,65.0,60.0,52.0,55.0,52.0,52.0,52.0,52.0,59.0
2197,93.0,100.0,100.0,100.0,100.0,100.0,100.0,100.0,100.0,100.0,100.0,100.0,100.0,100.0,100.0,100.0,67.0,50.0,45.0,40.0,32.0,27.0,58.0,77.0
2198,29.0,36.0,51.0,47.0,58.0,66.0,66.0,52.666666666666664,53.333333333333336,59.0,57.666666666666664,65.0,63.666666666666664,64.66666666666667,66.66666666666667,71.0,69.33333333333333,58.0,49.666666666666664,36.0,35.0,37.666666666666664,39.333333333333336,45.666666666666664
2199,88.0,89.0,89.0,89.33333333333333,91.0,89.0,88.66666666666667,89.0,88.66666666666667,89.0,90.66666666666667,87.66666666666667,86.33333333333333,88.66666666666667,86.33333333333333,81.66666666666667,80.66666666666667,76.66666666666667,74.66666666666667,74.33333333333333,73.0,74.33333333333333,77.66666666666667,87.0
2200,26.0,33.0,42.0,47.0,49.0,54.0,56.0,58.0,66.0,68.0,71.0,71.0,78.0,78.0,81.0,74.0,71.0,61.0,56.0,50.0,41.0,38.0,36.0,38.0
2201,67.33333333333333,72.0,66.0,65.66666666666667,66.66666666666667,65.0,67.0,72.33333333333333,77.0,76.0,72.66666666666667,72.66666666666667,72.66666666666667,71.33333333333333,70.0,68.66666666666667,68.66666666666667,67.33333333333333,65.0,59.666666666666664,62.666666666666664,60.666666666666664,64.66666666666667,73.66666666666667
2202,83.0,86.0,89.0,96.0,96.0,96.0,97.0,96.0,96.0,96.0,96.0,93.0,100.0,97.0,90.0,84.0,81.0,66.0,70.0,71.0,73.0,75.0,81.0,84.0
2203,41.0,62.0,66.0,76.0,71.0,76.0,62.0,66.0,57.0,66.0,93.0,100.0,93.0,100.0,93.0,66.0,51.0,42.0,32.0,30.0,28.0,28.0,30.0,42.0
2204,77.0,84.66666666666667,90.33333333333333,92.66666666666667,93.66666666666667,93.66666666666667,95.0,97.33333333333333,94.66666666666667,97.33333333333333,96.0,97.33333333333333,96.0,97.33333333333333,98.66666666666667,89.66666666666667,77.33333333333333,71.66666666666667,58.333333333333336,51.0,47.0,46.333333333333336,49.0,64.33333333333333
2205,56.0,57.0,62.0,56.0,52.0,49.0,51.0,54.0,62.0,77.0,72.0,78.0,72.0,78.0,80.0,79.0,76.0,67.0,56.0,49.0,47.0,46.0,46.0,48.0
2206,79.66666666666667,83.33333333333333,85.0,89.33333333333333,95.0,95.0,96.66666666666667,96.66666666666667,94.66666666666667,95.0,95.33333333333333,94.66666666666667,91.33333333333333,89.0,81.66666666666667,63.666666666666664,55.666666666666664,52.0,49.333333333333336,51.333333333333336,50.666666666666664,54.333333333333336,65.0,81.0
2207,82.0,78.0,82.0,86.0,89.0,90.0,90.0,86.0,78.0,74.0,84.0,86.0,92.0,91.0,90.0,89.0,90.0,90.0,90.0,90.0,90.0,87.0,85.0,87.0
2208,89.0,93.33333333333333,93.33333333333333,93.0,97.66666666666667,97.66666666666667,100.0,97.66666666666667,97.66666666666667,97.66666666666667,97.66666666666667,93.0,95.33333333333333,100.0,95.33333333333333,79.33333333333333,62.0,54.666666666666664,45.666666666666664,46.333333333333336,43.0,44.0,50.0,73.0
2209,38.0,53.0,65.0,74.0,82.0,85.0,83.0,88.0,88.0,92.0,94.0,95.0,95.0,95.0,94.0,88.0,77.0,66.0,59.0,56.0,63.0,66.0,68.0,68.0
2210,77.0,73.0,69.0,67.0,70.0,73.0,68.0,68.0,71.0,70.0,70.0,66.0,65.0,73.0,68.0,64.0,62.0,57.0,51.0,49.0,46.0,46.0,48.0,58.0
2211,18.0,24.0,31.0,34.0,38.0,43.0,43.0,45.0,48.0,50.0,52.0,54.0,58.0,56.0,56.0,59.0,39.0,23.0,18.0,18.0,20.0,16.0,16.0,16.0
2212,84.0,84.0,81.0,82.0,80.0,79.0,80.0,79.0,76.0,78.0,80.0,80.0,82.0,84.0,80.0,72.0,76.0,87.0,88.0,80.0,80.0,78.0,76.0,79.0
2213,77.0,77.0,77.0,77.0,77.0,77.0,77.0,80.0,83.0,83.0,83.0,80.0,76.0,86.0,86.0,86.0,86.0,74.0,73.0,74.0,61.0,55.0,49.0,47.0
2214,74.0,74.0,79.0,79.0,80.0,80.0,80.0,86.0,90.0,87.0,89.0,99.0,99.0,100.0,91.0,84.0,73.0,66.0,60.0,56.0,53.0,52.0,56.0,68.0
2215,42.0,48.0,46.0,52.0,56.0,63.0,70.0,71.0,70.66666666666667,65.0,68.0,68.0,70.0,68.0,61.0,49.0,44.0,38.0,34.0,31.0,30.0,32.0,35.0,40.0
2216,69.0,69.0,71.0,71.0,67.0,69.0,66.0,66.0,67.0,65.0,69.0,68.0,66.0,64.0,66.0,66.0,62.0,58.0,51.0,48.0,45.0,49.0,45.0,51.0
2217,79.0,77.0,77.0,74.0,74.0,72.0,75.0,74.0,75.0,72.0,74.0,75.0,76.0,71.0,72.0,70.0,67.0,64.0,61.0,60.0,56.0,50.0,54.0,57.0
2218,34.0,43.0,44.0,48.0,50.0,55.0,53.0,57.0,62.0,63.0,65.0,67.0,65.0,73.0,72.0,57.0,52.0,50.0,47.0,43.0,41.0,39.0,40.0,50.0
2219,86.0,87.0,89.0,88.0,89.0,91.0,93.0,92.0,91.0,95.0,97.0,99.0,100.0,100.0,100.0,99.0,98.0,96.0,93.0,92.0,92.0,90.0,89.0,88.0
2220,85.0,83.0,79.0,78.0,81.0,78.0,78.0,82.0,74.0,73.0,73.0,74.0,73.0,73.0,70.0,70.0,71.0,66.0,64.0,67.0,66.0,64.0,69.0,71.0
2221,62.0,65.0,68.0,75.0,75.0,76.0,81.0,77.0,75.0,75.0,74.0,81.0,85.0,87.0,88.0,70.0,55.0,45.0,44.0,58.0,62.0,68.0,73.0,80.0
2222,72.0,71.0,71.0,72.0,73.0,75.0,74.0,74.0,74.0,72.0,76.0,78.0,78.0,79.0,76.0,72.0,66.0,61.0,56.0,55.0,56.0,56.0,56.0,59.0
2223,68.0,73.0,73.0,68.0,73.0,76.0,79.0,89.0,79.0,79.0,86.0,85.0,88.0,85.0,92.0,92.0,92.0,92.0,92.0,92.0,88.0,85.0,81.0,75.0
2224,81.0,80.0,88.0,84.0,86.0,89.0,89.0,85.0,88.0,85.0,88.0,94.0,94.0,94.0,95.0,79.0,67.0,52.0,48.0,40.0,40.0,42.0,44.0,64.0
2225,66.0,66.0,71.33333333333333,71.0,68.33333333333333,73.0,70.0,67.33333333333333,69.0,69.0,67.33333333333333,69.0,69.0,67.33333333333333,65.66666666666667,63.333333333333336,58.666666666666664,57.0,54.666666666666664,53.666666666666664,58.666666666666664,55.666666666666664,57.666666666666664,64.33333333333333
2226,87.0,90.0,94.0,96.0,99.0,100.0,100.0,100.0,100.0,100.0,100.0,100.0,100.0,100.0,100.0,100.0,100.0,93.0,81.0,74.0,74.0,72.0,75.0,84.0
2227,52.0,56.0,58.0,57.0,67.0,77.0,80.0,83.0,86.0,86.0,80.0,80.0,80.0,77.0,69.0,68.0,63.0,59.0,52.0,46.0,45.0,45.0,45.0,46.0
2228,45.0,44.0,36.0,61.0,72.0,66.0,66.0,75.0,61.0,52.0,54.0,61.0,69.0,72.0,76.0,69.0,67.0,57.0,53.0,47.0,47.0,42.0,37.0,44.0
2229,14.0,23.0,28.0,28.0,29.0,34.0,33.0,39.0,39.0,42.0,54.0,50.0,45.0,49.0,54.0,54.0,50.0,37.0,29.0,25.0,20.0,19.0,18.0,18.0
2230,92.0,96.0,92.0,99.0,99.0,99.0,99.0,100.0,99.0,98.0,99.0,99.0,99.0,99.0,89.0,69.0,56.0,49.0,44.0,42.0,40.0,40.0,47.0,74.0
2231,82.0,78.0,79.0,84.33333333333333,75.0,75.0,79.0,82.0,82.0,82.0,88.0,85.0,82.0,78.0,82.0,79.0,72.0,67.0,67.0,64.0,73.0,78.0,76.0,82.0
2232,81.33333333333333,87.33333333333333,89.66666666666667,92.0,91.66666666666667,89.66666666666667,91.0,91.33333333333333,92.0,91.33333333333333,92.0,90.0,90.33333333333333,92.0,82.0,70.33333333333333,55.666666666666664,47.0,39.666666666666664,37.666666666666664,35.333333333333336,36.666666666666664,58.666666666666664,75.66666666666667
2233,80.0,87.0,81.0,81.0,81.0,81.0,81.0,81.0,81.0,81.0,81.0,81.0,81.0,81.0,70.0,70.0,70.0,65.0,65.0,65.0,65.0,70.0,70.0,70.0
2234,54.0,63.0,73.0,73.0,79.0,82.0,82.0,82.0,89.0,86.0,82.0,86.0,89.0,89.0,79.0,66.0,49.0,41.0,37.0,34.0,30.0,28.0,29.0,42.0
2235,100.0,92.0,96.0,100.0,100.0,100.0,82.0,82.0,86.0,96.0,92.0,96.0,100.0,100.0,82.0,66.0,54.0,51.0,52.0,53.0,53.0,55.0,77.0,93.0
2236,50.0,59.0,66.0,69.0,80.0,83.0,87.0,89.0,95.0,96.0,97.0,98.0,97.0,97.0,97.0,90.0,71.0,61.0,56.0,55.0,55.0,56.0,57.0,62.0
2237,46.0,50.0,67.0,82.0,92.0,92.0,88.0,92.0,88.0,82.0,74.0,81.0,78.0,77.0,76.0,76.0,74.0,63.0,66.0,58.0,61.0,59.0,50.0,50.0
2238,64.0,72.0,73.0,70.0,73.0,70.0,72.0,72.0,66.0,68.0,64.0,62.0,64.0,71.0,79.0,74.0,71.0,59.0,57.0,49.0,48.0,44.0,43.0,51.0
2239,14.0,16.333333333333332,19.666666666666668,24.666666666666668,27.666666666666668,29.333333333333332,32.666666666666664,34.666666666666664,38.333333333333336,40.666666666666664,42.333333333333336,41.333333333333336,44.0,47.666666666666664,47.333333333333336,42.666666666666664,33.333333333333336,26.666666666666668,22.333333333333332,17.666666666666668,16.0,13.0,14.333333333333334,13.666666666666666
2240,92.0,92.0,96.0,95.0,94.0,94.0,100.0,100.0,100.0,100.0,100.0,100.0,100.0,100.0,100.0,99.0,90.0,83.0,79.0,71.0,69.0,65.0,67.0,69.0
2241,38.0,39.0,40.0,42.0,42.0,47.0,60.0,73.0,86.0,95.0,99.0,100.0,100.0,100.0,100.0,97.0,81.0,72.0,62.0,52.0,54.0,56.0,52.0,61.0
2242,87.33333333333333,90.0,90.66666666666667,92.0,95.0,95.66666666666667,96.0,94.66666666666667,95.66666666666667,96.33333333333333,96.33333333333333,95.0,95.0,95.33333333333333,90.66666666666667,77.0,58.666666666666664,49.0,44.333333333333336,41.0,38.333333333333336,43.0,58.0,74.0
2243,81.0,87.0,87.0,87.0,87.0,93.0,93.0,93.0,93.0,93.0,93.0,100.0,93.0,93.0,93.0,87.0,87.0,87.0,87.0,81.0,87.0,87.0,93.0,93.0
2244,71.0,66.0,69.0,65.0,65.0,67.0,67.0,68.0,69.0,67.0,64.0,64.0,66.0,63.0,64.0,62.0,56.0,56.0,51.0,44.0,42.0,39.0,43.0,51.0
2245,80.66666666666667,91.33333333333333,90.0,94.66666666666667,94.66666666666667,93.66666666666667,92.66666666666667,96.0,93.33333333333333,96.0,94.66666666666667,97.33333333333333,96.0,97.33333333333333,98.66666666666667,87.33333333333333,77.0,64.66666666666667,49.333333333333336,41.666666666666664,39.333333333333336,38.333333333333336,44.666666666666664,67.0
2246,90.33333333333333,90.66666666666667,92.0,92.66666666666667,92.0,93.33333333333333,91.0,91.66666666666667,91.33333333333333,91.0,89.33333333333333,90.33333333333333,91.33333333333333,91.33333333333333,90.0,84.0,77.33333333333333,72.66666666666667,72.66666666666667,69.33333333333333,69.66666666666667,71.33333333333333,79.33333333333333,81.0
2247,94.33333333333333,98.33333333333333,94.66666666666667,96.33333333333333,89.33333333333333,94.33333333333333,92.0,93.33333333333333,99.0,98.66666666666667,96.0,99.33333333333333,98.66666666666667,98.66666666666667,79.33333333333333,66.66666666666667,61.333333333333336,54.666666666666664,53.0,52.0,51.333333333333336,52.666666666666664,79.0,95.33333333333333
2248,50.0,59.666666666666664,67.0,75.66666666666667,75.0,75.66666666666667,77.33333333333333,81.33333333333333,82.66666666666667,77.66666666666667,77.66666666666667,79.33333333333333,79.33333333333333,79.66666666666667,83.0,85.33333333333333,84.0,76.33333333333333,64.66666666666667,59.666666666666664,50.333333333333336,46.0,44.333333333333336,42.666666666666664
2249,85.0,85.0,85.0,85.0,85.0,85.0,92.0,85.0,92.0,85.0,92.0,84.0,84.0,84.0,84.0,84.0,85.0,85.0,85.0,78.0,78.0,78.0,85.0,78.0
2250,54.333333333333336,61.0,64.0,71.33333333333333,63.666666666666664,63.0,66.33333333333333,69.33333333333333,66.66666666666667,67.66666666666667,71.33333333333333,72.66666666666667,74.0,70.0,73.0,77.33333333333333,76.33333333333333,68.0,57.0,51.0,43.333333333333336,40.0,39.666666666666664,39.0
2251,61.0,67.66666666666667,73.33333333333333,79.0,77.33333333333333,79.66666666666667,78.33333333333333,82.0,78.33333333333333,77.33333333333333,78.0,78.66666666666667,78.66666666666667,78.66666666666667,81.0,82.66666666666667,82.66666666666667,77.66666666666667,67.0,61.666666666666664,51.333333333333336,46.666666666666664,44.666666666666664,43.0
2252,94.0,95.0,95.33333333333333,95.33333333333333,95.66666666666667,95.33333333333333,95.0,95.33333333333333,94.33333333333333,95.33333333333333,94.0,94.33333333333333,94.0,93.33333333333333,92.33333333333333,89.33333333333333,88.0,87.0,86.33333333333333,86.0,87.0,89.33333333333333,88.66666666666667,87.0
2253,36.0,55.0,48.0,48.0,80.0,80.0,86.0,80.0,86.0,86.0,80.0,100.0,100.0,100.0,100.0,100.0,100.0,100.0,100.0,100.0,100.0,100.0,79.0,86.0
2254,13.0,18.0,28.0,28.0,31.0,37.0,40.0,41.0,42.0,44.0,47.0,51.0,51.0,51.0,54.0,41.0,32.0,27.0,20.0,16.0,15.0,14.0,13.0,13.0
2255,27.0,32.0,29.0,30.0,38.0,35.0,41.0,41.0,54.0,41.0,75.0,72.0,72.0,75.0,72.0,66.0,48.0,39.0,30.0,27.0,24.0,22.0,19.0,20.0
2256,90.0,88.0,100.0,100.0,100.0,97.0,99.0,99.0,100.0,100.0,100.0,100.0,100.0,100.0,100.0,93.0,84.0,78.0,74.0,66.0,66.0,67.0,70.0,78.0
2257,73.0,73.0,73.0,73.0,73.0,73.0,73.0,73.0,67.0,73.0,73.0,73.0,85.0,85.0,92.0,85.0,78.0,72.0,57.0,57.0,53.0,48.0,57.0,61.0
2258,17.666666666666668,24.0,29.666666666666668,35.0,39.333333333333336,41.0,43.333333333333336,45.333333333333336,49.333333333333336,51.333333333333336,57.333333333333336,55.666666666666664,58.0,59.0,60.333333333333336,55.333333333333336,44.0,33.0,24.0,18.0,17.666666666666668,18.666666666666668,18.666666666666668,21.333333333333332
2259,93.66666666666667,93.0,94.33333333333333,93.66666666666667,93.66666666666667,92.33333333333333,89.66666666666667,91.33333333333333,90.33333333333333,88.33333333333333,90.0,89.33333333333333,88.66666666666667,88.0,85.66666666666667,83.33333333333333,79.0,78.33333333333333,78.66666666666667,69.33333333333333,64.66666666666667,60.0,63.666666666666664,65.66666666666667
2260,85.33333333333333,89.33333333333333,93.33333333333333,95.33333333333333,95.66666666666667,95.66666666666667,95.66666666666667,93.33333333333333,93.33333333333333,95.66666666666667,95.66666666666667,91.33333333333333,91.33333333333333,93.33333333333333,84.33333333333333,71.0,57.666666666666664,51.0,45.0,42.333333333333336,39.333333333333336,42.333333333333336,62.666666666666664,81.33333333333333
2261,39.0,52.0,72.0,74.0,71.0,71.0,71.0,74.0,93.0,83.0,80.0,77.0,89.0,93.0,93.0,96.0,100.0,93.0,64.0,52.0,58.0,60.0,56.0,56.0
2262,38.0,40.0,50.0,56.0,64.0,63.0,67.0,68.0,69.0,72.0,78.0,79.0,80.0,80.0,80.0,66.0,74.0,67.0,66.0,88.0,94.0,96.0,100.0,100.0
2263,100.0,100.0,100.0,100.0,100.0,100.0,100.0,100.0,100.0,100.0,100.0,100.0,100.0,100.0,100.0,87.0,71.0,55.0,49.0,48.0,49.0,51.0,65.0,90.0
2264,75.0,71.0,81.0,75.0,78.33333333333333,77.33333333333333,78.33333333333333,80.0,78.0,81.33333333333333,81.33333333333333,82.33333333333333,80.33333333333333,77.33333333333333,77.66666666666667,72.33333333333333,56.0,56.0,71.66666666666667,61.0,68.66666666666667,68.0,75.0,73.66666666666667
2265,89.33333333333333,94.0,97.33333333333333,96.33333333333333,97.33333333333333,97.33333333333333,97.33333333333333,97.0,97.66666666666667,96.0,97.33333333333333,96.0,97.33333333333333,96.0,96.33333333333333,97.33333333333333,89.66666666666667,79.0,63.666666666666664,55.666666666666664,51.333333333333336,50.333333333333336,53.333333333333336,72.66666666666667
2266,70.0,75.0,81.0,87.0,76.0,76.0,76.0,81.0,87.0,87.0,81.0,87.0,93.0,93.0,93.0,93.0,93.0,93.0,86.0,93.0,93.0,93.0,93.0,93.0
2267,81.66666666666667,80.33333333333333,83.33333333333333,83.66666666666667,82.0,81.66666666666667,80.0,80.33333333333333,79.0,77.33333333333333,73.0,69.66666666666667,69.66666666666667,68.66666666666667,71.33333333333333,74.0,76.0,74.66666666666667,71.33333333333333,69.33333333333333,70.0,67.33333333333333,67.33333333333333,72.33333333333333
2268,11.0,16.0,23.0,27.0,35.0,35.0,32.0,44.0,46.0,48.0,48.0,50.0,56.0,54.0,58.0,54.0,35.0,27.0,24.0,18.0,17.0,18.0,17.0,16.0
2269,28.0,43.0,52.0,56.0,62.0,72.0,61.0,57.0,57.0,56.0,50.0,44.0,46.0,44.0,44.0,36.0,30.0,24.0,22.0,18.0,39.0,41.0,34.0,36.0
2270,80.0,83.0,84.0,84.0,84.0,80.0,80.0,76.0,80.0,80.0,80.0,80.0,80.0,79.0,79.0,83.0,80.0,73.0,70.0,74.0,73.0,70.0,74.0,73.0
2271,31.666666666666668,56.666666666666664,58.666666666666664,56.333333333333336,58.666666666666664,63.333333333333336,62.0,66.0,76.0,76.0,71.0,76.0,70.0,76.0,75.0,70.0,57.0,23.666666666666668,20.0,18.666666666666668,20.0,15.666666666666666,17.666666666666668,20.333333333333332
2272,60.0,68.0,80.0,82.0,86.0,87.0,90.0,90.0,88.0,88.0,89.0,88.0,82.0,78.0,71.0,62.0,55.0,49.0,42.0,35.0,36.0,36.0,47.0,63.0
2273,73.0,72.0,72.0,72.0,76.0,73.0,73.0,76.0,76.0,76.0,78.0,76.0,78.0,73.0,72.0,68.0,58.0,58.0,58.0,57.0,62.0,65.0,68.0,70.0
2274,82.66666666666667,87.33333333333333,86.66666666666667,90.33333333333333,90.66666666666667,91.0,88.66666666666667,92.0,91.0,91.33333333333333,91.33333333333333,92.66666666666667,91.33333333333333,90.0,90.0,77.0,68.33333333333333,48.666666666666664,44.333333333333336,42.0,42.666666666666664,43.666666666666664,53.333333333333336,74.0
2275,43.333333333333336,54.0,65.33333333333333,70.0,79.0,81.66666666666667,80.33333333333333,85.33333333333333,90.0,91.0,93.0,92.33333333333333,93.33333333333333,94.66666666666667,94.33333333333333,86.66666666666667,74.66666666666667,63.0,58.0,54.0,56.0,58.666666666666664,62.666666666666664,64.66666666666667
2276,92.0,92.0,92.0,96.0,92.0,92.0,96.0,92.0,92.0,92.0,92.0,92.0,92.0,92.0,92.0,92.0,89.0,82.0,76.0,71.0,73.0,82.0,89.0,92.0
2277,22.0,21.0,24.0,33.666666666666664,25.0,27.0,27.0,29.0,29.0,31.0,33.0,33.0,29.0,31.0,33.0,31.0,27.0,30.0,26.0,21.0,18.0,16.0,17.0,16.0
2278,69.0,80.0,86.0,86.0,89.0,90.0,89.0,93.0,89.0,93.0,93.0,86.0,80.0,77.0,75.0,67.0,65.0,59.0,56.0,53.0,50.0,61.0,66.0,76.0
2279,70.0,83.0,86.0,86.0,85.0,92.0,88.0,92.0,88.0,88.0,88.0,89.0,85.0,78.0,78.0,78.0,82.0,67.0,59.0,52.0,46.0,42.0,42.0,38.0
2280,92.0,89.0,89.0,88.0,92.0,92.0,92.0,92.0,92.0,96.0,96.0,92.0,96.0,96.0,76.0,76.0,76.0,62.0,55.0,57.0,57.0,57.0,57.0,55.0
2281,78.0,78.0,84.0,90.0,93.0,98.0,96.0,99.0,100.0,100.0,96.0,99.0,99.0,100.0,85.0,65.0,59.0,57.0,59.0,54.0,54.0,57.0,73.0,87.0
2282,80.0,80.0,86.0,86.0,86.0,86.0,86.0,80.0,86.0,93.0,100.0,100.0,100.0,100.0,100.0,93.0,93.0,86.0,83.66666666666667,80.0,79.66666666666667,80.0,74.0,80.66666666666667
2283,75.0,82.0,76.0,82.0,82.0,78.0,79.0,85.0,82.0,76.0,79.0,79.0,79.0,76.0,67.0,62.0,60.0,58.0,53.0,55.0,53.0,55.0,55.0,60.0
2284,84.0,85.0,86.66666666666667,86.33333333333333,84.66666666666667,85.33333333333333,85.33333333333333,85.33333333333333,85.0,81.33333333333333,81.66666666666667,77.0,76.66666666666667,80.33333333333333,77.0,74.33333333333333,74.33333333333333,73.66666666666667,69.33333333333333,68.66666666666667,68.33333333333333,67.0,72.0,77.66666666666667
2285,86.0,83.0,80.0,80.0,76.0,77.0,80.0,83.0,87.66666666666667,82.0,82.0,79.0,79.0,77.0,74.0,70.0,68.0,68.0,66.0,68.0,70.0,70.0,76.0,81.0
2286,62.0,64.0,66.0,72.0,74.0,80.0,80.0,83.0,86.0,86.0,89.0,89.0,89.0,90.0,83.0,80.0,68.0,55.0,51.0,50.0,51.0,51.0,51.0,57.0
2287,73.0,90.0,95.0,94.0,70.0,73.0,68.0,68.0,64.0,68.0,65.0,66.0,64.0,63.0,63.0,64.0,60.0,57.0,54.0,52.0,50.0,45.0,48.0,53.0
2288,69.0,74.0,83.0,86.0,82.0,86.0,89.0,89.0,89.0,89.0,92.0,89.0,93.0,93.0,90.0,83.0,64.0,57.0,54.0,50.0,45.0,44.0,43.0,64.0
2289,20.0,23.0,26.0,28.0,31.0,47.333333333333336,33.0,39.0,38.0,38.0,39.0,42.0,44.0,47.0,47.0,50.0,46.0,39.0,37.0,30.0,26.0,23.0,21.0,20.0
2290,94.0,93.0,85.0,94.0,93.0,94.0,96.0,95.0,96.0,97.0,96.0,96.0,98.0,97.0,94.0,82.0,63.0,58.0,58.0,59.0,56.0,60.0,71.0,83.0
2291,74.0,86.0,100.0,100.0,100.0,100.0,100.0,100.0,100.0,100.0,100.0,93.0,100.0,92.0,92.0,86.0,86.0,86.0,79.0,79.0,79.0,79.0,86.0,73.0
2292,93.0,76.0,67.0,85.0,93.0,94.0,96.0,96.0,97.0,97.0,96.0,96.0,96.0,96.0,97.0,80.0,61.0,53.0,49.0,46.0,44.0,43.0,73.0,90.0
2293,81.0,81.0,87.0,93.0,93.0,100.0,93.0,100.0,93.0,100.0,100.0,100.0,100.0,100.0,100.0,87.0,71.0,72.0,67.0,59.0,59.0,55.0,63.0,76.0
2294,26.0,30.0,39.0,47.0,45.0,47.0,48.0,46.0,50.0,55.0,53.0,60.0,62.0,62.0,62.0,59.0,62.0,51.0,43.0,49.0,38.0,36.0,34.0,46.0
2295,18.0,27.0,26.0,21.0,25.0,27.0,37.0,32.0,34.0,38.0,41.0,49.0,55.0,59.0,55.0,57.0,33.0,26.0,19.0,16.0,14.0,11.0,11.0,12.0
2296,75.0,70.0,66.0,69.0,71.0,73.0,76.0,77.0,80.0,77.0,75.0,75.0,72.0,71.0,70.0,70.0,66.0,60.0,65.0,54.0,57.0,64.0,63.0,63.0
2297,62.0,66.0,70.0,73.0,74.0,77.0,82.0,86.0,91.0,99.0,93.0,82.0,80.0,86.0,79.0,80.0,69.0,68.0,60.0,53.0,49.0,47.0,44.0,42.0
2298,42.0,45.0,63.666666666666664,68.66666666666667,79.33333333333333,75.0,87.0,90.0,93.0,94.0,95.0,95.0,97.0,97.0,95.0,87.0,69.0,65.0,63.0,61.0,64.0,64.0,65.0,68.0
2299,49.0,57.0,56.0,72.0,75.0,75.0,64.0,72.0,84.0,84.0,88.0,84.0,84.0,88.0,88.0,81.0,75.0,55.0,34.0,32.0,33.0,33.0,29.0,38.0
2300,80.0,86.0,86.0,100.0,100.0,100.0,100.0,93.0,93.0,100.0,100.0,93.0,93.0,93.0,93.0,86.0,92.0,86.0,86.0,86.0,86.0,79.0,86.0,86.0
2301,36.0,38.0,44.0,63.0,61.0,58.0,66.0,68.0,71.0,71.0,71.0,65.0,63.0,68.0,61.0,52.0,47.0,41.0,38.0,36.0,31.333333333333332,33.0,40.0,39.0
2302,85.0,83.0,78.0,76.0,73.0,74.0,74.0,72.0,74.0,71.0,71.0,74.0,76.0,76.0,79.0,74.0,66.0,63.0,60.0,61.0,68.0,71.0,62.0,64.0
2303,59.0,84.0,90.0,98.0,100.0,100.0,100.0,100.0,93.0,84.0,79.0,77.0,72.0,74.0,76.0,76.0,63.0,64.0,69.0,63.0,64.0,56.0,60.0,60.0
2304,85.33333333333333,91.0,95.33333333333333,94.66666666666667,96.33333333333333,97.33333333333333,97.33333333333333,95.66666666666667,97.33333333333333,97.33333333333333,97.33333333333333,97.33333333333333,97.33333333333333,96.0,93.66666666666667,78.0,65.33333333333333,53.333333333333336,46.0,44.0,43.666666666666664,42.0,45.333333333333336,72.33333333333333
2305,37.0,38.0,43.0,48.0,51.0,52.0,56.0,63.0,62.0,66.0,70.0,78.0,84.0,86.0,87.0,80.0,70.0,60.0,55.0,51.0,45.0,44.0,42.0,44.0
2306,87.0,100.0,100.0,100.0,100.0,100.0,100.0,100.0,100.0,100.0,100.0,100.0,100.0,100.0,100.0,100.0,93.0,71.0,58.0,50.0,47.0,47.0,47.0,58.0
2307,31.0,46.0,50.0,58.0,67.0,73.0,73.0,79.0,85.0,88.0,92.0,92.0,92.0,92.0,96.0,92.0,88.0,79.0,58.0,45.0,37.0,35.0,32.0,31.0
2308,67.0,67.0,70.0,67.0,70.0,76.0,79.0,79.0,72.0,72.0,72.0,72.0,70.0,70.0,67.0,62.0,56.0,56.0,56.0,56.0,58.0,60.0,60.0,62.0
2309,100.0,100.0,93.0,100.0,100.0,100.0,93.0,100.0,100.0,100.0,100.0,100.0,100.0,100.0,93.0,71.0,58.0,55.0,48.0,45.0,45.0,45.0,59.0,94.0
2310,49.0,63.0,78.0,78.0,75.0,62.0,62.0,64.0,75.0,80.0,77.0,69.0,66.0,69.0,71.0,69.0,67.0,63.0,65.0,63.0,56.0,57.0,51.0,56.0
2311,75.0,75.0,70.0,70.0,75.0,75.0,75.0,80.0,80.0,80.0,80.0,86.0,80.0,75.0,65.0,61.0,46.0,46.0,46.0,43.0,46.0,49.0,56.0,56.0
2312,82.33333333333333,88.33333333333333,91.33333333333333,95.0,93.66666666666667,95.0,96.0,96.0,93.66666666666667,93.66666666666667,97.33333333333333,96.0,94.66666666666667,96.0,93.66666666666667,82.66666666666667,63.333333333333336,54.666666666666664,47.333333333333336,40.0,36.666666666666664,37.0,40.0,50.0
2313,29.0,35.0,35.0,41.0,49.0,55.0,63.0,64.0,67.0,64.0,64.0,60.0,63.0,67.0,74.0,62.0,57.0,47.0,40.0,33.0,32.0,29.0,35.0,42.0
2314,52.0,61.0,64.0,64.0,63.0,63.0,62.0,60.0,68.0,68.0,71.0,75.0,73.0,77.0,71.0,56.0,47.0,37.0,32.0,29.0,29.0,30.0,30.0,47.0
2315,55.0,62.0,67.0,64.0,67.0,67.0,72.0,75.0,75.0,72.0,74.0,71.0,78.0,80.0,88.0,80.0,80.0,72.0,60.0,52.0,40.0,30.0,21.0,19.0
2316,33.0,40.0,46.0,50.0,57.0,61.0,57.0,57.0,65.0,65.0,86.0,86.0,86.0,93.0,93.0,87.0,77.0,55.0,46.0,38.0,33.0,35.0,35.0,37.0
2317,82.0,100.0,100.0,100.0,100.0,100.0,100.0,100.0,100.0,100.0,100.0,100.0,100.0,100.0,79.0,68.0,56.0,55.0,49.0,46.0,44.0,46.0,66.0,86.0
2318,12.0,18.0,22.0,24.0,26.0,28.0,28.0,28.0,32.0,30.0,30.0,35.0,32.0,30.0,30.0,28.0,27.0,26.666666666666668,20.0,20.0,18.0,16.0,17.0,19.0
2319,82.33333333333333,87.33333333333333,87.0,88.66666666666667,85.66666666666667,84.66666666666667,89.33333333333333,90.33333333333333,92.66666666666667,93.66666666666667,90.66666666666667,94.0,97.33333333333333,86.33333333333333,73.0,60.333333333333336,52.333333333333336,46.666666666666664,41.666666666666664,39.666666666666664,38.666666666666664,42.666666666666664,52.333333333333336,64.33333333333333
2320,41.0,48.0,65.0,65.0,70.0,78.0,79.0,67.0,79.0,85.0,88.0,92.0,92.0,96.0,92.0,92.0,88.0,85.0,92.0,92.0,96.0,92.0,96.0,96.0
2321,93.0,100.0,100.0,100.0,93.0,93.0,92.0,100.0,100.0,92.0,92.0,92.0,92.0,92.0,92.0,92.0,92.0,92.0,92.0,92.0,100.0,100.0,100.0,100.0
2322,72.0,75.0,75.0,72.0,72.0,72.0,69.0,72.0,72.0,72.0,74.0,74.0,77.0,72.0,67.0,64.0,67.0,65.0,59.0,51.0,51.0,51.0,50.0,65.0
2323,70.33333333333333,79.66666666666667,84.66666666666667,85.66666666666667,86.66666666666667,88.33333333333333,91.0,88.33333333333333,91.66666666666667,92.33333333333333,92.0,95.33333333333333,92.33333333333333,92.0,89.0,83.0,75.0,71.66666666666667,71.33333333333333,65.0,68.0,68.0,74.0,77.0
2324,69.0,85.0,92.0,92.0,89.0,85.0,88.0,88.0,88.0,89.0,84.0,84.0,84.0,81.0,77.0,77.0,77.0,81.0,80.0,77.0,77.0,77.0,80.0,80.0
2325,85.0,82.0,88.0,85.0,88.0,85.0,88.0,92.0,92.0,88.0,88.0,88.0,96.0,96.0,92.0,92.0,92.0,88.0,85.0,82.0,85.0,82.0,81.0,85.0
2326,47.0,55.666666666666664,55.666666666666664,53.666666666666664,58.333333333333336,55.333333333333336,58.0,62.0,66.0,71.0,71.0,71.0,81.0,76.0,81.0,81.0,67.66666666666667,82.0,64.0,72.0,63.333333333333336,77.0,63.0,62.333333333333336
2327,93.0,100.0,100.0,93.0,100.0,93.0,100.0,100.0,100.0,100.0,100.0,93.0,93.0,100.0,100.0,81.0,66.0,54.0,41.0,39.0,39.0,39.0,44.0,81.0
2328,71.0,90.0,96.0,100.0,100.0,100.0,100.0,90.66666666666667,100.0,100.0,90.0,91.66666666666667,100.0,100.0,100.0,96.0,74.0,60.0,48.0,39.0,40.0,47.0,48.0,64.0
2329,51.0,58.0,58.0,54.0,54.0,54.0,57.0,61.0,66.0,66.0,70.0,70.0,75.0,87.0,76.0,62.0,44.0,34.0,28.0,23.0,21.0,23.0,24.0,30.0
2330,72.0,70.0,77.0,84.0,77.0,77.0,77.0,83.0,86.0,89.0,89.0,86.0,74.0,69.0,60.0,60.0,57.0,44.0,48.0,37.0,35.0,36.0,51.0,59.0
2331,27.0,31.0,35.0,33.0,32.0,30.0,30.0,32.0,30.0,32.0,30.0,25.0,27.0,32.0,35.0,24.0,21.0,20.0,18.0,18.0,16.0,31.333333333333332,32.0,37.0
2332,38.0,40.0,63.0,66.0,82.0,76.0,80.0,82.0,85.0,86.0,86.0,86.0,86.0,86.0,86.0,77.0,65.0,56.0,53.0,55.0,55.0,55.0,57.0,57.0
2333,64.0,71.0,76.0,83.0,86.0,86.0,89.0,89.0,89.0,89.0,93.0,85.0,89.0,80.0,68.0,55.0,54.0,56.0,54.0,47.0,52.0,63.0,70.0,80.0
2334,77.0,76.0,78.0,74.0,75.0,72.0,68.0,69.0,71.0,70.0,71.0,71.0,71.0,71.0,70.0,71.0,69.0,65.0,60.0,57.0,52.0,52.0,53.0,58.0
2335,93.0,93.0,93.0,100.0,100.0,93.0,100.0,100.0,100.0,100.0,100.0,100.0,100.0,100.0,100.0,100.0,72.0,59.0,49.0,49.0,45.0,52.0,55.0,67.0
2336,32.0,46.0,52.0,53.0,61.0,66.66666666666667,80.0,81.0,87.0,84.66666666666667,87.66666666666667,91.33333333333333,94.33333333333333,93.66666666666667,94.66666666666667,96.33333333333333,93.0,92.33333333333333,93.0,86.0,89.0,86.0,93.0,88.33333333333333
2337,66.0,85.0,85.0,81.0,66.0,66.0,65.0,63.0,62.0,65.0,62.0,59.0,59.0,60.0,60.0,60.0,57.0,52.0,52.0,50.0,50.0,44.0,46.0,52.0
2338,80.33333333333333,78.0,77.0,82.0,82.0,82.0,82.0,82.0,82.0,88.0,82.0,87.33333333333333,89.33333333333333,82.0,76.66666666666667,69.66666666666667,63.0,55.333333333333336,50.333333333333336,54.0,54.0,47.0,54.0,57.0
2339,66.0,69.0,69.0,66.0,64.0,66.0,63.0,66.0,66.0,66.0,66.0,66.0,66.0,72.0,69.0,71.0,66.0,63.0,61.0,58.0,58.0,53.0,53.0,56.0
2340,45.0,60.0,60.0,70.0,65.0,60.0,60.0,70.0,80.0,93.0,93.0,93.0,93.0,100.0,93.0,93.0,88.33333333333333,75.66666666666667,81.0,75.0,46.0,40.333333333333336,37.0,70.0
2341,85.0,96.0,92.0,96.0,92.0,89.0,92.0,92.0,96.0,96.0,96.0,92.0,92.0,96.0,96.0,86.0,79.0,68.0,68.0,66.0,66.0,68.0,73.0,86.0
2342,79.0,80.0,80.0,85.0,84.0,80.0,75.0,73.0,75.0,83.0,83.0,84.0,87.0,81.0,66.0,55.0,49.0,45.0,45.0,51.0,54.0,58.0,66.0,76.0
2343,65.0,66.0,68.0,67.0,63.0,62.0,62.0,62.0,63.0,66.0,63.0,60.0,60.0,60.0,62.0,58.0,62.0,55.0,53.0,45.0,45.0,44.0,42.0,52.0
2344,68.33333333333333,76.66666666666667,82.66666666666667,82.66666666666667,89.0,91.33333333333333,91.0,93.0,91.33333333333333,90.66666666666667,93.66666666666667,94.0,93.0,92.0,88.0,72.33333333333333,63.0,55.666666666666664,50.0,48.333333333333336,45.333333333333336,44.666666666666664,48.666666666666664,52.0
2345,86.0,89.0,89.0,94.0,89.0,96.0,90.0,89.0,92.0,97.0,93.0,97.0,97.0,94.0,81.0,67.0,58.0,52.0,47.0,45.0,41.0,41.0,46.0,72.0
2346,85.0,79.0,83.0,84.0,93.66666666666667,87.0,87.0,88.0,88.0,89.0,89.0,89.0,89.0,90.0,88.0,84.0,76.0,67.0,60.0,57.0,49.0,50.0,63.0,70.0
2347,49.0,49.0,57.0,61.0,63.0,66.0,61.0,65.0,68.0,65.0,65.0,70.0,70.0,70.0,74.0,51.0,36.0,20.0,36.333333333333336,25.0,29.0,27.0,42.0,47.0
2348,35.0,45.0,47.0,43.0,43.0,41.0,46.0,48.0,51.0,51.0,56.0,56.0,57.0,60.0,60.0,50.0,44.0,37.0,31.0,28.0,26.0,26.0,25.0,31.0
2349,77.66666666666667,85.0,90.66666666666667,93.0,86.0,85.0,96.0,86.0,94.0,94.0,92.0,90.0,92.0,89.0,77.0,66.0,55.0,50.0,46.0,45.0,47.0,48.0,54.0,76.0
2350,33.0,36.0,38.666666666666664,37.666666666666664,37.333333333333336,36.333333333333336,42.0,45.333333333333336,41.0,41.0,44.0,45.333333333333336,54.333333333333336,58.666666666666664,68.0,51.666666666666664,47.0,42.333333333333336,41.333333333333336,35.666666666666664,38.333333333333336,40.666666666666664,44.333333333333336,50.333333333333336
2351,53.0,65.0,46.0,51.0,58.0,66.0,77.0,81.0,80.0,82.0,85.0,83.0,88.0,88.0,91.0,88.0,91.0,93.0,88.0,93.0,89.0,86.0,83.0,81.0
2352,88.66666666666667,94.0,94.0,94.0,100.0,100.0,98.66666666666667,96.33333333333333,98.66666666666667,100.0,94.0,94.0,98.66666666666667,98.66666666666667,92.66666666666667,82.66666666666667,66.66666666666667,55.666666666666664,52.0,49.333333333333336,44.333333333333336,47.0,54.0,73.33333333333333
2353,85.0,92.0,93.0,94.0,93.0,92.0,91.0,85.0,88.0,79.0,76.0,80.0,77.0,73.0,73.0,68.0,69.0,68.0,68.0,62.0,60.0,61.0,63.0,69.0
2354,63.666666666666664,74.33333333333333,72.55555555555556,77.66666666666667,77.0,90.0,79.0,78.0,72.0,78.0,84.0,86.0,90.0,87.0,86.0,82.0,74.0,68.0,65.0,66.0,69.0,77.0,80.0,85.0
2355,56.0,61.333333333333336,82.66666666666667,85.33333333333333,89.33333333333333,86.33333333333333,87.66666666666667,86.66666666666667,89.33333333333333,84.33333333333333,84.33333333333333,83.0,85.0,83.0,79.33333333333333,78.33333333333333,63.666666666666664,57.666666666666664,57.666666666666664,61.666666666666664,61.333333333333336,60.666666666666664,54.0,58.666666666666664
2356,85.0,90.66666666666667,94.0,96.33333333333333,96.33333333333333,98.66666666666667,98.66666666666667,96.33333333333333,96.33333333333333,96.33333333333333,100.0,96.33333333333333,96.33333333333333,96.33333333333333,93.66666666666667,82.66666666666667,63.666666666666664,50.333333333333336,43.666666666666664,38.0,34.333333333333336,34.666666666666664,37.0,47.333333333333336
2357,54.0,62.666666666666664,70.0,73.33333333333333,81.0,84.0,84.0,88.33333333333333,94.0,93.66666666666667,95.0,94.0,95.0,96.33333333333333,96.33333333333333,90.66666666666667,73.66666666666667,61.333333333333336,57.0,54.0,53.0,55.666666666666664,59.111111111111114,62.666666666666664
2358,44.0,50.0,52.0,60.0,71.0,79.0,85.0,89.0,92.0,94.0,95.0,95.0,99.0,98.0,99.0,94.0,78.0,62.0,56.0,51.0,49.0,49.0,52.0,58.0
2359,56.0,60.0,66.0,71.33333333333333,72.66666666666667,77.33333333333333,78.66666666666667,80.33333333333333,80.66666666666667,81.33333333333333,86.66666666666667,89.66666666666667,93.0,92.66666666666667,93.66666666666667,88.66666666666667,76.33333333333333,57.666666666666664,51.333333333333336,49.333333333333336,51.333333333333336,52.666666666666664,55.0,61.0
2360,51.0,61.0,70.0,73.0,77.0,82.0,86.0,87.0,90.0,94.0,95.0,95.0,93.0,93.0,90.0,84.0,71.0,66.0,65.0,58.0,60.0,62.0,67.0,70.0
2361,62.0,73.66666666666667,80.0,84.0,87.66666666666667,89.66666666666667,90.0,90.33333333333333,90.33333333333333,90.33333333333333,91.0,90.33333333333333,90.66666666666667,90.0,88.33333333333333,85.66666666666667,74.33333333333333,63.0,58.666666666666664,57.0,61.666666666666664,66.66666666666667,70.33333333333333,75.33333333333333
2362,35.0,45.0,47.666666666666664,53.333333333333336,60.666666666666664,63.666666666666664,64.0,66.66666666666667,68.0,76.66666666666667,85.0,92.0,96.66666666666667,92.66666666666667,93.0,87.66666666666667,76.66666666666667,67.0,57.666666666666664,51.333333333333336,52.666666666666664,50.666666666666664,54.333333333333336,61.333333333333336
2363,36.666666666666664,47.666666666666664,55.333333333333336,60.333333333333336,64.0,69.33333333333333,73.66666666666667,76.33333333333333,80.33333333333333,85.0,89.33333333333333,89.66666666666667,91.66666666666667,90.33333333333333,93.0,84.66666666666667,76.66666666666667,66.33333333333333,60.666666666666664,52.333333333333336,51.0,53.666666666666664,53.666666666666664,57.0
2364,40.0,54.0,69.0,76.0,77.0,82.0,85.0,87.0,83.0,88.0,90.0,94.0,94.0,94.0,94.0,90.0,85.0,70.0,56.0,54.0,54.0,55.0,52.0,64.0
2365,52.0,70.0,78.0,67.0,59.0,61.0,62.0,53.0,67.0,72.0,72.0,75.0,79.0,79.0,79.0,85.0,85.0,82.0,78.0,82.0,82.0,78.0,85.0,88.0
2366,82.0,73.0,72.0,70.0,72.0,73.0,72.0,76.0,73.0,73.0,73.0,72.0,72.0,70.0,67.0,60.0,54.0,51.0,50.0,50.0,48.0,49.0,64.0,79.0
2367,86.0,94.0,96.0,96.0,96.0,96.0,96.0,97.0,97.0,96.0,96.0,96.0,96.0,96.0,96.0,93.0,93.0,95.0,92.0,94.0,89.0,89.0,92.0,92.0
2368,97.0,99.0,99.0,99.0,100.0,100.0,100.0,100.0,100.0,100.0,100.0,100.0,100.0,100.0,90.0,76.0,60.0,53.0,49.0,48.0,46.0,47.0,76.0,90.0
2369,77.0,82.0,89.0,93.0,92.0,93.0,92.0,92.0,92.0,92.0,92.0,92.0,88.0,88.0,85.0,83.0,66.0,52.0,50.0,45.0,42.0,43.0,56.0,75.0
2370,87.0,93.0,93.0,93.0,70.0,70.0,81.0,81.0,93.0,100.0,87.0,81.0,81.0,75.0,66.0,61.0,58.0,54.0,50.0,47.0,47.0,44.0,71.0,81.0
2371,85.0,85.0,85.0,85.0,85.0,85.0,85.0,85.0,85.0,85.0,85.0,85.0,85.0,89.0,85.0,79.0,79.0,73.0,70.0,70.0,73.0,76.0,86.0,89.0
2372,68.0,70.0,73.0,73.0,73.0,76.0,73.0,76.0,76.0,76.0,76.0,76.0,79.0,70.0,65.0,58.0,54.0,56.0,56.0,54.0,54.0,55.0,60.0,60.0
2373,82.0,81.0,81.0,81.0,80.0,81.0,81.0,81.0,76.0,74.0,76.0,78.0,80.0,88.0,84.0,80.0,77.0,84.0,84.0,87.0,80.0,82.0,80.0,80.0
2374,26.0,35.0,37.0,43.0,43.0,43.0,43.0,43.0,43.0,43.0,40.0,40.0,43.0,43.0,40.0,40.0,37.0,30.0,21.0,21.0,19.0,21.0,22.0,21.0
2375,74.0,78.0,81.0,84.0,88.0,92.0,92.0,92.0,91.0,90.0,90.0,90.0,90.0,89.0,87.0,85.0,76.0,62.0,62.0,60.0,70.0,71.0,73.0,77.0
2376,71.66666666666667,74.0,77.66666666666667,72.33333333333333,74.66666666666667,73.33333333333333,80.33333333333333,87.33333333333333,90.33333333333333,87.33333333333333,92.33333333333333,91.0,85.66666666666667,75.33333333333333,66.66666666666667,60.666666666666664,58.0,55.333333333333336,53.333333333333336,52.666666666666664,53.333333333333336,58.666666666666664,65.0,80.0
2377,87.0,93.0,93.0,93.0,100.0,100.0,100.0,93.0,100.0,100.0,93.0,93.0,100.0,100.0,93.0,81.0,62.0,55.0,51.0,52.0,45.0,48.0,58.0,76.0
2378,51.0,60.0,66.0,70.0,77.0,86.0,86.0,91.0,98.0,96.0,96.0,96.0,96.0,96.0,92.0,91.0,90.0,83.0,82.0,82.0,82.0,82.0,82.0,84.0
2379,79.66666666666667,79.0,82.33333333333333,81.0,82.0,85.33333333333333,81.66666666666667,78.66666666666667,75.66666666666667,75.0,78.33333333333333,82.66666666666667,85.66666666666667,77.0,78.0,60.0,53.0,57.0,54.0,57.0,61.0,61.0,62.0,67.33333333333333
2380,94.0,96.0,94.0,94.0,94.0,94.0,92.0,92.0,93.0,95.33333333333333,91.33333333333333,91.0,90.66666666666667,87.66666666666667,89.66666666666667,88.0,84.66666666666667,83.0,80.66666666666667,83.0,91.66666666666667,87.0,87.66666666666667,85.33333333333333
2381,97.0,98.0,98.0,97.0,96.0,95.0,94.0,94.0,93.0,89.0,91.0,91.0,85.0,92.0,89.0,88.0,87.0,85.0,84.0,82.0,76.0,75.0,76.0,78.0
2382,47.0,57.0,63.0,66.0,66.0,68.0,73.0,74.0,74.0,82.0,86.0,86.0,89.0,93.0,97.0,86.0,74.0,67.0,61.0,57.0,49.0,51.0,47.0,52.0
2383,77.0,77.0,74.0,76.0,78.0,76.0,76.0,75.0,78.0,79.0,82.0,81.0,82.0,80.0,78.0,76.0,65.0,58.0,61.0,61.0,56.0,54.0,60.0,70.0
2384,87.0,87.0,87.0,93.0,93.0,100.0,93.0,100.0,100.0,100.0,100.0,100.0,100.0,100.0,93.0,87.0,76.0,63.0,63.0,49.0,46.0,49.0,52.0,72.0
2385,100.0,100.0,97.33333333333333,95.0,93.0,95.0,100.0,94.0,100.0,100.0,97.0,100.0,100.0,100.0,72.0,59.0,56.0,51.0,41.0,40.0,39.0,41.0,45.0,84.0
2386,66.0,68.0,66.0,71.0,73.0,76.0,75.0,78.0,78.0,78.0,78.0,81.0,81.0,81.0,73.0,68.0,67.0,60.0,60.0,58.0,60.0,58.0,60.0,64.0
2387,67.0,77.0,82.0,88.0,88.0,94.0,94.0,94.0,87.0,94.0,100.0,94.0,100.0,100.0,94.0,88.0,73.0,60.0,53.0,53.0,50.0,53.0,53.0,56.0
2388,14.666666666666666,18.666666666666668,28.0,30.333333333333332,33.333333333333336,33.333333333333336,36.333333333333336,35.0,37.0,38.333333333333336,41.666666666666664,43.0,45.666666666666664,45.0,45.0,45.666666666666664,32.0,24.0,19.666666666666668,17.0,16.333333333333332,21.0,23.666666666666668,28.0
2389,73.0,69.0,72.0,72.0,74.0,74.0,75.0,77.0,76.0,86.0,76.0,78.0,79.0,78.0,75.0,63.0,49.0,36.0,35.0,42.0,41.0,45.0,51.0,70.0
2390,70.0,75.0,75.0,80.0,75.0,80.0,93.0,93.0,100.0,100.0,100.0,93.0,100.0,100.0,100.0,100.0,100.0,93.0,93.0,93.0,86.0,93.0,86.0,86.0
2391,66.33333333333333,75.33333333333333,73.0,74.0,85.0,86.66666666666667,88.66666666666667,91.0,92.0,91.0,87.66666666666667,86.66666666666667,84.33333333333333,84.33333333333333,82.33333333333333,80.33333333333333,78.0,73.0,66.0,61.333333333333336,58.333333333333336,64.33333333333333,65.33333333333333,69.66666666666667
2392,86.0,93.0,100.0,100.0,100.0,100.0,100.0,100.0,93.0,86.0,93.0,86.0,79.0,79.0,79.0,73.0,73.0,68.0,68.0,73.0,68.0,68.0,73.0,73.0
2393,54.0,56.0,55.0,57.0,59.0,79.0,88.0,91.0,91.0,92.0,92.0,96.0,95.0,95.0,83.0,58.0,48.0,44.0,40.0,32.0,33.0,35.0,47.0,72.0
2394,86.0,89.0,96.0,92.0,96.0,96.0,96.0,96.0,96.0,96.0,88.0,96.0,92.0,96.0,89.0,80.0,55.0,50.0,45.0,43.0,40.0,43.0,56.0,77.0
2395,58.0,65.0,70.0,79.0,89.0,89.0,85.0,96.0,96.0,88.0,91.0,92.0,96.0,96.0,92.0,92.0,88.0,92.0,88.0,88.0,84.0,88.0,88.0,88.0
2396,72.0,72.0,76.0,76.0,72.0,76.0,82.0,82.0,82.0,87.0,87.0,87.0,82.0,71.0,67.0,63.0,64.0,60.0,50.0,47.0,47.0,50.0,50.0,56.0
2397,47.0,53.0,59.0,61.0,63.0,71.0,74.0,82.0,83.0,84.0,93.0,96.0,100.0,100.0,97.0,92.0,80.0,72.0,63.0,59.0,51.0,51.0,51.0,59.0
2398,65.0,68.0,68.0,76.0,73.0,79.0,86.0,88.0,85.0,85.0,89.0,92.0,88.0,85.0,84.0,85.0,81.0,77.0,71.0,71.0,68.0,71.0,68.0,71.0
2399,54.0,70.0,66.0,71.0,76.0,76.0,87.0,93.0,70.0,76.0,81.0,93.0,93.0,70.0,81.0,58.0,44.0,39.0,37.0,37.0,32.0,32.0,32.0,36.0
2400,52.666666666666664,64.0,68.0,79.66666666666667,71.66666666666667,77.66666666666667,80.33333333333333,83.33333333333333,84.33333333333333,80.0,83.66666666666667,85.0,88.0,88.0,90.33333333333333,88.0,86.66666666666667,88.0,88.0,82.66666666666667,81.66666666666667,81.66666666666667,85.33333333333333,85.0
2401,18.0,18.333333333333332,44.0,48.0,50.0,50.0,33.666666666666664,58.0,58.0,68.0,73.0,73.0,79.0,86.0,53.666666666666664,54.333333333333336,73.0,39.666666666666664,31.0,25.0,18.333333333333332,17.666666666666668,16.333333333333332,16.666666666666668
2402,39.0,47.0,53.0,54.0,59.0,63.0,68.0,71.0,74.0,76.0,82.0,86.0,86.0,86.0,89.0,83.0,77.0,63.0,56.0,49.0,47.0,49.0,46.0,52.0
2403,13.0,24.0,38.0,45.0,48.0,52.0,47.0,46.0,60.0,52.0,62.0,60.0,65.0,65.0,70.0,64.0,46.0,41.0,43.0,42.0,28.0,20.0,20.0,20.0
2404,98.0,100.0,100.0,100.0,100.0,100.0,100.0,100.0,100.0,100.0,100.0,100.0,99.0,100.0,98.0,78.0,63.0,56.0,51.0,48.0,50.0,52.0,86.0,99.0
2405,90.0,91.0,91.0,90.0,88.0,92.0,91.0,93.0,96.0,96.0,92.0,83.0,93.0,96.0,87.0,77.0,72.0,71.0,71.0,77.0,84.0,84.0,84.0,92.0
2406,68.0,65.0,67.0,67.0,70.0,70.0,73.0,72.0,70.0,70.0,70.0,70.0,70.0,67.0,68.0,58.0,53.0,55.0,55.0,54.0,55.0,55.0,58.0,58.0
2407,83.0,85.0,90.0,81.0,82.0,87.0,84.0,81.0,80.0,80.0,83.0,86.0,89.0,85.0,79.0,66.66666666666667,61.666666666666664,61.0,55.0,50.666666666666664,56.0,60.0,69.0,79.0
2408,67.0,64.0,70.0,66.0,61.0,61.0,59.0,59.0,59.0,63.0,63.0,63.0,63.0,72.0,85.0,82.0,75.0,75.0,69.0,72.0,72.0,78.0,69.0,69.0
2409,93.0,93.0,100.0,93.0,87.0,93.0,100.0,93.0,87.0,87.0,93.0,100.0,100.0,87.0,76.0,67.0,55.0,52.0,48.0,45.0,45.0,46.0,59.0,72.0
2410,42.0,49.0,52.0,61.0,63.0,66.0,66.0,65.0,65.0,68.0,74.0,71.0,75.0,74.0,77.0,80.0,75.0,61.0,38.0,39.0,31.0,26.0,27.0,29.0
2411,77.0,80.0,83.0,90.0,89.0,89.0,89.0,93.0,93.0,93.0,93.0,93.0,92.0,92.0,93.0,83.0,77.0,67.0,56.0,50.0,46.0,44.0,50.0,60.0
2412,56.0,69.0,69.0,74.0,74.0,60.0,69.0,80.0,74.0,80.0,74.0,80.0,74.0,80.0,80.0,80.0,75.0,65.0,70.0,70.0,81.0,81.0,75.0,70.0
2413,40.0,50.0,57.0,62.0,62.0,62.0,65.0,65.0,72.0,76.0,64.0,78.0,92.0,96.0,96.0,96.0,96.0,82.0,70.0,60.0,49.0,44.0,46.0,51.0
2414,73.0,68.0,73.0,68.0,73.0,67.0,73.0,73.0,73.0,72.0,67.0,67.0,67.0,67.0,67.0,62.0,62.0,53.0,57.0,49.0,49.0,49.0,49.0,52.0
2415,91.33333333333333,92.33333333333333,92.33333333333333,92.33333333333333,98.66666666666667,97.33333333333333,97.33333333333333,97.33333333333333,98.66666666666667,98.66666666666667,98.66666666666667,97.33333333333333,98.66666666666667,97.33333333333333,98.66666666666667,97.66666666666667,86.66666666666667,81.33333333333333,72.33333333333333,69.0,65.0,65.0,72.33333333333333,80.0
2416,64.0,66.0,60.0,64.0,66.0,71.0,74.0,80.0,86.0,82.0,86.0,89.0,89.0,89.0,83.0,77.0,72.0,64.0,58.0,54.0,54.0,48.0,54.0,64.0
2417,18.0,25.666666666666668,29.666666666666668,31.0,34.333333333333336,31.666666666666668,37.666666666666664,38.666666666666664,41.333333333333336,42.0,42.0,48.333333333333336,49.333333333333336,50.666666666666664,50.333333333333336,49.333333333333336,35.333333333333336,29.222222222222225,21.666666666666668,18.333333333333332,16.333333333333332,14.333333333333334,14.666666666666666,15.666666666666666
2418,90.0,89.0,92.0,92.0,90.0,93.0,94.0,94.0,93.0,93.0,93.0,94.0,94.0,95.0,96.0,92.0,90.0,87.0,80.0,76.0,75.0,80.0,84.0,87.0
2419,32.0,43.0,46.0,48.0,50.0,48.0,48.0,48.0,54.0,56.0,55.0,58.0,60.0,60.0,51.0,41.0,34.0,30.0,27.0,24.0,24.0,23.0,24.0,28.0
2420,93.0,89.0,94.0,94.0,92.0,93.0,92.0,92.0,93.0,92.0,91.0,92.0,92.0,93.0,93.0,87.0,81.0,70.0,75.0,70.0,68.66666666666667,75.0,81.0,81.0
2421,34.0,49.666666666666664,53.666666666666664,62.666666666666664,64.0,67.33333333333333,68.0,64.33333333333333,69.33333333333333,76.33333333333333,75.0,79.33333333333333,78.66666666666667,76.33333333333333,76.0,75.33333333333333,58.666666666666664,51.666666666666664,47.333333333333336,44.0,39.0,40.333333333333336,47.666666666666664,50.333333333333336
2422,44.0,48.0,57.0,58.0,54.0,65.33333333333333,50.0,64.0,80.0,63.0,71.0,61.0,65.0,68.0,76.0,76.0,72.0,77.0,70.0,70.0,92.0,96.0,86.0,79.0
2423,24.666666666666668,39.666666666666664,43.0,46.333333333333336,46.666666666666664,51.333333333333336,54.666666666666664,56.0,58.0,63.666666666666664,62.666666666666664,66.66666666666667,68.0,66.66666666666667,69.0,68.33333333333333,48.0,33.333333333333336,26.333333333333332,24.333333333333332,21.666666666666668,21.0,21.333333333333332,25.333333333333332
2424,24.666666666666668,39.666666666666664,43.0,46.333333333333336,46.666666666666664,51.333333333333336,54.666666666666664,56.0,58.0,63.666666666666664,62.666666666666664,66.66666666666667,68.0,66.66666666666667,69.0,68.33333333333333,48.0,33.333333333333336,26.333333333333332,24.333333333333332,21.666666666666668,21.0,21.333333333333332,25.333333333333332
2425,87.33333333333333,89.66666666666667,91.0,86.0,86.0,86.33333333333333,87.33333333333333,85.33333333333333,88.33333333333333,86.33333333333333,83.0,86.66666666666667,86.33333333333333,86.66666666666667,85.66666666666667,84.33333333333333,86.66666666666667,75.66666666666667,72.66666666666667,69.0,69.0,67.0,66.66666666666667,72.0
2426,26.666666666666668,38.333333333333336,45.0,49.0,54.333333333333336,57.666666666666664,58.0,62.0,62.0,65.66666666666667,64.33333333333333,62.666666666666664,62.666666666666664,65.66666666666667,65.0,64.33333333333333,53.333333333333336,48.333333333333336,44.333333333333336,36.666666666666664,38.333333333333336,55.333333333333336,60.333333333333336,58.333333333333336
2427,47.666666666666664,52.666666666666664,58.666666666666664,62.0,67.66666666666667,72.66666666666667,80.33333333333333,81.33333333333333,85.66666666666667,83.0,80.0,86.66666666666667,89.66666666666667,92.33333333333333,92.33333333333333,93.33333333333333,88.66666666666667,88.66666666666667,83.66666666666667,77.0,74.66666666666667,64.66666666666667,61.333333333333336,60.0
2428,74.0,74.0,74.0,68.0,68.0,68.0,68.0,73.0,73.0,73.0,73.0,68.0,73.0,68.0,68.0,68.0,68.0,62.0,62.0,54.0,54.0,49.0,54.0,53.0
2429,91.66666666666667,89.66666666666667,90.66666666666667,90.66666666666667,90.66666666666667,89.66666666666667,90.66666666666667,90.66666666666667,91.0,87.66666666666667,89.66666666666667,89.66666666666667,91.0,79.66666666666667,73.33333333333333,75.33333333333333,77.0,77.33333333333333,76.0,78.0,76.0,83.0,79.33333333333333,75.0
2430,96.0,96.0,96.0,96.0,96.0,92.0,92.0,92.0,92.0,92.0,92.0,92.0,92.0,92.0,88.0,85.0,82.0,79.0,76.0,76.0,79.0,79.0,86.0,82.0
2431,81.0,87.0,93.0,93.0,93.0,93.0,93.0,100.0,100.0,100.0,100.0,93.0,93.0,100.0,93.0,81.0,76.0,67.0,59.0,52.0,46.0,45.0,48.0,55.0
2432,89.0,93.0,96.0,96.0,96.0,96.0,96.0,96.0,96.0,100.0,96.0,96.0,96.0,100.0,86.0,63.0,55.0,51.0,47.0,48.0,48.0,48.0,60.0,93.0
2433,75.33333333333333,76.33333333333333,78.33333333333333,79.0,80.0,86.0,86.0,86.0,86.0,93.0,93.0,100.0,87.66666666666667,88.0,90.0,84.33333333333333,81.66666666666667,73.33333333333333,69.66666666666667,69.33333333333333,68.33333333333333,64.33333333333333,61.333333333333336,65.0
2434,73.0,75.0,75.0,81.0,78.0,78.0,78.0,81.0,85.0,88.0,88.0,92.0,92.0,89.0,89.0,92.0,92.0,88.0,82.0,82.0,75.0,75.0,72.0,72.0
2435,75.0,93.0,93.0,75.0,70.0,93.0,100.0,100.0,100.0,100.0,100.0,100.0,100.0,100.0,81.0,70.0,54.0,44.0,41.0,39.0,34.0,36.0,44.0,54.0
2436,63.666666666666664,68.33333333333333,71.33333333333333,71.0,80.0,81.33333333333333,83.33333333333333,83.0,85.33333333333333,84.33333333333333,89.0,90.0,93.33333333333333,94.66666666666667,89.0,81.33333333333333,75.0,74.33333333333333,70.66666666666667,69.66666666666667,70.0,73.33333333333333,76.33333333333333,80.0
2437,70.0,70.0,70.0,75.0,75.0,80.0,75.0,75.0,75.0,70.0,70.0,70.0,75.0,70.0,65.0,61.0,61.0,61.0,61.0,57.0,57.0,61.0,61.0,65.0
2438,93.0,93.0,100.0,100.0,93.0,93.0,93.0,86.0,86.0,79.0,79.0,73.0,73.0,73.0,73.0,73.0,68.0,62.0,73.0,79.0,79.0,79.0,85.0,78.0
2439,54.0,57.0,61.0,70.0,81.0,86.0,93.0,87.0,87.0,81.0,87.0,87.0,93.0,93.0,93.0,93.0,86.0,93.0,93.0,80.0,86.0,86.0,93.0,93.0
2440,87.0,86.0,87.0,87.0,87.0,87.0,88.0,92.0,92.0,99.0,96.0,92.0,89.0,94.0,77.0,75.0,73.0,72.0,68.0,69.0,66.0,67.0,78.0,81.0
2441,56.0,62.0,70.0,70.0,63.0,68.0,70.0,73.0,85.0,88.0,88.0,88.0,92.0,92.0,89.0,64.0,51.0,46.0,42.0,40.0,38.0,38.0,41.0,53.0
2442,80.0,82.0,84.0,84.0,86.0,86.0,92.0,94.0,92.0,96.0,96.0,96.0,94.0,95.0,94.0,89.0,82.0,74.0,68.0,67.0,64.0,63.0,65.0,68.0
2443,86.0,86.0,86.0,86.0,83.33333333333333,82.0,83.0,83.33333333333333,82.0,81.0,81.66666666666667,93.0,86.0,80.0,80.0,80.0,80.0,75.0,75.0,75.0,75.0,75.0,80.0,80.0
2444,87.0,87.0,93.0,93.0,93.0,93.0,93.0,100.0,100.0,100.0,93.0,100.0,100.0,93.0,100.0,87.0,62.0,48.0,42.0,40.0,40.0,40.0,45.0,72.0
2445,79.66666666666667,78.66666666666667,81.0,81.0,81.0,82.0,79.66666666666667,81.0,82.0,81.0,82.66666666666667,81.66666666666667,85.0,85.0,86.33333333333333,83.33333333333333,82.0,78.33333333333333,78.0,77.66666666666667,79.0,77.0,79.33333333333333,81.0
2446,81.0,87.0,87.0,100.0,100.0,100.0,100.0,100.0,93.0,100.0,93.0,93.0,93.0,100.0,93.0,82.0,67.0,55.0,52.0,52.0,49.0,45.0,48.0,72.0
2447,77.33333333333333,85.0,83.33333333333333,83.66666666666667,87.0,86.33333333333333,88.66666666666667,91.33333333333333,91.33333333333333,92.66666666666667,94.66666666666667,95.66666666666667,94.33333333333333,100.0,96.66666666666667,90.33333333333333,78.0,65.0,54.333333333333336,49.333333333333336,51.666666666666664,53.333333333333336,54.0,61.333333333333336
2448,72.0,76.0,79.0,76.0,73.0,72.0,72.0,76.0,76.0,72.0,76.0,76.0,76.0,76.0,70.0,60.0,58.0,54.0,54.0,47.0,47.0,52.0,58.0,53.0
2449,35.0,48.0,50.0,55.0,70.0,72.0,64.0,72.0,81.0,88.0,93.0,96.0,97.0,98.0,99.0,93.0,81.0,73.0,62.0,64.0,64.0,63.0,63.0,68.0
2450,69.0,75.0,82.0,90.0,93.0,97.0,99.0,100.0,99.0,100.0,98.0,88.0,85.0,84.0,82.0,76.0,70.0,64.0,58.0,52.0,53.0,46.0,48.0,71.0
2451,100.0,97.0,96.0,100.0,100.0,96.0,100.0,100.0,100.0,100.0,100.0,100.0,100.0,100.0,100.0,68.0,59.0,55.0,47.0,46.0,41.0,44.0,56.0,86.0
2452,65.0,68.0,67.0,65.0,70.0,70.0,75.0,73.0,72.0,68.0,70.0,70.0,67.0,70.0,60.0,58.0,51.0,52.0,53.0,50.0,52.0,51.0,53.0,68.0
2453,43.0,43.0,50.0,54.0,58.0,65.0,66.0,66.0,71.0,68.0,70.0,70.0,68.0,68.0,65.0,54.0,46.0,41.0,38.0,33.0,33.0,33.0,38.0,42.0
2454,81.66666666666667,83.66666666666667,78.66666666666667,83.66666666666667,86.66666666666667,87.0,92.66666666666667,89.33333333333333,90.66666666666667,90.66666666666667,91.33333333333333,91.33333333333333,86.66666666666667,90.0,86.33333333333333,70.66666666666667,58.0,55.0,51.333333333333336,51.333333333333336,49.666666666666664,52.333333333333336,60.666666666666664,74.66666666666667
2455,82.0,88.0,87.0,93.0,100.0,100.0,100.0,93.0,93.0,100.0,100.0,100.0,100.0,93.0,76.0,68.0,64.0,56.0,50.0,50.0,41.0,44.0,56.0,82.0
2456,66.0,76.0,81.0,87.0,87.0,87.0,87.0,87.0,87.0,87.0,87.0,81.0,81.0,87.0,76.0,66.0,51.0,42.0,34.0,34.0,30.0,32.0,45.0,67.0
2457,36.0,47.333333333333336,55.666666666666664,72.66666666666667,77.33333333333333,82.33333333333333,83.0,86.66666666666667,88.66666666666667,89.33333333333333,90.33333333333333,93.33333333333333,95.33333333333333,96.33333333333333,98.66666666666667,94.33333333333333,94.33333333333333,94.33333333333333,94.66666666666667,92.33333333333333,89.0,90.66666666666667,90.0,88.66666666666667
2458,26.0,40.0,43.0,51.0,51.0,55.0,55.0,57.0,57.0,62.0,60.0,58.0,56.0,60.0,63.0,61.0,47.0,42.0,38.0,32.0,29.0,54.0,70.0,57.0
2459,70.0,74.0,76.0,79.0,80.0,78.0,82.0,80.0,82.0,83.0,88.0,87.0,87.0,95.0,92.0,79.0,73.0,66.0,69.0,69.0,72.0,75.0,80.0,86.0
2460,100.0,100.0,100.0,100.0,100.0,100.0,100.0,100.0,100.0,100.0,100.0,100.0,100.0,100.0,100.0,93.0,93.0,87.0,87.0,87.0,87.0,87.0,87.0,93.0
2461,86.66666666666667,82.33333333333333,85.66666666666667,86.66666666666667,89.33333333333333,89.66666666666667,90.66666666666667,89.33333333333333,86.0,85.0,85.66666666666667,85.66666666666667,85.66666666666667,82.66666666666667,76.33333333333333,78.66666666666667,81.33333333333333,87.0,83.33333333333333,81.0,74.66666666666667,76.33333333333333,80.66666666666667,77.33333333333333
2462,16.0,18.0,26.0,31.0,34.0,34.0,33.0,39.0,42.0,40.0,42.0,45.0,47.0,47.0,51.0,49.0,37.0,27.0,27.0,23.0,19.0,20.0,17.0,18.0
2463,14.0,18.666666666666668,22.333333333333332,28.333333333333332,32.0,33.0,33.666666666666664,35.333333333333336,36.0,33.333333333333336,34.0,35.666666666666664,38.0,38.666666666666664,36.333333333333336,22.333333333333332,25.0,17.333333333333332,16.0,16.0,16.333333333333332,17.0,16.333333333333332,17.0
2464,33.0,41.0,54.0,66.0,68.0,70.0,76.0,76.0,76.0,82.0,82.0,79.0,79.0,85.0,86.0,82.0,79.0,58.0,49.0,40.0,33.0,29.0,28.0,26.0
2465,88.0,94.0,96.0,96.0,96.0,96.0,96.0,97.0,98.0,97.0,99.0,98.0,99.0,100.0,98.0,79.0,70.0,62.0,57.0,50.0,45.0,41.0,43.0,61.0
2466,76.0,87.0,93.0,93.0,93.0,100.0,100.0,93.0,100.0,93.0,93.0,100.0,100.0,100.0,100.0,71.0,72.0,48.0,45.0,40.0,40.0,45.0,37.0,52.0
2467,91.0,94.33333333333333,94.66666666666667,95.0,96.33333333333333,97.0,97.66666666666667,97.33333333333333,98.0,98.33333333333333,98.0,98.33333333333333,98.0,97.66666666666667,93.66666666666667,88.33333333333333,81.33333333333333,75.0,70.33333333333333,68.33333333333333,73.33333333333333,74.0,78.0,81.66666666666667
2468,85.0,96.0,100.0,97.0,97.0,100.0,96.0,100.0,96.0,96.0,96.0,96.0,100.0,96.0,77.0,64.0,56.0,48.0,43.0,45.0,42.0,45.0,60.0,83.0
2469,80.0,80.0,81.0,80.0,80.0,81.0,76.0,74.0,72.0,69.0,70.0,69.0,70.0,70.0,69.0,63.0,60.0,60.0,70.0,69.0,69.0,70.0,75.0,73.0
2470,55.0,59.0,67.0,72.0,82.0,82.0,82.0,88.0,94.0,94.0,94.0,88.0,82.0,76.0,72.0,68.0,56.0,57.0,54.0,44.0,44.0,41.0,39.0,50.0
2471,84.33333333333333,83.66666666666667,85.33333333333333,86.33333333333333,85.33333333333333,88.66666666666667,86.33333333333333,87.66666666666667,87.33333333333333,87.66666666666667,87.33333333333333,87.33333333333333,88.33333333333333,88.66666666666667,87.66666666666667,84.33333333333333,80.0,80.33333333333333,77.0,78.66666666666667,78.0,78.0,81.66666666666667,83.0
2472,22.0,27.0,32.0,33.0,38.0,46.0,47.0,52.0,53.0,57.0,59.0,61.0,59.0,80.0,86.0,83.0,89.0,72.0,58.0,42.0,34.0,31.0,27.0,22.0
2473,91.0,86.0,86.0,83.0,85.0,93.0,99.0,99.0,93.0,96.0,89.0,97.0,94.0,93.0,86.0,80.0,64.0,64.0,55.0,64.0,59.0,59.0,60.0,72.0
2474,96.0,92.0,96.0,92.0,96.0,96.0,96.0,92.0,96.0,96.0,96.0,92.0,92.0,96.0,92.0,86.0,68.0,61.0,56.0,51.0,46.0,53.0,74.0,89.0
2475,70.0,67.0,73.0,72.0,72.0,73.0,73.0,73.0,82.0,82.0,82.0,82.0,78.0,82.0,78.0,76.0,73.0,76.0,76.0,79.0,79.0,79.0,79.0,82.0
2476,93.0,93.0,93.0,100.0,93.0,100.0,93.0,93.0,93.0,100.0,100.0,93.0,96.33333333333333,100.0,82.0,55.0,46.0,46.0,41.0,36.0,36.0,38.0,46.0,82.0
2477,83.0,87.0,90.0,93.0,93.0,90.0,89.0,93.0,90.0,86.0,86.0,86.0,89.0,80.0,78.0,73.0,69.0,64.0,52.0,48.0,52.0,52.0,57.0,64.0
2478,96.0,100.0,96.0,96.0,82.0,70.0,73.0,73.0,82.0,76.0,72.0,70.0,65.0,70.0,72.0,70.0,65.0,57.0,53.0,55.0,57.0,60.0,82.0,78.0
2479,63.0,65.0,72.0,77.0,78.0,82.0,82.8888888888889,79.1111111111111,79.66666666666667,76.66666666666667,81.77777777777777,82.66666666666667,85.8888888888889,94.0,89.66666666666667,77.33333333333333,57.666666666666664,46.666666666666664,47.0,49.666666666666664,50.333333333333336,54.0,58.0,56.333333333333336
2480,89.0,89.0,89.0,92.0,92.0,89.0,92.0,89.0,89.0,89.0,89.0,85.0,85.0,89.0,86.0,82.0,79.0,73.0,70.0,67.0,70.0,67.0,70.0,79.0
2481,77.0,77.0,80.0,78.0,78.0,80.0,81.0,98.0,99.0,100.0,100.0,99.0,99.0,98.0,99.0,96.0,89.0,86.0,81.0,78.0,76.0,76.0,77.0,79.0
2482,91.0,98.0,99.0,98.0,97.0,99.0,100.0,100.0,99.0,99.0,100.0,99.0,99.0,99.0,94.0,69.0,59.0,49.0,44.0,42.0,40.0,45.0,62.0,90.0
2483,79.66666666666667,84.33333333333333,91.66666666666667,94.33333333333333,95.0,93.0,94.0,91.66666666666667,94.33333333333333,95.33333333333333,91.66666666666667,92.0,92.0,87.66666666666667,71.33333333333333,59.0,59.333333333333336,56.0,51.0,45.333333333333336,43.0,42.333333333333336,47.0,69.0
2484,91.0,93.33333333333333,93.33333333333333,94.66666666666667,94.66666666666667,93.33333333333333,93.33333333333333,90.22222222222223,92.44444444444444,92.44444444444444,93.33333333333333,93.33333333333333,94.66666666666667,93.33333333333333,92.33333333333333,89.0,87.0,81.0,75.66666666666667,75.66666666666667,72.66666666666667,74.0,75.0,81.66666666666667
2485,93.0,86.0,93.0,86.0,92.0,92.0,85.0,79.0,79.0,85.0,85.0,92.0,85.0,85.0,78.0,78.0,72.0,66.0,72.0,66.0,66.0,66.0,66.0,66.0
2486,84.0,86.0,88.0,88.0,89.0,87.0,92.0,92.0,91.0,90.0,89.0,89.0,92.0,91.0,95.0,96.0,94.0,95.0,93.0,94.0,93.0,93.0,93.0,94.0
2487,81.66666666666667,83.66666666666667,78.66666666666667,83.66666666666667,86.66666666666667,87.0,92.66666666666667,89.33333333333333,90.66666666666667,90.66666666666667,91.33333333333333,91.33333333333333,86.66666666666667,90.0,86.33333333333333,70.66666666666667,58.0,55.0,51.333333333333336,51.333333333333336,49.666666666666664,52.333333333333336,60.666666666666664,74.66666666666667
2488,81.0,81.0,87.0,80.0,87.0,87.0,87.0,86.0,86.0,81.0,82.0,83.0,84.33333333333333,82.0,87.0,87.0,75.0,75.0,70.0,70.0,70.0,65.0,75.0,81.0
2489,61.0,61.0,66.0,65.0,66.0,61.0,61.0,66.0,66.0,70.0,65.0,65.0,65.0,65.0,61.0,61.0,61.0,57.0,57.0,57.0,57.0,57.0,70.0,66.0
2490,88.66666666666667,93.33333333333333,90.33333333333333,92.33333333333333,89.66666666666667,87.66666666666667,93.33333333333333,92.0,95.33333333333333,98.66666666666667,98.0,99.33333333333333,98.33333333333333,98.33333333333333,81.66666666666667,67.66666666666667,59.666666666666664,56.0,51.666666666666664,52.0,50.333333333333336,52.333333333333336,74.33333333333333,94.33333333333333
2491,82.33333333333333,85.33333333333333,85.33333333333333,88.33333333333333,90.0,88.66666666666667,88.0,92.33333333333333,88.33333333333333,89.0,89.33333333333333,90.33333333333333,87.66666666666667,89.0,90.33333333333333,89.0,89.33333333333333,88.0,87.0,82.66666666666667,85.66666666666667,84.0,83.0,84.0
2492,81.66666666666667,83.66666666666667,78.66666666666667,83.66666666666667,86.66666666666667,87.0,92.66666666666667,89.33333333333333,90.66666666666667,90.66666666666667,91.33333333333333,91.33333333333333,86.66666666666667,90.0,86.33333333333333,70.66666666666667,58.0,55.0,51.333333333333336,51.333333333333336,49.666666666666664,52.333333333333336,60.666666666666664,74.66666666666667
2493,95.66666666666667,97.33333333333333,97.66666666666667,96.33333333333333,87.33333333333333,83.0,90.0,88.0,90.0,95.33333333333333,95.33333333333333,93.66666666666667,93.66666666666667,91.66666666666667,79.33333333333333,69.66666666666667,61.0,58.0,54.333333333333336,51.333333333333336,51.333333333333336,54.666666666666664,79.0,93.33333333333333
2494,76.33333333333333,78.66666666666667,81.0,85.66666666666667,93.33333333333333,95.33333333333333,89.66666666666667,95.0,95.0,97.33333333333333,93.66666666666667,96.33333333333333,93.66666666666667,91.66666666666667,85.0,69.66666666666667,59.333333333333336,57.666666666666664,55.333333333333336,54.0,56.333333333333336,57.666666666666664,74.0,85.66666666666667
2495,74.33333333333333,77.33333333333333,79.66666666666667,85.66666666666667,78.0,83.33333333333333,87.0,91.0,95.0,97.33333333333333,91.66666666666667,91.0,89.66666666666667,91.66666666666667,77.0,63.333333333333336,56.333333333333336,52.333333333333336,49.0,47.0,46.333333333333336,46.666666666666664,70.33333333333333,82.66666666666667
2496,88.66666666666667,93.33333333333333,90.33333333333333,92.33333333333333,89.66666666666667,87.66666666666667,93.33333333333333,92.0,95.33333333333333,98.66666666666667,98.0,99.33333333333333,98.33333333333333,98.33333333333333,81.66666666666667,67.66666666666667,59.666666666666664,56.0,51.666666666666664,52.0,50.333333333333336,52.333333333333336,74.33333333333333,94.33333333333333
2497,77.66666666666667,81.0,87.33333333333333,88.33333333333333,90.66666666666667,92.33333333333333,92.0,92.33333333333333,92.33333333333333,92.33333333333333,92.33333333333333,92.33333333333333,93.33333333333333,94.66666666666667,86.33333333333333,66.66666666666667,58.666666666666664,55.666666666666664,52.666666666666664,50.333333333333336,50.666666666666664,50.666666666666664,69.66666666666667,85.33333333333333
2498,66.0,66.0,70.0,76.0,76.0,76.0,81.0,76.0,81.0,81.0,76.0,86.33333333333333,100.0,93.0,71.0,62.0,54.0,41.0,39.0,36.0,36.0,36.0,51.0,67.0
2499,22.0,33.0,34.0,34.0,34.0,69.33333333333333,70.33333333333333,75.33333333333333,72.66666666666667,75.66666666666667,78.33333333333333,84.66666666666667,83.0,87.66666666666667,90.66666666666667,88.66666666666667,50.0,51.0,48.0,40.0,34.0,32.0,43.0,25.0
2500,10.0,13.0,17.0,19.0,24.0,24.0,26.0,28.0,30.0,37.0,32.0,35.0,35.0,33.0,36.0,33.0,29.0,25.0,21.0,15.0,13.0,11.0,12.0,16.0
2501,46.0,50.0,58.0,59.0,61.0,73.0,74.0,74.0,82.0,79.0,86.0,79.0,92.0,96.0,96.0,85.0,73.0,66.0,68.0,68.0,73.0,73.0,79.0,86.0
2502,88.66666666666667,88.0,91.0,94.0,95.0,97.0,95.33333333333333,98.0,96.0,93.0,94.0,96.0,95.0,97.0,91.0,72.0,60.0,53.0,44.0,40.0,41.0,42.0,61.0,77.0
2503,56.0,61.0,65.0,70.0,70.0,75.0,75.0,80.0,70.0,70.0,70.0,75.0,70.0,70.0,65.0,57.0,57.0,57.0,57.0,57.0,53.0,53.0,57.0,57.0
2504,96.0,88.0,89.0,81.0,81.0,78.0,92.0,91.0,96.0,96.0,92.0,92.0,92.0,92.0,92.0,88.0,84.0,84.0,81.0,78.0,81.0,78.0,81.0,78.0
2505,73.0,70.0,70.0,70.0,67.0,67.0,70.0,70.0,70.0,73.0,73.0,73.0,76.0,70.0,63.0,58.0,51.0,50.0,46.0,50.0,44.0,46.0,51.0,56.0
2506,34.0,42.0,47.0,52.0,56.0,54.0,54.0,55.0,60.0,63.0,97.0,60.0,65.0,80.0,76.0,86.0,93.0,89.0,69.0,67.0,64.0,62.0,62.0,69.0
2507,89.0,92.0,92.0,96.0,96.0,92.0,96.0,96.0,92.0,92.0,92.0,92.0,92.0,92.0,85.0,67.0,70.0,55.0,53.0,47.0,49.0,55.0,60.0,57.0
2508,60.0,60.0,62.0,62.0,68.0,68.0,68.0,65.0,68.0,65.0,62.0,65.0,65.0,62.0,63.0,60.0,62.0,56.0,54.0,56.0,58.0,60.0,65.0,79.0
2509,100.0,100.0,93.0,93.0,93.0,93.0,93.0,93.0,93.0,100.0,100.0,92.0,92.0,92.0,92.0,92.0,92.0,85.0,68.0,68.0,63.0,63.0,58.0,59.0
2510,63.333333333333336,70.33333333333333,71.66666666666667,77.0,84.66666666666667,91.33333333333333,93.33333333333333,95.33333333333333,93.33333333333333,91.0,86.66666666666667,85.0,82.66666666666667,74.0,70.77777777777777,67.0,61.0,54.0,48.666666666666664,43.666666666666664,43.333333333333336,43.666666666666664,48.666666666666664,67.0
2511,83.33333333333333,87.33333333333333,92.0,93.0,97.66666666666667,96.33333333333333,95.0,93.66666666666667,96.33333333333333,97.33333333333333,92.66666666666667,95.0,96.0,89.66666666666667,73.66666666666667,58.0,58.0,55.666666666666664,49.666666666666664,44.0,41.0,40.666666666666664,45.666666666666664,69.0
2512,32.0,36.0,37.0,42.0,47.0,54.0,70.0,52.0,54.0,57.0,68.0,84.0,87.0,95.0,100.0,71.0,52.0,50.0,46.0,43.0,41.0,40.0,41.0,44.0
2513,87.0,90.0,93.0,91.0,95.0,85.0,85.0,88.0,90.0,92.0,87.0,81.0,87.0,82.0,77.0,72.0,64.0,60.0,57.0,60.0,64.0,68.0,78.0,82.0
2514,68.0,69.66666666666667,69.66666666666667,70.33333333333333,72.33333333333333,75.0,73.66666666666667,73.66666666666667,73.66666666666667,72.0,71.33333333333333,71.33333333333333,72.0,70.33333333333333,66.0,62.666666666666664,60.0,58.666666666666664,58.666666666666664,57.333333333333336,55.666666666666664,58.666666666666664,60.0,62.333333333333336
2515,37.0,40.0,46.0,53.0,52.0,58.0,63.0,65.0,68.0,60.0,70.0,65.0,70.0,76.0,68.0,59.0,40.0,38.0,30.0,30.0,29.0,31.0,35.0,39.0
2516,84.66666666666667,86.66666666666667,89.33333333333333,90.66666666666667,100.0,86.66666666666667,100.0,100.0,100.0,100.0,100.0,100.0,100.0,100.0,100.0,91.0,63.0,60.666666666666664,54.666666666666664,42.0,41.0,29.0,61.0,86.0
2517,76.33333333333333,75.66666666666667,76.33333333333333,78.0,76.33333333333333,75.0,73.66666666666667,75.66666666666667,75.66666666666667,74.0,68.66666666666667,69.0,68.66666666666667,69.66666666666667,68.0,65.0,62.666666666666664,59.333333333333336,62.0,68.0,67.66666666666667,67.33333333333333,69.33333333333333,74.66666666666667
2518,79.0,83.0,87.0,99.0,94.0,99.0,100.0,100.0,100.0,100.0,100.0,100.0,99.0,100.0,86.0,70.0,61.0,57.0,55.0,54.0,53.0,55.0,72.0,89.0
2519,70.33333333333333,71.33333333333333,74.33333333333333,72.33333333333333,72.33333333333333,71.33333333333333,79.0,79.0,73.0,73.0,67.0,71.66666666666667,79.0,85.0,76.0,78.0,72.0,66.0,62.0,57.0,50.0,46.666666666666664,52.0,61.0
2520,100.0,100.0,100.0,100.0,100.0,100.0,92.0,92.0,92.0,92.0,100.0,100.0,100.0,92.0,92.0,92.0,100.0,100.0,100.0,92.0,85.0,92.0,92.0,100.0
2521,77.0,76.33333333333333,75.33333333333333,71.33333333333333,69.33333333333333,69.66666666666667,69.66666666666667,70.66666666666667,71.0,72.0,72.66666666666667,70.33333333333333,72.33333333333333,68.0,69.33333333333333,67.66666666666667,65.66666666666667,62.0,61.0,56.333333333333336,55.0,51.333333333333336,53.333333333333336,57.333333333333336
2522,88.66666666666667,86.33333333333333,83.0,85.0,80.33333333333333,74.33333333333333,73.33333333333333,73.0,73.0,71.66666666666667,74.66666666666667,79.0,82.0,83.66666666666667,82.33333333333333,78.0,73.66666666666667,66.33333333333333,68.33333333333333,62.666666666666664,65.0,66.66666666666667,71.0,76.0
2523,75.66666666666667,76.33333333333333,78.33333333333333,78.0,78.66666666666667,77.33333333333333,79.0,79.33333333333333,77.0,78.33333333333333,78.33333333333333,86.66666666666667,82.66666666666667,83.66666666666667,83.66666666666667,80.0,76.33333333333333,70.66666666666667,63.666666666666664,58.0,54.0,53.333333333333336,53.0,62.666666666666664
2524,88.0,81.0,81.0,76.0,81.0,81.0,78.0,75.0,82.0,78.0,81.0,85.0,67.33333333333333,74.0,71.0,63.333333333333336,69.0,66.0,63.0,61.0,61.0,58.0,60.0,74.0
2525,95.0,94.0,95.0,100.0,100.0,100.0,100.0,100.0,100.0,100.0,100.0,100.0,100.0,100.0,97.0,91.0,85.0,78.0,76.0,72.0,70.0,71.0,74.0,82.0
2526,82.0,77.0,81.0,81.0,80.0,79.0,73.0,75.0,83.0,87.0,87.0,90.0,89.0,91.0,90.0,87.0,81.0,78.0,72.0,72.0,72.0,72.0,75.0,80.0
2527,81.0,81.0,77.0,75.0,76.0,76.0,75.0,72.0,72.0,74.0,74.0,76.0,81.0,83.0,81.0,83.0,84.0,84.0,78.0,74.0,72.0,69.0,70.0,72.0
2528,76.0,79.0,79.0,79.0,79.0,79.0,79.0,79.0,79.0,76.0,70.0,67.0,75.0,73.0,70.0,64.0,60.0,60.0,67.0,70.0,70.0,67.0,73.0,72.0
2529,78.0,79.0,82.0,78.0,81.0,81.0,89.0,92.0,92.0,88.0,81.0,81.0,81.0,77.0,80.0,77.0,70.0,70.0,70.0,70.0,68.0,62.0,68.0,68.0
2530,28.333333333333332,31.666666666666668,33.666666666666664,34.333333333333336,37.333333333333336,38.0,41.0,43.333333333333336,47.0,43.666666666666664,57.333333333333336,57.333333333333336,57.666666666666664,51.0,47.0,52.666666666666664,42.666666666666664,39.0,31.666666666666668,28.333333333333332,25.0,24.333333333333332,22.333333333333332,21.0
2531,78.0,86.0,89.0,91.0,95.0,97.0,97.0,99.0,98.0,98.0,98.0,98.0,97.0,95.0,81.0,70.0,64.0,57.0,52.0,46.0,44.0,45.0,53.0,74.0
2532,82.0,85.0,85.0,85.0,85.0,85.0,89.0,89.0,89.0,85.0,85.0,85.0,85.0,85.0,82.0,76.0,73.0,70.0,64.0,65.0,64.0,62.0,62.0,64.0
2533,92.0,96.33333333333333,94.0,93.33333333333333,96.33333333333333,98.66666666666667,96.33333333333333,93.0,96.33333333333333,97.33333333333333,94.33333333333333,100.0,96.33333333333333,96.33333333333333,82.66666666666667,66.0,54.666666666666664,48.0,42.333333333333336,40.0,40.0,42.0,57.666666666666664,71.0
2534,89.0,86.33333333333333,87.66666666666667,86.22222222222223,87.66666666666667,86.66666666666667,82.0,83.0,83.66666666666667,80.66666666666667,81.66666666666667,82.33333333333333,81.0,84.33333333333333,77.33333333333333,71.66666666666667,68.33333333333333,66.66666666666667,65.77777777777777,69.0,73.33333333333333,72.44444444444444,77.66666666666667,81.66666666666667
2535,87.8888888888889,89.22222222222223,90.1111111111111,91.55555555555556,91.66666666666667,92.33333333333333,91.1111111111111,89.22222222222223,88.77777777777777,89.66666666666667,88.1111111111111,88.55555555555556,88.44444444444444,86.88888888888887,85.22222222222223,80.77777777777777,77.33333333333333,74.22222222222223,74.8888888888889,76.44444444444444,78.1111111111111,75.66666666666667,67.55555555555556,69.22222222222223
2536,84.66666666666667,83.33333333333333,89.33333333333333,89.33333333333333,90.0,90.0,90.33333333333333,89.0,91.33333333333333,94.33333333333333,91.66666666666667,92.0,92.66666666666667,90.33333333333333,86.66666666666667,72.66666666666667,60.333333333333336,50.666666666666664,46.333333333333336,46.666666666666664,42.333333333333336,42.333333333333336,52.0,67.33333333333333
2537,42.333333333333336,57.333333333333336,67.0,82.66666666666667,85.66666666666667,89.66666666666667,91.33333333333333,95.33333333333333,97.33333333333333,96.0,95.66666666666667,95.0,95.66666666666667,95.33333333333333,97.0,94.0,92.0,91.33333333333333,93.33333333333333,90.0,87.0,88.66666666666667,88.0,88.0
2538,92.0,94.0,94.0,94.0,93.0,93.0,92.0,91.0,92.0,91.0,90.0,91.0,88.0,86.0,83.0,80.0,81.0,74.0,75.0,78.0,83.0,83.0,78.0,68.0
2539,73.66666666666667,79.0,83.33333333333333,86.66666666666667,90.33333333333333,94.0,95.66666666666667,96.0,96.0,96.33333333333333,97.66666666666667,95.33333333333333,96.33333333333333,96.0,94.66666666666667,91.33333333333333,80.0,65.66666666666667,59.0,58.0,57.0,60.0,63.333333333333336,68.0
2540,27.333333333333332,35.333333333333336,41.666666666666664,49.666666666666664,56.333333333333336,59.333333333333336,60.666666666666664,64.33333333333333,67.33333333333333,67.33333333333333,68.66666666666667,70.66666666666667,72.33333333333333,73.33333333333333,77.33333333333333,76.66666666666667,73.33333333333333,65.66666666666667,53.666666666666664,44.333333333333336,38.0,34.0,31.333333333333332,32.0
2541,78.0,75.66666666666667,73.66666666666667,78.0,73.33333333333333,74.66666666666667,72.33333333333333,71.33333333333333,69.33333333333333,71.33333333333333,70.33333333333333,73.33333333333333,79.0,84.66666666666667,84.66666666666667,83.33333333333333,73.66666666666667,67.66666666666667,56.666666666666664,54.333333333333336,49.666666666666664,52.333333333333336,58.333333333333336,67.66666666666667
2542,72.66666666666667,77.33333333333333,81.33333333333333,85.33333333333333,88.33333333333333,86.0,85.0,90.66666666666667,93.0,95.0,95.0,98.66666666666667,98.66666666666667,98.66666666666667,98.66666666666667,98.66666666666667,97.33333333333333,97.33333333333333,98.66666666666667,96.33333333333333,98.66666666666667,98.66666666666667,96.44444444444444,95.0
2543,92.66666666666667,92.33333333333333,92.33333333333333,92.33333333333333,92.33333333333333,91.0,88.33333333333333,90.33333333333333,89.33333333333333,87.33333333333333,88.66666666666667,89.0,88.66666666666667,87.33333333333333,83.0,82.33333333333333,79.66666666666667,77.66666666666667,75.66666666666667,67.33333333333333,64.0,61.333333333333336,66.33333333333333,65.0
2544,45.0,51.666666666666664,59.666666666666664,63.666666666666664,65.0,61.666666666666664,68.0,67.66666666666667,72.0,68.33333333333333,73.0,85.66666666666667,96.0,98.66666666666667,96.33333333333333,94.0,92.66666666666667,91.66666666666667,87.33333333333333,81.66666666666667,77.0,73.33333333333333,70.0,68.66666666666667
2545,70.0,71.66666666666667,71.0,73.0,78.0,80.33333333333333,83.66666666666667,84.66666666666667,85.0,83.0,78.66666666666667,76.0,77.66666666666667,72.0,68.33333333333333,65.66666666666667,63.666666666666664,64.0,60.666666666666664,58.666666666666664,59.0,61.666666666666664,64.33333333333333,75.33333333333333
2546,33.333333333333336,37.666666666666664,41.666666666666664,50.0,53.333333333333336,55.666666666666664,57.333333333333336,59.333333333333336,61.666666666666664,66.33333333333333,66.66666666666667,65.33333333333333,73.0,70.0,71.66666666666667,71.33333333333333,71.66666666666667,64.33333333333333,61.666666666666664,73.33333333333333,65.0,61.666666666666664,71.0,80.33333333333333
2547,94.0,95.0,95.33333333333333,95.33333333333333,95.66666666666667,95.33333333333333,95.0,95.33333333333333,94.33333333333333,95.33333333333333,94.0,94.33333333333333,94.0,93.33333333333333,92.33333333333333,89.33333333333333,88.0,87.0,86.33333333333333,86.0,87.0,89.33333333333333,88.66666666666667,87.0
2548,78.0,77.66666666666667,81.66666666666667,84.0,80.0,78.66666666666667,77.0,77.66666666666667,76.0,79.0,74.0,69.0,69.66666666666667,69.0,74.0,76.66666666666667,76.66666666666667,72.33333333333333,72.33333333333333,70.33333333333333,71.66666666666667,69.0,69.66666666666667,75.33333333333333
2549,93.33333333333333,94.0,93.66666666666667,94.0,93.66666666666667,93.66666666666667,93.0,93.66666666666667,93.0,92.66666666666667,92.33333333333333,93.0,93.66666666666667,91.33333333333333,87.0,84.66666666666667,86.0,84.66666666666667,79.66666666666667,72.33333333333333,67.33333333333333,68.0,73.0,72.66666666666667
2550,38.666666666666664,34.333333333333336,53.666666666666664,50.0,60.666666666666664,61.0,64.33333333333333,61.0,55.666666666666664,64.0,76.66666666666667,71.0,67.0,69.0,67.66666666666667,67.66666666666667,74.33333333333333,64.0,64.0,57.333333333333336,61.333333333333336,56.0,59.666666666666664,64.33333333333333
2551,93.0,92.0,89.0,88.0,92.0,85.0,83.0,83.0,89.0,87.0,84.0,77.0,74.0,80.0,85.0,81.0,80.0,85.0,83.0,72.0,64.0,65.0,73.0,80.0
2552,91.66666666666667,90.66666666666667,89.33333333333333,86.0,87.33333333333333,89.33333333333333,85.66666666666667,85.66666666666667,88.33333333333333,83.33333333333333,88.33333333333333,89.33333333333333,86.66666666666667,86.66666666666667,86.33333333333333,82.66666666666667,82.0,80.66666666666667,74.33333333333333,71.33333333333333,68.66666666666667,69.66666666666667,73.33333333333333,78.33333333333333
2553,61.666666666666664,68.0,69.66666666666667,69.0,69.0,72.0,71.0,68.33333333333333,71.0,71.33333333333333,72.33333333333333,74.66666666666667,75.33333333333333,75.33333333333333,74.33333333333333,69.66666666666667,66.33333333333333,61.0,58.333333333333336,56.666666666666664,55.666666666666664,50.0,50.666666666666664,52.0
2554,76.33333333333333,77.0,77.66666666666667,80.33333333333333,77.33333333333333,77.33333333333333,75.33333333333333,79.0,78.66666666666667,78.66666666666667,76.0,70.0,71.66666666666667,73.33333333333333,67.33333333333333,62.333333333333336,59.666666666666664,59.666666666666664,62.666666666666664,64.66666666666667,68.0,68.33333333333333,72.0,74.66666666666667
2555,94.0,95.0,95.33333333333333,95.33333333333333,95.66666666666667,95.33333333333333,95.0,95.33333333333333,94.33333333333333,95.33333333333333,94.0,94.33333333333333,94.0,93.33333333333333,92.33333333333333,89.33333333333333,88.0,87.0,86.33333333333333,86.0,87.0,89.33333333333333,88.66666666666667,87.0
2556,13.0,16.666666666666668,19.0,21.0,24.333333333333332,25.333333333333332,27.666666666666668,28.333333333333332,32.333333333333336,34.666666666666664,37.666666666666664,37.333333333333336,41.333333333333336,42.333333333333336,45.0,36.0,28.0,23.0,20.0,17.333333333333332,17.666666666666668,18.333333333333332,16.666666666666668,17.0
2557,20.0,24.0,29.0,31.0,29.0,38.333333333333336,39.666666666666664,31.666666666666668,44.666666666666664,45.666666666666664,48.0,48.333333333333336,50.0,49.666666666666664,46.333333333333336,46.333333333333336,26.0,24.666666666666668,25.333333333333332,20.0,19.666666666666668,21.0,19.666666666666668,19.666666666666668
2558,31.0,44.666666666666664,43.333333333333336,35.333333333333336,37.333333333333336,42.666666666666664,42.0,44.0,49.333333333333336,49.333333333333336,51.666666666666664,58.333333333333336,58.333333333333336,57.666666666666664,58.666666666666664,47.666666666666664,43.666666666666664,40.666666666666664,22.333333333333332,29.333333333333332,28.0,21.666666666666668,30.666666666666668,33.666666666666664
2559,50.22222222222222,44.666666666666664,46.666666666666664,35.666666666666664,41.0,45.666666666666664,46.0,48.0,50.666666666666664,51.333333333333336,52.333333333333336,60.0,58.0,55.0,58.666666666666664,57.666666666666664,43.666666666666664,40.666666666666664,32.666666666666664,29.333333333333332,28.0,26.666666666666668,30.666666666666668,33.666666666666664
2560,70.33333333333333,79.66666666666667,84.66666666666667,85.66666666666667,86.66666666666667,88.33333333333333,91.0,88.33333333333333,91.66666666666667,92.33333333333333,92.0,95.33333333333333,92.33333333333333,92.0,89.0,83.0,75.0,71.66666666666667,71.33333333333333,65.0,68.0,68.0,74.0,77.0
2561,45.333333333333336,58.666666666666664,59.0,67.33333333333333,66.0,72.0,71.0,84.0,86.33333333333333,88.33333333333333,87.0,90.66666666666667,93.0,89.33333333333333,90.0,78.33333333333333,65.33333333333333,57.333333333333336,56.666666666666664,57.666666666666664,52.0,51.0,53.666666666666664,58.333333333333336
2562,88.66666666666667,90.66666666666667,92.0,94.66666666666667,96.0,93.33333333333333,96.0,94.66666666666667,94.66666666666667,94.66666666666667,93.33333333333333,93.33333333333333,93.66666666666667,90.0,83.0,77.0,74.0,59.333333333333336,53.333333333333336,47.666666666666664,50.333333333333336,64.66666666666667,68.66666666666667,71.66666666666667
2563,91.0,95.0,98.33333333333333,98.66666666666667,97.66666666666667,99.0,97.66666666666667,96.33333333333333,96.33333333333333,98.66666666666667,98.66666666666667,96.33333333333333,96.33333333333333,95.0,86.66666666666667,72.0,58.0,51.0,46.666666666666664,41.0,40.333333333333336,43.0,54.666666666666664,79.66666666666667
2564,94.0,92.33333333333333,92.0,91.0,92.33333333333333,91.33333333333333,91.0,87.0,84.0,83.0,89.33333333333333,88.66666666666667,85.0,77.66666666666667,74.33333333333333,76.0,74.66666666666667,72.0,74.0,76.33333333333333,77.66666666666667,79.0,79.66666666666667,84.66666666666667
2565,64.66666666666667,75.0,81.66666666666667,89.0,92.0,94.66666666666667,94.33333333333333,96.66666666666667,96.66666666666667,97.66666666666667,96.33333333333333,98.66666666666667,97.66666666666667,99.0,96.66666666666667,85.0,76.0,62.666666666666664,57.666666666666664,57.666666666666664,57.666666666666664,58.0,63.0,69.0
2566,63.666666666666664,70.33333333333333,69.66666666666667,72.33333333333333,70.66666666666667,72.66666666666667,71.66666666666667,71.0,72.0,68.33333333333333,75.0,71.33333333333333,77.33333333333333,76.33333333333333,76.33333333333333,71.66666666666667,69.66666666666667,66.0,65.0,63.0,57.333333333333336,54.333333333333336,53.666666666666664,53.0
2567,94.0,95.0,95.33333333333333,95.33333333333333,95.66666666666667,95.33333333333333,95.0,95.33333333333333,94.33333333333333,95.33333333333333,94.0,94.33333333333333,94.0,93.33333333333333,92.33333333333333,89.33333333333333,88.0,87.0,86.33333333333333,86.0,87.0,89.33333333333333,88.66666666666667,87.0
2568,19.333333333333332,21.0,27.666666666666668,33.666666666666664,37.0,39.333333333333336,44.0,42.666666666666664,46.333333333333336,54.333333333333336,49.666666666666664,54.333333333333336,61.0,57.333333333333336,56.333333333333336,59.0,36.0,25.666666666666668,24.666666666666668,19.333333333333332,17.0,17.0,18.333333333333332,18.0
2569,94.0,93.0,93.0,93.0,93.0,94.0,92.0,90.0,89.0,87.0,85.0,88.0,95.0,88.0,82.0,74.0,72.0,72.0,70.0,71.0,79.0,85.0,82.0,82.0
2570,92.66666666666667,93.33333333333333,93.0,92.33333333333333,91.33333333333333,91.0,90.0,89.66666666666667,85.66666666666667,84.0,82.33333333333333,84.66666666666667,84.66666666666667,84.0,83.0,78.66666666666667,78.66666666666667,84.66666666666667,79.0,77.66666666666667,69.66666666666667,67.0,63.666666666666664,61.666666666666664
2571,81.0,79.33333333333333,79.66666666666667,80.33333333333333,81.33333333333333,82.0,72.0,70.0,68.66666666666667,75.0,70.33333333333333,73.0,74.33333333333333,75.66666666666667,81.33333333333333,79.66666666666667,77.0,76.33333333333333,72.66666666666667,74.33333333333333,63.666666666666664,65.33333333333333,64.66666666666667,65.0
2572,92.66666666666667,93.66666666666667,94.0,94.33333333333333,94.66666666666667,95.0,94.0,94.33333333333333,93.66666666666667,94.33333333333333,93.33333333333333,93.66666666666667,93.33333333333333,92.33333333333333,91.33333333333333,87.66666666666667,84.0,81.66666666666667,80.66666666666667,79.66666666666667,81.66666666666667,83.0,79.66666666666667,78.33333333333333
2573,74.66666666666667,73.66666666666667,75.66666666666667,76.66666666666667,77.33333333333333,78.66666666666667,78.66666666666667,80.66666666666667,81.66666666666667,81.66666666666667,83.66666666666667,88.33333333333333,91.0,90.66666666666667,91.0,89.66666666666667,91.0,90.66666666666667,90.66666666666667,89.66666666666667,87.66666666666667,81.66666666666667,81.66666666666667,82.0
2574,82.0,85.33333333333333,84.0,89.66666666666667,87.33333333333333,87.66666666666667,90.33333333333333,91.33333333333333,95.0,96.33333333333333,96.33333333333333,97.66666666666667,89.66666666666667,88.33333333333333,68.0,53.0,46.666666666666664,47.0,43.333333333333336,39.666666666666664,40.0,42.0,48.666666666666664,68.66666666666667
2575,10.666666666666666,14.666666666666666,16.666666666666668,18.0,20.666666666666668,21.666666666666668,24.333333333333332,26.333333333333332,26.666666666666668,27.0,27.666666666666668,26.333333333333332,28.666666666666668,28.666666666666668,31.333333333333332,26.666666666666668,24.333333333333332,20.666666666666668,18.666666666666668,15.333333333333334,14.0,13.333333333333334,14.0,16.333333333333332
2576,79.0,79.0,84.0,87.0,88.66666666666667,87.33333333333333,88.0,89.66666666666667,88.0,87.66666666666667,88.33333333333333,87.66666666666667,88.0,88.0,89.0,89.33333333333333,89.33333333333333,86.66666666666667,84.66666666666667,82.66666666666667,83.0,84.0,84.0,86.0
2577,92.66666666666667,94.0,94.33333333333333,95.33333333333333,94.33333333333333,94.33333333333333,94.66666666666667,96.66666666666667,94.66666666666667,94.33333333333333,94.33333333333333,94.33333333333333,94.66666666666667,93.66666666666667,92.33333333333333,91.33333333333333,90.66666666666667,88.33333333333333,87.66666666666667,88.0,83.0,77.0,79.0,81.33333333333333
2578,26.333333333333332,38.0,44.333333333333336,53.666666666666664,52.666666666666664,56.666666666666664,58.666666666666664,58.666666666666664,62.666666666666664,66.0,70.0,70.0,72.0,73.0,74.33333333333333,71.33333333333333,57.333333333333336,50.333333333333336,42.333333333333336,36.666666666666664,30.333333333333332,29.666666666666668,29.666666666666668,32.666666666666664
2579,52.333333333333336,57.0,54.0,55.666666666666664,60.666666666666664,69.66666666666667,73.33333333333333,75.33333333333333,81.33333333333333,83.33333333333333,87.0,87.0,92.33333333333333,90.33333333333333,91.33333333333333,87.66666666666667,82.66666666666667,79.33333333333333,79.66666666666667,78.66666666666667,80.0,80.0,84.0,91.33333333333333
2580,68.66666666666667,67.66666666666667,67.66666666666667,74.33333333333333,72.33333333333333,70.66666666666667,74.33333333333333,76.66666666666667,75.33333333333333,75.33333333333333,75.33333333333333,76.0,75.33333333333333,75.66666666666667,74.0,69.33333333333333,67.0,52.666666666666664,56.0,53.333333333333336,55.0,54.333333333333336,52.666666666666664,57.0
2581,69.33333333333333,66.0,64.0,67.0,64.0,70.0,69.0,67.33333333333333,68.0,71.0,69.33333333333333,68.0,68.66666666666667,67.33333333333333,65.0,63.666666666666664,58.666666666666664,59.333333333333336,58.0,55.333333333333336,54.0,54.333333333333336,58.333333333333336,60.666666666666664
2582,92.66666666666667,93.33333333333333,93.33333333333333,92.0,92.33333333333333,89.66666666666667,88.66666666666667,89.66666666666667,88.33333333333333,86.66666666666667,85.33333333333333,84.0,85.33333333333333,85.33333333333333,83.33333333333333,80.0,73.0,75.33333333333333,81.33333333333333,77.66666666666667,72.0,67.0,63.666666666666664,62.333333333333336
2583,90.0,89.0,88.0,85.0,87.0,84.66666666666667,85.66666666666667,86.0,85.66666666666667,84.33333333333333,81.33333333333333,79.0,73.0,77.0,75.0,66.0,64.0,69.0,71.0,76.0,74.0,71.0,64.0,66.0
2584,45.333333333333336,58.666666666666664,44.333333333333336,53.333333333333336,59.333333333333336,63.666666666666664,69.66666666666667,72.0,74.0,78.33333333333333,81.33333333333333,82.33333333333333,85.0,83.0,86.0,85.0,84.0,84.66666666666667,82.0,83.66666666666667,81.0,81.33333333333333,80.33333333333333,79.66666666666667
2585,35.0,47.0,51.0,54.333333333333336,52.666666666666664,53.0,58.333333333333336,60.333333333333336,64.0,68.33333333333333,75.0,76.0,80.33333333333333,78.66666666666667,78.33333333333333,66.33333333333333,67.33333333333333,59.666666666666664,50.0,45.666666666666664,41.333333333333336,39.333333333333336,41.333333333333336,44.333333333333336
2586,90.66666666666667,91.66666666666667,92.33333333333333,94.0,91.0,88.0,85.66666666666667,85.66666666666667,84.33333333333333,85.0,85.0,88.66666666666667,75.66666666666667,67.33333333333333,66.0,67.33333333333333,66.66666666666667,67.66666666666667,65.33333333333333,68.33333333333333,67.0,61.0,60.666666666666664,61.333333333333336
2587,70.33333333333333,75.0,78.0,85.33333333333333,93.66666666666667,95.0,95.66666666666667,96.0,95.66666666666667,96.0,96.66666666666667,92.0,90.0,91.66666666666667,89.0,79.0,70.33333333333333,64.66666666666667,58.0,55.666666666666664,55.333333333333336,51.666666666666664,52.0,68.0
2588,69.33333333333333,69.0,68.0,69.0,70.66666666666667,70.66666666666667,69.0,70.66666666666667,70.66666666666667,71.66666666666667,73.0,73.66666666666667,71.0,71.33333333333333,63.0,56.333333333333336,53.0,53.666666666666664,53.333333333333336,55.333333333333336,54.333333333333336,56.666666666666664,60.0,60.333333333333336
2589,90.66666666666667,86.33333333333333,88.66666666666667,88.0,88.33333333333333,88.33333333333333,85.0,84.66666666666667,85.33333333333333,80.66666666666667,81.0,82.0,82.33333333333333,84.66666666666667,79.0,74.33333333333333,69.0,67.0,67.0,68.33333333333333,74.0,75.0,77.33333333333333,81.33333333333333
2590,60.666666666666664,66.66666666666667,67.0,68.0,69.0,70.66666666666667,67.33333333333333,67.33333333333333,67.0,70.33333333333333,72.33333333333333,73.33333333333333,75.66666666666667,75.33333333333333,75.66666666666667,69.66666666666667,66.33333333333333,62.333333333333336,56.333333333333336,53.666666666666664,52.0,49.333333333333336,49.666666666666664,48.666666666666664
2591,93.33333333333333,95.33333333333333,93.33333333333333,94.33333333333333,93.0,93.0,92.66666666666667,92.33333333333333,93.0,93.0,92.0,92.33333333333333,90.33333333333333,87.66666666666667,88.33333333333333,85.66666666666667,83.66666666666667,81.33333333333333,80.33333333333333,82.66666666666667,87.66666666666667,83.0,83.66666666666667,78.33333333333333
2592,74.66666666666667,78.0,85.66666666666667,88.33333333333333,90.0,95.66666666666667,95.33333333333333,97.66666666666667,96.33333333333333,97.66666666666667,97.66666666666667,97.66666666666667,97.66666666666667,96.33333333333333,94.0,85.66666666666667,77.33333333333333,69.66666666666667,64.0,53.666666666666664,48.666666666666664,49.333333333333336,52.666666666666664,68.66666666666667
2593,91.66666666666667,91.66666666666667,93.0,93.33333333333333,90.0,93.66666666666667,90.66666666666667,88.33333333333333,83.0,83.66666666666667,81.0,73.33333333333333,83.66666666666667,79.0,82.0,75.33333333333333,74.0,71.66666666666667,70.33333333333333,68.33333333333333,67.33333333333333,64.0,73.33333333333333,78.33333333333333
2594,21.666666666666668,26.0,32.0,33.333333333333336,32.333333333333336,30.333333333333332,32.666666666666664,36.0,43.0,43.333333333333336,44.666666666666664,40.666666666666664,42.666666666666664,44.666666666666664,48.0,36.333333333333336,29.0,25.666666666666668,22.0,19.333333333333332,17.0,16.333333333333332,21.333333333333332,23.0
2595,82.66666666666667,88.0,88.0,90.33333333333333,89.0,89.0,91.66666666666667,90.0,90.0,90.0,90.33333333333333,90.33333333333333,90.33333333333333,90.33333333333333,88.33333333333333,84.33333333333333,80.66666666666667,81.66666666666667,75.0,73.33333333333333,66.66666666666667,66.66666666666667,71.66666666666667,83.66666666666667
2596,55.0,60.0,61.666666666666664,54.333333333333336,59.666666666666664,60.666666666666664,68.33333333333333,75.66666666666667,78.33333333333333,77.0,82.66666666666667,83.66666666666667,84.0,85.33333333333333,83.33333333333333,72.0,53.333333333333336,46.0,40.333333333333336,37.333333333333336,35.333333333333336,50.333333333333336,55.0,66.0
2597,63.333333333333336,74.33333333333333,81.66666666666667,81.66666666666667,86.66666666666667,89.0,89.66666666666667,92.0,90.0,91.66666666666667,92.33333333333333,91.66666666666667,90.66666666666667,89.66666666666667,88.0,73.33333333333333,62.333333333333336,52.333333333333336,46.666666666666664,46.0,43.666666666666664,42.333333333333336,45.0,51.333333333333336
2598,92.66666666666667,93.66666666666667,94.0,94.33333333333333,94.66666666666667,95.0,94.0,94.33333333333333,93.66666666666667,94.33333333333333,93.33333333333333,93.66666666666667,93.33333333333333,92.33333333333333,91.33333333333333,87.66666666666667,84.0,81.66666666666667,80.66666666666667,79.66666666666667,81.66666666666667,83.0,79.66666666666667,78.33333333333333
2599,92.66666666666667,93.33333333333333,93.33333333333333,92.0,92.0,89.33333333333333,89.0,90.0,89.33333333333333,86.66666666666667,86.0,83.0,85.33333333333333,85.66666666666667,84.33333333333333,80.33333333333333,75.33333333333333,79.33333333333333,86.33333333333333,82.33333333333333,79.66666666666667,74.33333333333333,65.0,63.666666666666664
2600,93.0,93.33333333333333,93.66666666666667,93.66666666666667,93.33333333333333,92.0,89.33333333333333,90.33333333333333,90.0,88.0,89.0,89.66666666666667,87.66666666666667,86.0,83.0,81.66666666666667,79.33333333333333,75.33333333333333,76.66666666666667,72.0,70.66666666666667,67.66666666666667,68.66666666666667,65.0
2601,94.33333333333333,96.33333333333333,99.0,93.0,94.0,98.0,95.66666666666667,95.66666666666667,97.66666666666667,97.66666666666667,97.66666666666667,100.0,100.0,93.33333333333333,75.0,65.66666666666667,50.666666666666664,45.666666666666664,41.666666666666664,45.0,46.333333333333336,46.666666666666664,54.0,67.66666666666667
2602,93.33333333333333,93.0,94.33333333333333,93.66666666666667,92.66666666666667,93.0,92.0,92.33333333333333,90.66666666666667,90.0,90.0,90.33333333333333,87.66666666666667,90.0,87.0,83.66666666666667,80.0,83.33333333333333,79.66666666666667,73.66666666666667,64.33333333333333,61.0,64.0,65.0
2603,83.33333333333333,84.0,85.66666666666667,87.33333333333333,85.66666666666667,87.0,86.0,87.33333333333333,86.0,88.33333333333333,88.66666666666667,93.0,94.33333333333333,94.33333333333333,92.66666666666667,91.33333333333333,89.33333333333333,90.33333333333333,88.33333333333333,86.66666666666667,88.0,88.33333333333333,89.0,86.66666666666667
2604,54.0,65.0,72.0,76.66666666666667,87.0,85.66666666666667,85.33333333333333,84.33333333333333,88.66666666666667,87.66666666666667,86.66666666666667,94.33333333333333,93.33333333333333,93.0,93.0,90.33333333333333,90.33333333333333,87.66666666666667,85.66666666666667,84.66666666666667,85.66666666666667,84.66666666666667,77.66666666666667,81.0
2605,58.666666666666664,61.666666666666664,66.33333333333333,70.33333333333333,77.66666666666667,79.66666666666667,82.33333333333333,86.66666666666667,88.0,88.0,91.33333333333333,93.33333333333333,95.33333333333333,92.0,90.33333333333333,83.33333333333333,75.0,60.333333333333336,56.0,52.666666666666664,54.0,54.333333333333336,57.0,61.666666666666664
2606,90.66666666666667,91.66666666666667,92.0,92.0,91.33333333333333,91.33333333333333,90.66666666666667,91.33333333333333,91.66666666666667,90.66666666666667,90.0,90.0,90.0,88.0,86.0,83.33333333333333,83.0,82.0,78.66666666666667,77.33333333333333,70.66666666666667,66.0,69.66666666666667,69.33333333333333
2607,94.0,95.0,95.33333333333333,95.33333333333333,95.66666666666667,95.33333333333333,95.0,95.33333333333333,94.33333333333333,95.33333333333333,94.0,94.33333333333333,94.0,93.33333333333333,92.33333333333333,89.33333333333333,88.0,87.0,86.33333333333333,86.0,87.0,89.33333333333333,88.66666666666667,87.0
2608,93.33333333333333,93.33333333333333,93.44444444444444,94.8888888888889,94.55555555555556,95.77777777777777,93.33333333333333,92.8888888888889,94.33333333333333,93.33333333333333,94.33333333333333,94.22222222222223,93.77777777777777,92.77777777777777,92.22222222222223,89.1111111111111,84.8888888888889,81.8888888888889,81.0,79.33333333333333,81.66666666666667,75.33333333333333,71.33333333333333,73.66666666666667
2609,65.0,62.0,62.0,62.0,68.0,68.0,74.0,81.0,84.0,88.0,88.0,88.0,88.0,88.0,88.0,88.0,88.0,88.0,81.0,74.0,74.0,68.0,68.0,68.0
2610,78.66666666666667,87.0,87.33333333333333,88.0,90.33333333333333,93.33333333333333,93.0,91.33333333333333,90.33333333333333,91.33333333333333,95.0,90.33333333333333,91.33333333333333,89.66666666666667,79.66666666666667,66.33333333333333,53.0,45.333333333333336,46.666666666666664,45.666666666666664,49.666666666666664,53.333333333333336,62.333333333333336,79.33333333333333
2611,80.0,86.44444444444444,93.1111111111111,97.77777777777777,98.1111111111111,99.22222222222223,99.22222222222223,99.66666666666667,99.55555555555556,99.55555555555556,99.55555555555556,99.66666666666667,100.0,99.55555555555556,97.8888888888889,80.77777777777777,64.8888888888889,54.888888888888886,48.0,48.77777777777778,51.111111111111114,45.0,52.22222222222222,60.0
2612,93.33333333333333,93.33333333333333,93.44444444444444,94.8888888888889,94.55555555555556,95.77777777777777,93.33333333333333,92.8888888888889,94.33333333333333,93.33333333333333,94.33333333333333,94.22222222222223,93.77777777777777,92.77777777777777,92.22222222222223,89.1111111111111,84.8888888888889,81.8888888888889,81.0,79.33333333333333,81.66666666666667,75.33333333333333,71.33333333333333,73.66666666666667
2613,96.66666666666667,95.0,97.0,95.33333333333333,96.0,96.33333333333333,94.66666666666667,94.33333333333333,96.33333333333333,95.0,95.33333333333333,97.0,95.0,83.0,79.66666666666667,80.0,72.66666666666667,71.0,71.0,66.33333333333333,65.66666666666667,68.33333333333333,68.0,72.66666666666667
2614,28.333333333333332,39.333333333333336,45.666666666666664,54.0,61.0,61.333333333333336,66.66666666666667,68.0,68.66666666666667,73.0,70.33333333333333,73.0,77.66666666666667,74.66666666666667,76.33333333333333,77.33333333333333,74.0,63.333333333333336,56.666666666666664,42.0,37.333333333333336,32.333333333333336,29.0,29.333333333333332
2615,84.66666666666667,89.0,93.66666666666667,94.33333333333333,94.0,96.66666666666667,94.33333333333333,95.0,96.0,94.33333333333333,94.0,92.0,93.33333333333333,95.0,93.0,91.33333333333333,87.66666666666667,87.66666666666667,79.33333333333333,76.33333333333333,72.66666666666667,71.33333333333333,75.33333333333333,84.33333333333333
2616,91.33333333333333,88.33333333333333,91.0,89.66666666666667,91.0,91.0,88.0,86.66666666666667,86.0,84.0,83.66666666666667,84.66666666666667,87.0,86.33333333333333,80.0,75.0,70.33333333333333,68.66666666666667,69.33333333333333,70.0,77.0,79.33333333333333,80.0,83.0
2617,69.33333333333333,79.66666666666667,82.66666666666667,80.0,81.66666666666667,82.66666666666667,80.66666666666667,83.0,85.33333333333333,85.33333333333333,88.33333333333333,92.66666666666667,95.33333333333333,95.66666666666667,94.33333333333333,83.33333333333333,74.0,66.66666666666667,60.333333333333336,52.0,48.0,44.666666666666664,46.0,54.666666666666664
2618,92.0,93.33333333333333,93.33333333333333,94.66666666666667,94.66666666666667,92.33333333333333,92.0,88.8888888888889,91.1111111111111,91.1111111111111,91.0,91.0,91.0,92.33333333333333,89.66666666666667,85.33333333333333,81.33333333333333,75.33333333333333,74.0,71.66666666666667,70.0,69.66666666666667,72.0,78.0
2619,91.0,90.66666666666667,89.33333333333333,90.33333333333333,91.33333333333333,91.0,87.66666666666667,82.0,80.33333333333333,83.33333333333333,81.33333333333333,77.33333333333333,79.33333333333333,80.33333333333333,83.33333333333333,80.0,76.0,81.33333333333333,73.0,71.66666666666667,72.0,72.66666666666667,79.33333333333333,81.0
2620,90.33333333333333,93.33333333333333,96.33333333333333,97.0,96.66666666666667,94.66666666666667,95.66666666666667,93.66666666666667,94.33333333333333,96.0,97.0,94.66666666666667,94.66666666666667,94.33333333333333,83.66666666666667,71.33333333333333,58.666666666666664,52.333333333333336,46.333333333333336,41.0,40.333333333333336,42.333333333333336,59.666666666666664,80.33333333333333
2621,67.0,74.66666666666667,73.33333333333333,77.0,85.0,86.33333333333333,88.0,82.66666666666667,87.33333333333333,87.66666666666667,91.66666666666667,88.33333333333333,89.0,87.33333333333333,82.0,70.66666666666667,53.333333333333336,46.666666666666664,48.0,47.0,47.0,51.666666666666664,55.666666666666664,60.333333333333336
2622,53.333333333333336,63.0,84.33333333333333,90.33333333333333,89.33333333333333,84.66666666666667,88.0,89.0,92.0,90.66666666666667,92.66666666666667,88.66666666666667,93.66666666666667,97.66666666666667,94.0,95.33333333333333,85.66666666666667,76.0,66.33333333333333,57.333333333333336,57.333333333333336,61.333333333333336,59.666666666666664,61.333333333333336
2623,64.66666666666667,70.66666666666667,77.33333333333333,77.66666666666667,82.33333333333333,88.0,88.0,86.66666666666667,87.0,87.0,83.66666666666667,83.33333333333333,85.0,77.0,74.0,66.0,60.666666666666664,56.333333333333336,46.0,42.666666666666664,42.666666666666664,42.666666666666664,49.666666666666664,57.666666666666664
2624,77.0,84.66666666666667,90.33333333333333,92.66666666666667,93.0,91.0,91.33333333333333,92.0,92.33333333333333,90.0,91.33333333333333,92.66666666666667,91.33333333333333,91.33333333333333,89.66666666666667,77.0,69.33333333333333,51.333333333333336,45.333333333333336,41.666666666666664,40.0,41.666666666666664,50.333333333333336,65.66666666666667
2625,38.666666666666664,48.666666666666664,51.333333333333336,55.333333333333336,68.66666666666667,68.66666666666667,73.66666666666667,75.66666666666667,77.0,79.33333333333333,79.66666666666667,80.66666666666667,88.66666666666667,86.33333333333333,87.33333333333333,82.33333333333333,84.33333333333333,77.66666666666667,73.66666666666667,77.0,80.66666666666667,80.33333333333333,85.33333333333333,83.0
2626,70.33333333333333,75.0,78.0,85.33333333333333,93.66666666666667,95.0,95.66666666666667,96.0,95.66666666666667,96.0,96.66666666666667,92.0,90.0,91.66666666666667,89.0,79.0,70.33333333333333,64.66666666666667,58.0,55.666666666666664,55.333333333333336,51.666666666666664,52.0,68.0
2627,91.66666666666667,92.66666666666667,93.1111111111111,93.55555555555556,93.8888888888889,93.77777777777777,92.66666666666667,92.8888888888889,92.33333333333333,93.0,92.0,92.22222222222223,91.77777777777777,90.77777777777777,89.55555555555556,85.44444444444444,82.8888888888889,80.8888888888889,80.0,79.66666666666667,81.66666666666667,81.0,79.33333333333333,78.0
2628,66.33333333333333,69.66666666666667,62.0,65.0,64.0,62.333333333333336,63.0,65.33333333333333,69.0,67.66666666666667,63.333333333333336,63.333333333333336,63.333333333333336,61.333333333333336,59.0,57.666666666666664,57.666666666666664,56.0,56.0,60.333333333333336,53.333333333333336,55.333333333333336,64.66666666666667,71.0
2629,28.333333333333332,31.333333333333332,36.666666666666664,36.0,38.333333333333336,40.0,41.0,48.333333333333336,40.666666666666664,47.666666666666664,51.666666666666664,52.0,54.333333333333336,68.0,74.66666666666667,69.66666666666667,66.66666666666667,64.0,63.0,61.666666666666664,61.666666666666664,63.333333333333336,70.0,82.33333333333333
2630,78.0,88.33333333333333,90.33333333333333,81.66666666666667,79.66666666666667,79.33333333333333,84.0,90.0,93.66666666666667,90.0,87.0,85.66666666666667,83.0,80.0,72.33333333333333,63.333333333333336,60.333333333333336,58.0,56.666666666666664,55.666666666666664,56.0,59.0,71.33333333333333,87.33333333333333
2631,52.0,57.0,60.0,68.66666666666667,73.0,81.0,83.0,86.66666666666667,85.66666666666667,81.66666666666667,83.33333333333333,82.66666666666667,86.66666666666667,87.66666666666667,87.66666666666667,86.66666666666667,86.33333333333333,87.66666666666667,87.66666666666667,82.33333333333333,85.33333333333333,85.33333333333333,90.33333333333333,89.66666666666667
2632,86.33333333333333,91.0,92.66666666666667,94.0,97.33333333333333,96.33333333333333,97.33333333333333,97.33333333333333,97.33333333333333,97.33333333333333,95.0,95.0,96.0,97.33333333333333,94.0,88.0,75.66666666666667,57.666666666666664,50.666666666666664,45.333333333333336,42.0,42.0,47.666666666666664,63.333333333333336
2633,76.0,82.33333333333333,90.33333333333333,91.66666666666667,96.33333333333333,96.33333333333333,94.66666666666667,96.0,91.33333333333333,96.0,94.66666666666667,96.0,96.0,96.0,94.66666666666667,85.0,79.66666666666667,69.0,54.333333333333336,47.666666666666664,44.666666666666664,44.666666666666664,46.666666666666664,56.333333333333336
2634,56.0,60.0,66.0,71.33333333333333,72.66666666666667,77.33333333333333,78.66666666666667,80.33333333333333,80.66666666666667,81.33333333333333,86.66666666666667,89.66666666666667,93.0,92.66666666666667,93.66666666666667,88.66666666666667,76.33333333333333,57.666666666666664,51.333333333333336,49.333333333333336,51.333333333333336,52.666666666666664,55.0,61.0
2635,48.666666666666664,63.0,60.333333333333336,63.666666666666664,70.0,70.66666666666667,70.33333333333333,81.66666666666667,77.33333333333333,78.33333333333333,82.0,84.33333333333333,92.0,95.66666666666667,92.33333333333333,84.33333333333333,73.0,62.333333333333336,56.0,47.333333333333336,44.333333333333336,41.0,42.333333333333336,52.333333333333336
2636,76.66666666666667,81.66666666666667,79.33333333333333,88.66666666666667,89.0,94.33333333333333,96.33333333333333,93.66666666666667,97.33333333333333,96.0,95.66666666666667,97.0,98.66666666666667,98.66666666666667,90.66666666666667,76.0,55.666666666666664,45.0,44.333333333333336,42.666666666666664,39.666666666666664,50.333333333333336,55.333333333333336,60.0
2637,94.33333333333333,95.0,94.66666666666667,94.0,89.0,92.0,88.33333333333333,87.0,84.66666666666667,83.66666666666667,82.66666666666667,78.33333333333333,85.66666666666667,78.33333333333333,77.0,74.33333333333333,73.66666666666667,70.0,69.33333333333333,65.0,65.33333333333333,63.666666666666664,71.0,76.33333333333333
2638,79.66666666666667,80.33333333333333,78.66666666666667,77.0,79.0,83.33333333333333,87.0,86.66666666666667,82.33333333333333,84.66666666666667,82.33333333333333,84.0,83.33333333333333,83.0,77.66666666666667,74.33333333333333,64.33333333333333,60.666666666666664,57.0,58.0,55.0,56.333333333333336,57.666666666666664,61.666666666666664
2639,93.33333333333333,93.0,94.33333333333333,93.66666666666667,92.66666666666667,93.0,92.0,92.33333333333333,90.66666666666667,90.0,90.0,90.33333333333333,87.66666666666667,90.0,87.0,83.66666666666667,80.0,83.33333333333333,79.66666666666667,73.66666666666667,64.33333333333333,61.0,64.0,65.0
2640,96.66666666666667,98.66666666666667,96.33333333333333,96.33333333333333,96.33333333333333,96.33333333333333,93.0,92.66666666666667,93.0,96.66666666666667,91.0,90.33333333333333,89.0,87.33333333333333,90.33333333333333,90.33333333333333,85.66666666666667,82.33333333333333,80.66666666666667,88.33333333333333,98.33333333333333,96.33333333333333,95.66666666666667,92.0
2641,93.66666666666667,94.0,93.66666666666667,92.33333333333333,91.66666666666667,90.66666666666667,89.66666666666667,90.0,85.0,84.66666666666667,83.0,86.33333333333333,86.0,85.66666666666667,84.33333333333333,81.33333333333333,81.33333333333333,86.33333333333333,79.66666666666667,77.66666666666667,74.33333333333333,67.66666666666667,65.66666666666667,62.666666666666664
2642,62.0,70.0,74.33333333333333,80.0,84.0,86.0,89.33333333333333,94.33333333333333,96.33333333333333,97.33333333333333,97.66666666666667,98.0,98.33333333333333,97.33333333333333,96.66666666666667,94.0,74.33333333333333,57.0,53.333333333333336,51.0,50.0,52.333333333333336,55.77777777777778,60.0
2643,93.0,94.0,93.0,92.0,92.0,91.0,90.0,90.0,87.0,84.0,82.0,83.0,84.0,84.0,82.0,78.0,78.0,83.0,79.0,79.0,72.0,68.0,63.0,65.0
2644,34.0,36.333333333333336,42.666666666666664,39.0,43.666666666666664,41.333333333333336,49.333333333333336,53.666666666666664,52.333333333333336,54.0,66.0,74.66666666666667,84.33333333333333,83.66666666666667,81.33333333333333,80.33333333333333,81.0,83.0,83.33333333333333,86.33333333333333,84.66666666666667,84.66666666666667,86.0,86.33333333333333
2645,97.0,94.0,93.0,93.0,92.0,92.0,91.0,91.0,91.0,91.0,91.0,91.0,87.0,82.0,73.0,67.0,63.0,63.0,83.0,89.0,78.0,76.0,76.0,74.0
2646,95.66666666666667,97.66666666666667,95.33333333333333,96.33333333333333,95.66666666666667,95.33333333333333,95.33333333333333,95.33333333333333,95.33333333333333,96.0,95.66666666666667,95.33333333333333,94.66666666666667,93.33333333333333,95.33333333333333,92.66666666666667,91.0,91.0,89.33333333333333,89.66666666666667,94.66666666666667,94.33333333333333,96.0,92.33333333333333
2647,95.33333333333333,96.66666666666667,96.66666666666667,95.66666666666667,96.33333333333333,96.33333333333333,92.66666666666667,92.0,92.66666666666667,95.33333333333333,90.0,89.66666666666667,88.33333333333333,87.33333333333333,87.0,87.0,84.0,78.33333333333333,78.0,85.66666666666667,92.66666666666667,92.66666666666667,88.33333333333333,83.66666666666667
2648,92.0,94.0,93.0,94.0,94.0,93.0,93.0,93.0,92.0,87.0,84.0,83.0,84.0,83.0,83.0,78.0,75.0,73.0,70.0,70.0,71.0,76.0,77.0,83.0
2649,91.33333333333333,89.0,90.66666666666667,90.33333333333333,90.33333333333333,90.66666666666667,90.33333333333333,90.33333333333333,84.33333333333333,76.33333333333333,82.66666666666667,91.66666666666667,91.33333333333333,77.33333333333333,80.33333333333333,76.0,87.33333333333333,82.0,72.0,67.0,65.33333333333333,68.0,70.33333333333333,76.66666666666667
2650,94.0,95.0,95.33333333333333,95.33333333333333,95.66666666666667,95.33333333333333,95.0,95.33333333333333,94.33333333333333,95.33333333333333,94.0,94.33333333333333,94.0,93.33333333333333,92.33333333333333,89.33333333333333,88.0,87.0,86.33333333333333,86.0,87.0,89.33333333333333,88.66666666666667,87.0
2651,92.66666666666667,92.66666666666667,93.0,92.66666666666667,92.33333333333333,91.66666666666667,89.66666666666667,90.66666666666667,90.0,88.0,90.0,90.0,88.66666666666667,88.33333333333333,84.66666666666667,82.66666666666667,82.0,80.33333333333333,79.33333333333333,70.0,68.0,62.666666666666664,66.66666666666667,67.33333333333333
2652,92.0,92.0,93.0,94.0,95.0,94.0,92.0,92.0,93.0,92.0,93.0,92.0,92.0,91.0,90.0,86.0,84.0,81.0,81.0,82.0,83.0,74.0,74.0,71.0
2653,91.66666666666667,91.66666666666667,92.0,91.66666666666667,91.33333333333333,90.0,87.33333333333333,89.0,88.33333333333333,86.33333333333333,87.33333333333333,87.33333333333333,86.0,85.66666666666667,82.66666666666667,81.33333333333333,78.33333333333333,76.33333333333333,76.0,69.0,65.0,59.0,63.333333333333336,62.666666666666664
2654,73.66666666666667,90.33333333333333,90.66666666666667,89.0,69.33333333333333,71.33333333333333,69.0,66.33333333333333,64.66666666666667,67.0,65.0,64.33333333333333,63.666666666666664,63.666666666666664,63.666666666666664,64.0,59.666666666666664,56.333333333333336,56.333333333333336,51.333333333333336,50.0,45.666666666666664,48.0,53.0
2655,71.0,78.0,84.33333333333333,93.0,95.33333333333333,96.66666666666667,97.33333333333333,97.66666666666667,97.33333333333333,97.66666666666667,98.0,93.66666666666667,91.66666666666667,93.33333333333333,90.33333333333333,80.0,69.33333333333333,61.666666666666664,53.666666666666664,53.333333333333336,54.0,51.0,49.666666666666664,64.0
2656,77.66666666666667,83.33333333333333,90.66666666666667,90.66666666666667,89.66666666666667,92.0,94.66666666666667,91.33333333333333,93.66666666666667,93.66666666666667,91.0,93.66666666666667,91.0,90.0,80.66666666666667,65.0,52.0,46.666666666666664,44.333333333333336,40.0,42.666666666666664,46.333333333333336,50.333333333333336,68.33333333333333
2657,76.33333333333333,75.66666666666667,77.66666666666667,73.66666666666667,73.0,73.66666666666667,72.66666666666667,72.66666666666667,75.33333333333333,73.66666666666667,75.66666666666667,74.66666666666667,76.66666666666667,75.66666666666667,70.33333333333333,67.0,66.0,63.0,60.333333333333336,56.666666666666664,58.0,62.666666666666664,65.33333333333333,68.0
2658,74.33333333333333,76.33333333333333,66.0,75.66666666666667,79.0,81.33333333333333,81.66666666666667,82.66666666666667,83.33333333333333,83.0,82.0,83.33333333333333,80.33333333333333,77.0,71.66666666666667,59.666666666666664,57.0,54.666666666666664,52.0,53.666666666666664,53.0,57.666666666666664,57.333333333333336,68.33333333333333
2659,93.33333333333333,93.0,94.33333333333333,93.66666666666667,92.66666666666667,93.0,92.0,92.33333333333333,90.66666666666667,90.0,90.0,90.33333333333333,87.66666666666667,90.0,87.0,83.66666666666667,80.0,83.33333333333333,79.66666666666667,73.66666666666667,64.33333333333333,61.0,64.0,65.0
2660,87.66666666666667,91.33333333333333,91.33333333333333,92.33333333333333,93.66666666666667,96.33333333333333,96.66666666666667,97.0,96.66666666666667,94.33333333333333,96.66666666666667,96.33333333333333,96.66666666666667,98.33333333333333,84.33333333333333,66.33333333333333,58.0,53.0,50.666666666666664,47.666666666666664,47.333333333333336,49.666666666666664,75.66666666666667,91.66666666666667
2661,91.0,88.0,86.66666666666667,88.33333333333333,88.66666666666667,89.0,87.66666666666667,86.66666666666667,84.33333333333333,84.33333333333333,84.0,83.33333333333333,88.66666666666667,86.33333333333333,78.0,70.33333333333333,70.66666666666667,67.0,65.0,66.66666666666667,68.66666666666667,69.33333333333333,71.0,72.66666666666667
2662,77.66666666666667,79.33333333333333,90.0,88.33333333333333,91.0,88.66666666666667,92.0,91.33333333333333,96.0,94.66666666666667,92.0,92.0,90.66666666666667,92.0,89.33333333333333,90.66666666666667,88.0,85.33333333333333,83.0,82.0,82.0,80.0,83.0,79.66666666666667
2663,91.33333333333333,69.0,68.66666666666667,72.33333333333333,72.33333333333333,72.66666666666667,95.33333333333333,72.0,74.66666666666667,71.33333333333333,75.0,73.0,97.66666666666667,79.33333333333333,77.66666666666667,71.66666666666667,71.33333333333333,71.33333333333333,91.0,64.0,56.333333333333336,56.333333333333336,54.0,55.0
2664,17.333333333333332,40.666666666666664,44.333333333333336,42.0,45.333333333333336,50.333333333333336,47.666666666666664,50.666666666666664,55.333333333333336,57.333333333333336,55.666666666666664,59.666666666666664,58.333333333333336,59.666666666666664,60.333333333333336,58.666666666666664,43.333333333333336,22.0,17.666666666666668,16.666666666666668,16.333333333333332,14.333333333333334,15.0,17.0
2665,92.66666666666667,93.66666666666667,94.0,94.33333333333333,94.66666666666667,95.0,94.0,94.33333333333333,93.66666666666667,94.33333333333333,93.33333333333333,93.66666666666667,93.33333333333333,92.33333333333333,91.33333333333333,87.66666666666667,84.0,81.66666666666667,80.66666666666667,79.66666666666667,81.66666666666667,83.0,79.66666666666667,78.33333333333333
2666,96.0,96.0,98.0,98.0,98.0,97.0,97.0,97.0,95.0,88.0,91.0,85.0,84.0,87.0,78.0,70.0,74.0,71.0,69.0,62.0,66.0,67.0,76.0,79.0
2667,94.0,93.33333333333333,93.66666666666667,93.33333333333333,93.33333333333333,93.66666666666667,92.66666666666667,91.33333333333333,91.66666666666667,91.66666666666667,91.33333333333333,91.33333333333333,94.0,92.66666666666667,89.0,86.33333333333333,81.0,75.0,70.66666666666667,73.33333333333333,70.33333333333333,75.0,80.33333333333333,79.66666666666667
2668,81.66666666666667,79.33333333333333,86.66666666666667,83.0,85.0,86.0,90.33333333333333,86.33333333333333,88.0,88.33333333333333,89.66666666666667,87.66666666666667,90.66666666666667,89.66666666666667,81.66666666666667,71.0,53.333333333333336,43.0,39.333333333333336,37.333333333333336,38.0,41.0,60.0,76.0
2669,88.0,92.0,87.0,84.66666666666667,84.0,85.33333333333333,85.0,83.33333333333333,82.0,80.66666666666667,80.0,79.66666666666667,79.0,93.0,89.0,80.0,78.0,65.0,71.0,65.0,62.0,66.0,68.0,66.0
2670,90.33333333333333,89.33333333333333,88.0,84.66666666666667,86.0,86.66666666666667,83.0,83.0,84.0,84.33333333333333,84.0,85.0,85.0,81.33333333333333,82.0,81.33333333333333,80.0,77.66666666666667,74.66666666666667,70.66666666666667,63.666666666666664,64.0,70.33333333333333,75.33333333333333
2671,97.0,97.0,96.0,96.0,96.0,96.0,95.0,95.0,96.0,96.0,95.0,97.0,97.0,96.0,95.0,95.0,93.0,79.0,71.0,68.0,67.0,68.0,73.0,73.0
2672,67.0,66.0,65.33333333333333,64.33333333333333,65.33333333333333,65.0,65.0,64.66666666666667,68.66666666666667,68.66666666666667,69.33333333333333,70.33333333333333,73.0,74.66666666666667,72.33333333333333,68.0,61.666666666666664,56.333333333333336,55.0,54.0,52.333333333333336,52.333333333333336,53.0,55.333333333333336
2673,85.0,92.66666666666667,91.33333333333333,94.66666666666667,92.33333333333333,93.66666666666667,93.66666666666667,96.0,96.0,96.0,94.66666666666667,97.33333333333333,96.0,97.33333333333333,97.33333333333333,95.0,90.66666666666667,72.66666666666667,53.0,45.0,42.666666666666664,43.0,51.333333333333336,76.66666666666667
2674,70.0,71.33333333333333,74.0,78.33333333333333,86.0,88.0,92.33333333333333,93.66666666666667,94.66666666666667,94.66666666666667,97.33333333333333,96.0,95.0,96.0,94.66666666666667,92.66666666666667,87.33333333333333,87.33333333333333,86.33333333333333,86.33333333333333,85.33333333333333,82.66666666666667,81.33333333333333,78.33333333333333
2675,78.0,72.66666666666667,75.66666666666667,75.66666666666667,75.33333333333333,74.0,78.33333333333333,73.0,79.0,75.33333333333333,75.33333333333333,75.33333333333333,75.33333333333333,75.0,75.66666666666667,73.33333333333333,71.66666666666667,70.66666666666667,68.33333333333333,67.33333333333333,62.0,61.0,64.33333333333333,69.66666666666667
2676,84.66666666666667,91.33333333333333,93.33333333333333,91.33333333333333,94.66666666666667,92.33333333333333,93.66666666666667,95.66666666666667,93.66666666666667,93.33333333333333,94.66666666666667,91.0,92.33333333333333,93.33333333333333,95.0,82.0,64.66666666666667,55.666666666666664,46.0,42.0,41.333333333333336,39.666666666666664,45.0,71.33333333333333
2677,96.66666666666667,98.66666666666667,96.33333333333333,96.33333333333333,96.33333333333333,96.33333333333333,93.0,92.66666666666667,93.0,96.66666666666667,91.0,90.33333333333333,89.0,87.33333333333333,90.33333333333333,90.33333333333333,85.66666666666667,82.33333333333333,80.66666666666667,88.33333333333333,98.33333333333333,96.33333333333333,95.66666666666667,92.0
2678,98.33333333333333,98.0,97.0,95.33333333333333,93.66666666666667,93.33333333333333,93.33333333333333,94.0,91.0,91.33333333333333,89.33333333333333,91.66666666666667,92.0,93.33333333333333,91.66666666666667,90.66666666666667,85.66666666666667,84.33333333333333,86.66666666666667,82.0,81.66666666666667,73.33333333333333,71.66666666666667,69.66666666666667
2679,98.0,95.66666666666667,97.33333333333333,94.33333333333333,94.0,93.33333333333333,93.0,93.66666666666667,94.33333333333333,94.0,93.66666666666667,95.0,95.66666666666667,95.0,94.33333333333333,94.33333333333333,93.0,79.33333333333333,70.33333333333333,68.33333333333333,67.66666666666667,68.33333333333333,73.33333333333333,73.33333333333333
2680,94.66666666666667,94.66666666666667,94.33333333333333,93.33333333333333,92.66666666666667,92.0,92.0,92.66666666666667,92.33333333333333,92.33333333333333,92.66666666666667,93.66666666666667,94.0,92.66666666666667,91.0,88.66666666666667,90.66666666666667,80.0,75.33333333333333,69.66666666666667,66.66666666666667,64.66666666666667,68.66666666666667,68.66666666666667
2681,30.0,36.666666666666664,40.666666666666664,55.0,58.0,64.0,65.66666666666667,68.66666666666667,67.0,69.66666666666667,68.0,67.66666666666667,69.0,73.0,72.0,66.0,55.666666666666664,43.333333333333336,32.666666666666664,28.333333333333332,24.333333333333332,24.0,23.333333333333332,30.0
2682,87.33333333333333,94.33333333333333,96.66666666666667,96.0,97.33333333333333,97.0,96.0,98.0,96.0,96.33333333333333,96.33333333333333,95.33333333333333,97.33333333333333,95.66666666666667,85.33333333333333,70.33333333333333,52.333333333333336,46.0,41.666666666666664,41.333333333333336,39.666666666666664,42.333333333333336,54.333333333333336,76.66666666666667
2683,41.0,53.0,56.666666666666664,61.333333333333336,64.33333333333333,64.33333333333333,72.0,73.33333333333333,76.66666666666667,78.66666666666667,84.66666666666667,89.33333333333333,93.33333333333333,92.66666666666667,96.0,84.66666666666667,78.0,65.66666666666667,53.666666666666664,48.666666666666664,43.666666666666664,42.666666666666664,46.0,49.333333333333336
2684,84.33333333333333,89.0,90.33333333333333,90.66666666666667,90.0,92.0,95.33333333333333,95.0,96.33333333333333,96.33333333333333,96.33333333333333,96.33333333333333,94.66666666666667,96.33333333333333,97.0,92.33333333333333,94.33333333333333,94.0,89.66666666666667,82.33333333333333,79.66666666666667,79.0,79.0,80.66666666666667
2685,68.66666666666667,74.66666666666667,75.33333333333333,83.0,86.0,91.33333333333333,92.33333333333333,96.0,97.0,97.33333333333333,95.66666666666667,97.33333333333333,95.66666666666667,99.66666666666667,83.33333333333333,65.66666666666667,56.0,52.333333333333336,47.666666666666664,48.333333333333336,46.333333333333336,48.333333333333336,69.66666666666667,85.66666666666667
2686,97.0,100.0,100.0,100.0,100.0,99.0,98.0,100.0,98.0,93.0,92.0,95.0,89.0,81.0,74.0,75.0,73.0,73.0,99.0,80.0,76.0,76.0,82.0,83.0
2687,86.66666666666667,90.0,92.0,93.33333333333333,96.0,96.0,94.66666666666667,96.0,97.33333333333333,97.33333333333333,97.33333333333333,96.0,97.33333333333333,96.0,97.33333333333333,94.0,86.33333333333333,77.66666666666667,69.0,64.0,61.0,61.666666666666664,68.33333333333333,70.66666666666667
2688,91.0,88.0,86.66666666666667,88.33333333333333,88.66666666666667,89.0,87.66666666666667,86.66666666666667,84.33333333333333,84.33333333333333,84.0,83.33333333333333,88.66666666666667,86.33333333333333,78.0,70.33333333333333,70.66666666666667,67.0,65.0,66.66666666666667,68.66666666666667,69.33333333333333,71.0,72.66666666666667
2689,92.33333333333333,93.33333333333333,93.33333333333333,93.33333333333333,92.66666666666667,92.66666666666667,92.0,92.33333333333333,92.0,91.66666666666667,91.0,91.33333333333333,91.0,89.66666666666667,86.66666666666667,83.66666666666667,84.66666666666667,83.33333333333333,80.0,74.0,68.33333333333333,65.66666666666667,70.0,70.33333333333333
2690,91.33333333333333,83.66666666666667,84.0,86.0,87.66666666666667,85.33333333333333,95.33333333333333,85.66666666666667,87.33333333333333,81.66666666666667,83.33333333333333,80.33333333333333,97.66666666666667,86.33333333333333,84.33333333333333,83.0,84.66666666666667,84.33333333333333,91.0,77.66666666666667,70.33333333333333,70.0,69.0,69.0
2691,87.0,93.0,94.33333333333333,96.0,97.33333333333333,96.33333333333333,97.33333333333333,96.33333333333333,98.33333333333333,97.33333333333333,97.33333333333333,96.33333333333333,98.0,96.66666666666667,97.66666666666667,93.66666666666667,84.66666666666667,76.33333333333333,67.0,63.333333333333336,57.0,58.666666666666664,64.66666666666667,71.66666666666667
2692,85.0,84.66666666666667,86.0,86.33333333333333,86.33333333333333,87.0,87.0,87.33333333333333,86.0,87.0,86.33333333333333,86.66666666666667,86.33333333333333,85.66666666666667,86.0,81.66666666666667,80.0,78.0,75.66666666666667,74.33333333333333,75.66666666666667,76.33333333333333,77.33333333333333,80.33333333333333
2693,35.333333333333336,44.666666666666664,51.666666666666664,56.0,61.666666666666664,68.33333333333333,77.33333333333333,85.0,85.66666666666667,88.0,89.0,90.33333333333333,94.33333333333333,95.0,95.66666666666667,95.66666666666667,92.33333333333333,93.33333333333333,92.33333333333333,88.66666666666667,91.66666666666667,88.66666666666667,90.33333333333333,90.0
2694,74.33333333333333,76.0,77.33333333333333,77.33333333333333,81.66666666666667,80.33333333333333,78.33333333333333,79.33333333333333,80.66666666666667,79.33333333333333,78.66666666666667,80.0,78.66666666666667,79.0,76.66666666666667,70.33333333333333,66.66666666666667,65.0,66.33333333333333,64.33333333333333,65.66666666666667,66.33333333333333,67.33333333333333,69.66666666666667
2695,92.33333333333333,93.33333333333333,93.0,93.33333333333333,94.0,93.66666666666667,92.0,90.0,86.33333333333333,85.0,85.0,84.33333333333333,82.0,77.66666666666667,79.0,76.66666666666667,73.0,79.0,80.66666666666667,76.0,72.33333333333333,71.33333333333333,78.66666666666667,80.33333333333333
2696,43.666666666666664,52.666666666666664,55.0,65.33333333333333,68.66666666666667,71.66666666666667,72.0,73.33333333333333,71.66666666666667,72.0,71.0,74.66666666666667,78.33333333333333,81.0,82.33333333333333,79.33333333333333,75.33333333333333,65.0,58.0,54.666666666666664,53.0,49.0,49.0,52.0
2697,80.66666666666667,91.33333333333333,90.0,94.66666666666667,94.66666666666667,93.66666666666667,92.66666666666667,96.0,93.33333333333333,96.0,94.66666666666667,97.33333333333333,96.0,97.33333333333333,98.66666666666667,87.33333333333333,77.0,64.66666666666667,49.333333333333336,41.666666666666664,39.333333333333336,38.333333333333336,44.666666666666664,67.0
2698,95.66666666666667,96.0,96.66666666666667,96.0,95.66666666666667,93.0,92.33333333333333,93.33333333333333,93.33333333333333,91.66666666666667,91.33333333333333,89.0,90.66666666666667,90.33333333333333,89.0,84.66666666666667,81.0,84.0,87.33333333333333,85.33333333333333,86.66666666666667,83.33333333333333,76.33333333333333,76.0
2699,87.8888888888889,89.22222222222223,90.1111111111111,91.55555555555556,91.66666666666667,92.33333333333333,91.1111111111111,89.22222222222223,88.77777777777777,89.66666666666667,88.1111111111111,88.55555555555556,88.44444444444444,86.88888888888887,85.22222222222223,80.77777777777777,77.33333333333333,74.22222222222223,74.8888888888889,76.44444444444444,78.1111111111111,75.66666666666667,67.55555555555556,69.22222222222223
2700,90.0,89.66666666666667,90.33333333333333,91.33333333333333,88.33333333333333,92.33333333333333,88.33333333333333,83.33333333333333,78.66666666666667,82.33333333333333,83.0,72.0,80.66666666666667,81.66666666666667,84.33333333333333,77.66666666666667,76.0,73.66666666666667,71.66666666666667,67.66666666666667,69.33333333333333,67.66666666666667,76.33333333333333,76.66666666666667
2701,61.666666666666664,68.0,69.66666666666667,69.0,69.0,72.0,71.0,68.33333333333333,71.0,71.33333333333333,72.33333333333333,74.66666666666667,75.33333333333333,75.33333333333333,74.33333333333333,69.66666666666667,66.33333333333333,61.0,58.333333333333336,56.666666666666664,55.666666666666664,50.0,50.666666666666664,52.0
2702,94.0,93.66666666666667,94.0,93.0,92.0,91.66666666666667,90.66666666666667,91.33333333333333,88.0,88.0,87.0,89.66666666666667,86.66666666666667,89.0,85.66666666666667,84.0,82.0,85.33333333333333,80.0,76.66666666666667,71.33333333333333,64.66666666666667,66.0,63.666666666666664
2703,16.666666666666668,21.333333333333332,24.0,29.666666666666668,30.0,34.333333333333336,32.666666666666664,31.0,39.0,37.666666666666664,38.666666666666664,39.666666666666664,38.333333333333336,43.666666666666664,45.666666666666664,35.666666666666664,29.0,26.0,19.666666666666668,17.0,15.0,13.0,12.333333333333334,13.333333333333334
2704,95.0,94.33333333333333,94.33333333333333,95.0,95.33333333333333,95.66666666666667,94.66666666666667,93.33333333333333,93.66666666666667,94.0,93.0,93.66666666666667,95.66666666666667,94.66666666666667,93.33333333333333,92.0,88.66666666666667,79.0,74.33333333333333,71.33333333333333,71.66666666666667,74.33333333333333,78.66666666666667,79.33333333333333
2705,92.33333333333333,93.33333333333333,93.33333333333333,93.33333333333333,92.66666666666667,92.66666666666667,92.0,92.33333333333333,92.0,91.66666666666667,91.0,91.33333333333333,91.0,89.66666666666667,86.66666666666667,83.66666666666667,84.66666666666667,83.33333333333333,80.0,74.0,68.33333333333333,65.66666666666667,70.0,70.33333333333333
2706,43.666666666666664,54.333333333333336,63.666666666666664,67.33333333333333,79.33333333333333,81.33333333333333,85.0,87.33333333333333,89.0,89.66666666666667,90.33333333333333,90.33333333333333,89.66666666666667,89.66666666666667,89.0,83.0,70.66666666666667,60.666666666666664,56.666666666666664,56.333333333333336,54.666666666666664,58.333333333333336,59.666666666666664,63.333333333333336
2707,94.0,95.0,95.33333333333333,95.33333333333333,95.66666666666667,95.33333333333333,95.0,95.33333333333333,94.33333333333333,95.33333333333333,94.0,94.33333333333333,94.0,93.33333333333333,92.33333333333333,89.33333333333333,88.0,87.0,86.33333333333333,86.0,87.0,89.33333333333333,88.66666666666667,87.0
2708,92.66666666666667,94.0,94.33333333333333,95.66666666666667,95.0,94.66666666666667,94.33333333333333,96.33333333333333,94.33333333333333,94.0,94.33333333333333,94.0,94.33333333333333,93.66666666666667,92.66666666666667,91.0,90.66666666666667,87.33333333333333,87.0,87.33333333333333,84.0,77.66666666666667,79.33333333333333,80.33333333333333
2709,62.666666666666664,66.33333333333333,71.66666666666667,71.33333333333333,71.33333333333333,71.33333333333333,75.0,76.0,81.0,87.0,84.33333333333333,88.66666666666667,84.0,86.0,82.0,86.66666666666667,84.33333333333333,75.66666666666667,70.33333333333333,58.0,53.333333333333336,50.333333333333336,50.666666666666664,52.666666666666664
2710,49.0,61.333333333333336,57.333333333333336,65.0,64.33333333333333,59.333333333333336,57.666666666666664,60.333333333333336,61.666666666666664,62.0,65.0,72.66666666666667,76.33333333333333,76.33333333333333,79.0,78.66666666666667,79.0,72.33333333333333,69.66666666666667,69.0,71.33333333333333,70.66666666666667,70.33333333333333,74.66666666666667
2711,67.0,70.33333333333333,73.66666666666667,83.0,85.0,87.0,89.33333333333333,87.66666666666667,95.33333333333333,95.33333333333333,95.33333333333333,93.0,90.66666666666667,95.33333333333333,93.0,88.66666666666667,86.33333333333333,86.33333333333333,82.0,84.0,82.0,80.0,79.66666666666667,84.0
2712,86.33333333333333,91.66666666666667,96.33333333333333,97.33333333333333,98.66666666666667,97.33333333333333,98.66666666666667,98.66666666666667,98.66666666666667,98.66666666666667,97.33333333333333,98.66666666666667,97.33333333333333,98.66666666666667,97.33333333333333,97.33333333333333,90.66666666666667,79.0,64.33333333333333,56.666666666666664,50.666666666666664,50.0,52.0,67.33333333333333
2713,35.333333333333336,44.666666666666664,51.666666666666664,56.0,61.666666666666664,68.33333333333333,77.33333333333333,85.0,85.66666666666667,88.0,89.0,90.33333333333333,94.33333333333333,95.0,95.66666666666667,95.66666666666667,92.33333333333333,93.33333333333333,92.33333333333333,88.66666666666667,91.66666666666667,88.66666666666667,90.33333333333333,90.0
2714,74.66666666666667,85.66666666666667,83.66666666666667,84.33333333333333,88.0,89.66666666666667,91.66666666666667,89.0,90.33333333333333,90.0,92.8888888888889,89.22222222222223,89.55555555555556,87.1111111111111,79.66666666666667,67.55555555555556,56.333333333333336,48.333333333333336,49.666666666666664,49.333333333333336,49.0,51.333333333333336,60.666666666666664,71.66666666666667
2715,75.0,75.33333333333333,79.66666666666667,83.33333333333333,85.33333333333333,87.33333333333333,87.0,86.33333333333333,83.33333333333333,82.0,82.0,83.0,84.0,77.0,72.33333333333333,65.66666666666667,61.0,59.0,52.666666666666664,46.0,47.666666666666664,49.0,52.666666666666664,60.666666666666664
2716,70.66666666666667,80.66666666666667,89.0,94.0,93.66666666666667,96.33333333333333,98.66666666666667,98.66666666666667,97.33333333333333,97.33333333333333,97.33333333333333,98.66666666666667,98.66666666666667,96.0,97.33333333333333,90.66666666666667,76.0,69.0,61.333333333333336,55.666666666666664,53.333333333333336,50.333333333333336,54.0,65.66666666666667
2717,40.666666666666664,45.0,63.666666666666664,68.66666666666667,79.33333333333333,74.66666666666667,80.33333333333333,85.66666666666667,88.0,89.66666666666667,90.0,90.0,90.66666666666667,90.66666666666667,91.33333333333333,81.33333333333333,68.66666666666667,62.333333333333336,59.0,56.333333333333336,60.0,61.333333333333336,62.333333333333336,63.333333333333336
2718,92.8888888888889,91.55555555555556,92.0,92.33333333333333,92.44444444444444,92.55555555555556,94.44444444444444,94.0,90.44444444444444,94.0,89.1111111111111,90.33333333333333,92.0,90.77777777777777,89.66666666666667,87.0,79.77777777777777,78.33333333333333,76.55555555555556,77.77777777777777,78.77777777777777,81.0,78.8888888888889,77.22222222222223
2719,88.22222222222223,89.55555555555556,90.33333333333333,91.33333333333333,91.44444444444444,91.8888888888889,91.44444444444444,89.66666666666667,88.77777777777777,89.33333333333333,87.77777777777777,88.66666666666667,88.66666666666667,87.44444444444444,86.33333333333333,82.33333333333333,76.44444444444444,74.0,74.8888888888889,78.1111111111111,79.44444444444444,78.0,71.22222222222223,73.22222222222223
2720,98.33333333333333,95.66666666666667,96.0,93.0,95.0,90.0,89.66666666666667,83.66666666666667,80.33333333333333,82.33333333333333,81.33333333333333,83.66666666666667,84.0,81.33333333333333,83.66666666666667,85.33333333333333,84.33333333333333,83.33333333333333,80.33333333333333,77.33333333333333,76.0,77.66666666666667,74.0,77.66666666666667
2721,77.66666666666667,79.33333333333333,90.0,88.33333333333333,91.0,88.66666666666667,92.0,91.33333333333333,96.0,94.66666666666667,92.0,92.0,90.66666666666667,92.0,89.33333333333333,90.66666666666667,88.0,85.33333333333333,83.0,82.0,82.0,80.0,83.0,79.66666666666667
2722,95.33333333333333,93.0,94.0,94.0,93.66666666666667,92.66666666666667,92.33333333333333,92.33333333333333,92.33333333333333,92.33333333333333,91.0,89.0,84.0,74.0,73.0,69.66666666666667,68.33333333333333,64.66666666666667,70.0,74.0,76.0,82.66666666666667,77.66666666666667,73.0
2723,13.666666666666666,15.666666666666666,17.333333333333332,23.333333333333332,23.333333333333332,24.0,21.666666666666668,23.333333333333332,25.0,26.666666666666668,28.666666666666668,25.0,30.0,26.666666666666668,32.666666666666664,31.0,29.666666666666668,26.333333333333332,24.0,22.0,18.0,16.0,15.666666666666666,16.666666666666668
2724,33.666666666666664,47.666666666666664,47.333333333333336,58.333333333333336,64.33333333333333,72.0,82.0,79.66666666666667,81.66666666666667,89.0,89.66666666666667,94.33333333333333,92.66666666666667,89.33333333333333,91.0,92.0,88.33333333333333,86.33333333333333,87.0,84.66666666666667,83.33333333333333,83.33333333333333,85.66666666666667,84.33333333333333
2725,60.666666666666664,64.33333333333333,68.66666666666667,72.33333333333333,77.0,77.0,84.33333333333333,86.0,89.0,90.66666666666667,90.33333333333333,91.0,89.0,89.33333333333333,88.33333333333333,86.33333333333333,81.66666666666667,78.33333333333333,72.66666666666667,71.33333333333333,77.33333333333333,79.33333333333333,79.66666666666667,82.66666666666667
2726,67.0,66.0,65.33333333333333,64.33333333333333,65.33333333333333,65.0,65.0,64.66666666666667,68.66666666666667,68.66666666666667,69.33333333333333,70.33333333333333,73.0,74.66666666666667,72.33333333333333,68.0,61.666666666666664,56.333333333333336,55.0,54.0,52.333333333333336,52.333333333333336,53.0,55.333333333333336
2727,90.0,89.0,88.0,85.0,87.0,88.0,90.0,91.0,90.0,89.0,84.0,79.0,73.0,77.0,75.0,66.0,64.0,69.0,71.0,76.0,74.0,71.0,64.0,66.0
2728,80.0,80.66666666666667,80.0,80.33333333333333,81.0,77.66666666666667,76.33333333333333,77.0,76.66666666666667,76.33333333333333,74.66666666666667,74.0,74.66666666666667,74.0,73.66666666666667,73.0,70.66666666666667,65.0,65.0,68.66666666666667,67.33333333333333,68.33333333333333,68.0,75.33333333333333
