id,hour_00,hour_01,hour_02,hour_03,hour_04,hour_05,hour_06,hour_07,hour_08,hour_09,hour_10,hour_11,hour_12,hour_13,hour_14,hour_15,hour_16,hour_17,hour_18,hour_19,hour_20,hour_21,hour_22,hour_23
1,8.864895675386668,8.036400752453334,7.33218006796,5.661381973377779,3.8939261377866665,5.288559258057778,2.0988538047644445,1.8641135766,2.471676520084445,2.3197857842133334,2.7478414943955562,1.9469630688933333,4.335790096684445,3.9077343865022223,1.5741403535733334,4.1010498685200005,2.5683342610933337,4.142474614666667,8.450648213920003,7.663578037133334,5.716614968240001,2.9825817225600004,2.1402785509111113,2.5683342610933337
2,8.699196690800001,6.213711921999999,6.4208356527333335,4.142474614666667,2.6926084995333333,2.6926084995333333,3.313979691733333,3.5211034224666666,2.899732230266667,4.3495983454000005,3.5211034224666666,2.4854847688,3.3139796917333335,4.556722076133334,4.556722076133334,2.6926084995333333,3.7282271532,3.7282271532,3.5211034224666666,3.3139796917333335,3.1068559610000004,5.178093268333334,3.521103422466666,3.3139796917333335
3,1.5741403535733334,1.4084413689866668,0.37282271532000005,0.37282271532000005,0.37282271532000005,1.2013176382533335,1.2013176382533335,2.0298125611866666,1.4084413689866668,0.37282271532000005,0.8284949229333334,0.8284949229333334,0.0,0.0,0.8284949229333334,2.0298125611866666,0.37282271532000005,0.8284949229333334,0.0,0.8284949229333334,1.0356186536666667,0.8284949229333334,1.0356186536666667,0.0
4,5.371408750351111,5.3161757554888895,5.233326263195555,3.3554044378799994,4.819078801728889,8.119250244746667,5.09524377604,7.912126514013334,10.68758450584,5.468066491360001,10.770433998133335,9.582924608595555,9.22391014199111,7.70500278328,7.6911945345644455,5.302367506773334,10.107638059786668,9.555308111164445,10.521885521253337,10.521885521253333,10.107638059786668,5.2609427606266665,7.415029560253335,5.481874740075557
5,4.47387258384,3.6453776609066666,2.9825817225600004,3.2311301994400004,3.6039529147600007,4.639571568426667,3.2311301994400004,2.1955115457733334,1.9469630688933333,1.9469630688933337,3.6453776609066666,4.639571568426667,5.550915983653333,5.136668522186667,8.492072960066666,6.710808875760001,9.424129748366667,11.246818578820003,10.68758450584,12.945233170833333,11.66106604028667,9.838377209833334,7.497879052546668,6.793658368053333
6,4.556722076133333,2.0712373073333334,4.556722076133333,4.3495983454000005,6.4208356527333335,6.627959383466667,6.627959383466667,6.835083114200001,6.835083114200001,7.663578037133334,7.4564543064,7.249330575666666,5.799464460533334,6.4208356527333335,4.763845806866667,3.9353508839333338,6.4208356527333335,6.627959383466667,5.3852169990666665,3.3139796917333335,3.5211034224666666,3.3139796917333335,5.3852169990666665,5.799464460533334
7,7.249330575666666,5.5923407298,5.3852169990666665,3.5211034224666666,2.6926084995333333,3.3139796917333335,3.7282271532,4.142474614666667,3.5211034224666666,4.556722076133334,3.5211034224666666,2.899732230266667,3.1068559609999995,3.9353508839333338,3.9353508839333338,2.4854847688,3.1068559610000004,1.8641135766,2.899732230266667,3.1068559609999995,2.0712373073333334,4.556722076133334,3.7282271532,4.142474614666667
8,10.004076194420001,7.3321800679599995,7.33218006796,6.876507860346667,11.122544340380001,5.840889206680001,4.72242106072,3.438253930173334,2.6097590072400005,1.4912908612800002,2.9825817225600004,1.8641135766,2.3197857842133334,3.0654312148533336,3.8110766454933334,2.23693629192,1.5741403535733334,3.4382539301733335,3.1482807071466667,4.639571568426667,5.758039714386666,5.385216999066667,3.8939261377866665,1.11846814596
9,2.3197857842133334,3.1482807071466667,5.758039714386668,5.302367506773334,7.705002783280001,4.639571568426667,6.9593573526400005,6.74532949754889,5.385216999066667,4.183899360813334,6.048012937413334,5.364504625993334,7.974263633233334,3.8110766454933334,5.385216999066667,5.385216999066667,6.503685145026668,9.631253479100002,7.705002783280001,5.364504625993334,8.077825498600001,8.450648213920001,8.139962617820002,8.057113125526667
10,4.556722076133334,3.0654312148533336,5.758039714386666,5.468066491360001,4.266748853106667,3.0654312148533336,2.6926084995333337,1.11846814596,2.23693629192,1.11846814596,1.5741403535733334,2.23693629192,2.6926084995333337,1.5741403535733334,3.5211034224666675,5.095243776040001,6.9593573526400005,7.33218006796,7.70500278328,9.25843076378,7.33218006796,7.3321800679599995,6.9593573526400005,6.213711922000001
11,11.930326890240002,10.749721625060003,11.868189771019999,11.122544340380001,9.631253479100002,9.9419390752,8.0778254986,9.941939075200002,9.19629364456,6.9593573526400005,8.45064821392,7.33218006796,8.82347092924,9.631253479100002,11.06040722116,9.941939075200002,10.31476179052,8.45064821392,6.9593573526400005,5.012394283746667,6.58653463732,6.58653463732,6.58653463732,6.9593573526400005
12,8.82347092924,9.19629364456,8.077825498600001,6.503685145026668,7.249330575666668,11.495367055700001,11.1846814596,9.631253479100002,11.86818977102,12.241012486340002,11.86818977102,10.376898909740001,11.122544340380001,10.00407619442,8.51278533314,8.802758556166667,10.832571117353334,13.442330124593333,13.877289959133334,16.922008800913336,14.622935389773334,15.368580820413335,16.321349981786668,10.004076194420001
13,5.758039714386668,4.639571568426668,8.76133381002,5.260942760626667,7.33218006796,6.58653463732,4.611955070995556,4.363406594115556,4.81907880172889,4.391023091546667,3.0654312148533336,1.5741403535733334,3.590144666044445,1.5741403535733334,2.3197857842133334,4.266748853106667,4.363406594115556,4.335790096684445,4.832887050444445,7.70500278328,5.716614968239999,8.699196690800001,9.19629364456,7.08363159108
14,4.018200376226667,4.639571568426668,3.6453776609066666,3.1897054532933335,1.6569898458666668,1.0356186536666667,0.8284949229333334,0.0,0.0,1.0356186536666667,2.9825817225600004,1.8641135766,1.9469630688933333,0.6213711922,1.6569898458666668,2.0712373073333334,0.8284949229333334,2.4854847688,3.5211034224666666,2.2783610380666666,2.7754579918266664,2.0712373073333334,2.60975900724,3.7696518993466666
15,5.302367506773334,4.8881200453066675,1.6569898458666668,2.8583074841200005,1.8641135766,1.5741403535733334,2.60975900724,3.2311301994400004,2.6926084995333333,2.775457991826667,3.8110766454933334,3.3139796917333335,6.503685145026668,5.716614968240001,5.675190222093334,4.888120045306667,4.3495983454000005,4.970969537600001,4.929544791453334,4.639571568426667,5.012394283746667,4.391023091546667,4.2253241069600005,4.059625122373333
16,8.51278533314,10.004076194420001,10.749721625060003,9.56911635988,8.82347092924,8.077825498600001,8.077825498600001,7.705002783280001,10.74972162506,6.9593573526400005,6.130862429706667,8.82347092924,8.82347092924,6.58653463732,3.8939261377866665,6.58653463732,6.586534637320001,7.70500278328,6.213711922000001,6.213711922000001,6.586534637320001,4.556722076133334,2.6926084995333337,2.6926084995333337
17,3.9353508839333338,4.3495983454000005,5.302367506773334,4.556722076133334,4.929544791453334,6.669384129613334,5.882313952826667,6.130862429706667,5.882313952826667,6.503685145026668,6.710808875760001,10.169775179006667,11.702490786433335,12.282437232486666,10.915420609646667,10.791146371206667,12.717397067026667,12.800246559320001,10.998270101940001,12.427423843999998,12.385999097853334,10.998270101940001,9.444842121439999,9.796952463686667
18,9.38270500222,7.560016171766667,6.255136668146666,4.639571568426667,2.402635276506667,0.8284949229333334,2.6926084995333337,3.2311301994400004,2.60975900724,3.6453776609066666,4.059625122373333,6.710808875760001,7.622153290986667,10.045500940566667,10.376898909740001,11.205393832673332,13.442330124593335,15.554992178073334,16.487048966373333,16.549186085593334,15.844965401100003,13.193781647713331,10.273337044373333,11.578216547993335
19,1.11846814596,1.11846814596,1.5741403535733334,1.9469630688933337,0.5247134511911111,3.0654312148533336,2.3197857842133334,3.811076645493334,5.840889206680001,6.9593573526400005,6.58653463732,4.639571568426668,5.385216999066667,3.8939261377866674,5.3852169990666665,6.58653463732,9.25843076378,11.764627905653334,12.675972320880001,12.675972320880001,13.421617751520001,12.675972320880001,10.74972162506,9.631253479100002
20,3.7282271532,0.0,3.7282271532,2.4854847688,4.3495983454000005,5.5923407298,5.5923407298,4.3495983454000005,4.3495983454000005,6.835083114200001,5.5923407298,4.3495983454000005,2.4854847688,4.3495983454000005,4.3495983454000005,4.3495983454000005,3.7282271532,2.4854847688,2.4854847688,0.0,0.0,0.0,3.7282271532,5.5923407298
21,7.228618202593334,6.400123279660001,6.641767632182223,5.972067569477779,5.9996840669088884,5.847793331037779,3.3001714430177778,4.156282863382223,5.537107734937778,4.363406594115556,1.6017568510044444,3.783460148062222,4.032008624942223,1.6017568510044444,2.347402281644445,0.8284949229333334,3.5072951737511118,2.8583074841200005,3.134472458431111,1.3808248715555556,3.6868024070533334,2.209319794488889,1.7536475868755554,0.7732619280711112
22,9.320567883,8.492072960066666,7.663578037133334,3.1068559609999995,3.5211034224666666,2.278361038066667,0.8284949229333334,1.2427423844,1.0356186536666667,2.0712373073333334,3.3139796917333335,2.4854847688,4.763845806866667,4.142474614666667,4.763845806866667,3.9353508839333338,2.0712373073333334,2.0712373073333334,2.0712373073333334,3.3139796917333335,4.3495983454000005,6.006588191266668,4.9709695376,4.3495983454000005
23,5.0123942837466675,5.758039714386666,3.4382539301733335,0.0,0.0,0.0,0.0,0.0,3.0654312148533336,1.11846814596,1.11846814596,1.11846814596,1.11846814596,1.5741403535733334,2.3197857842133334,2.6926084995333337,0.0,0.0,0.0,1.11846814596,2.23693629192,0.0,1.11846814596,1.11846814596
24,4.9709695376,4.9709695376,3.106855961,4.3495983454000005,4.9709695376,10.5633102674,8.077825498600001,7.4564543064,9.320567883,11.8060526518,10.5633102674,10.5633102674,10.5633102674,10.5633102674,13.048795036200001,13.048795036200001,14.291537420600001,14.291537420600001,15.534279805,12.427423844,11.8060526518,8.077825498600001,6.835083114200001,6.213711922
25,3.106855961,4.9709695376,3.106855961,3.7282271532,3.7282271532,3.106855961,3.106855961,4.3495983454000005,5.5923407298,4.3495983454000005,3.7282271532,3.106855961,0.0,1.8641135766,0.0,3.106855961,3.106855961,4.3495983454000005,3.7282271532,2.4854847688,2.4854847688,2.4854847688,2.4854847688,0.0
26,0.0,0.0,0.0,1.5741403535733334,0.0,0.0,0.0,0.0,3.5211034224666675,3.1482807071466667,4.639571568426667,4.72242106072,3.5211034224666675,2.23693629192,5.095243776040001,4.639571568426667,2.6926084995333337,1.11846814596,1.11846814596,3.5211034224666675,1.5741403535733334,1.5741403535733334,4.266748853106667,3.0654312148533336
27,3.024006468706667,4.805270553013333,2.36121053036,2.5683342610933337,0.0,0.0,1.3670166228400003,1.5741403535733334,1.3670166228400003,1.5741403535733334,2.1540867996266666,2.36121053036,3.024006468706667,3.024006468706667,3.8110766454933334,5.426641745213334,2.5683342610933337,4.266748853106667,2.9825817225600004,3.024006468706667,3.2311301994400004,3.8110766454933334,3.024006468706667,3.2311301994400004
28,2.402635276506667,3.6868024070533334,3.2725549455866667,2.2369362919199998,0.37282271532000005,0.37282271532000005,0.37282271532000005,1.4084413689866668,0.99419390752,0.37282271532000005,1.2427423844,1.0356186536666667,0.8284949229333334,1.0356186536666667,0.8284949229333334,0.37282271532000005,0.99419390752,0.0,0.0,0.6213711922,2.0712373073333334,1.2427423844,1.0356186536666667,1.0356186536666667
29,2.278361038066667,5.5923407298,5.3852169990666665,6.006588191266666,8.492072960066666,7.95355126016,5.2609427606266665,6.710808875760001,6.690096502686667,5.882313952826667,5.861601579753334,5.799464460533334,6.006588191266666,4.556722076133334,7.042206844933333,5.5923407298,4.142474614666667,4.142474614666667,4.142474614666667,7.249330575666668,9.527691613733333,8.492072960066666,9.9419390752,7.4564543064
30,2.6926084995333337,5.468066491360001,6.130862429706667,3.811076645493334,8.077825498600001,4.266748853106667,8.51278533314,8.077825498600001,8.077825498600001,8.0778254986,8.51278533314,9.19629364456,10.376898909740001,10.74972162506,9.56911635988,11.122544340380003,13.794440466840001,14.16726318216,14.6022230167,14.975045732020002,15.741403535733335,14.16726318216,12.675972320880001,11.86818977102
31,10.459748402033334,8.947745167679999,10.5633102674,8.699196690800001,9.900514329053335,6.337986160440001,5.302367506773334,3.8525013916400006,3.6039529147600002,3.0240064687066663,3.1897054532933335,3.3139796917333335,2.651183753386667,3.6039529147600002,3.3968291840266667,3.0240064687066663,1.6569898458666668,3.438253930173334,3.6453776609066666,3.8525013916400006,3.2311301994400004,2.5683342610933337,2.60975900724,3.0240064687066663
32,12.696684693953332,11.578216547993334,10.459748402033334,8.51278533314,8.88560804846,8.802758556166667,8.057113125526667,8.429935840846667,11.122544340380001,12.696684693953335,10.74972162506,11.495367055700001,12.323861978633332,11.495367055700001,12.323861978633333,10.74972162506,9.25843076378,8.51278533314,10.00407619442,11.951039263313335,10.37689890974,10.086925686713334,12.323861978633333,8.057113125526667
33,4.018200376226667,4.308173599253334,3.6039529147600002,3.8525013916400006,5.053819029893334,5.302367506773334,4.432447837693334,6.213711922000001,7.4564543064,7.82927702172,7.415029560253334,8.782046183093334,8.782046183093334,11.453942309553334,12.075313501753334,8.927032794606667,13.11093215542,8.595634825433335,12.282437232486666,10.43903602896,10.48046077510667,9.444842121440002,9.237718390706668,9.859089582906668
34,6.337986160440001,7.08363159108,5.260942760626667,3.3968291840266667,2.2783610380666666,1.2427423844,0.7456454306400001,0.7456454306400001,0.7456454306400001,0.7456454306400001,1.9469630688933333,3.1897054532933335,4.266748853106667,4.266748853106667,5.053819029893334,5.012394283746667,3.6039529147600002,3.024006468706667,2.36121053036,3.4382539301733335,4.266748853106667,5.053819029893334,4.266748853106667,4.47387258384
35,1.11846814596,0.0,0.0,0.0,0.0,0.0,0.0,0.0,0.0,2.6926084995333337,1.9469630688933337,1.11846814596,1.11846814596,4.266748853106667,2.6926084995333337,4.183899360813334,1.11846814596,2.23693629192,2.6926084995333337,2.6926084995333337,1.5741403535733334,0.0,1.11846814596,0.0
36,2.4854847688,5.5923407298,5.5923407298,2.4854847688,3.106855961,4.9709695376,4.9709695376,13.670166228400001,13.048795036200001,13.048795036200001,11.1846814596,13.048795036200001,13.048795036200001,14.9129086128,11.1846814596,10.5633102674,13.048795036200001,14.9129086128,17.398393381600002,22.990734111400002,21.1266205348,14.9129086128,10.5633102674,9.320567883
37,8.077825498600001,5.5923407298,6.835083114200001,8.077825498600001,5.5923407298,2.4854847688,3.106855961,5.5923407298,6.835083114200001,5.5923407298,5.5923407298,2.4854847688,5.5923407298,11.1846814596,11.1846814596,9.320567883,11.1846814596,17.398393381600002,13.670166228400001,14.9129086128,13.048795036200001,19.8838781504,16.155650997200002,11.1846814596
38,8.284949229333334,7.663578037133334,9.527691613733333,7.4564543064,7.870701767866667,5.799464460533334,4.763845806866667,3.7282271532,3.521103422466666,2.2783610380666666,2.0712373073333334,3.3139796917333335,2.278361038066667,2.4854847688,2.2783610380666666,2.2783610380666666,2.6926084995333333,4.556722076133334,3.1068559609999995,3.3139796917333335,3.3139796917333335,0.6213711922,1.8641135766,2.2783610380666666
39,4.432447837693334,1.4498661151333334,2.60975900724,2.4854847688,2.60975900724,2.1540867996266666,3.3968291840266667,6.710808875760001,6.503685145026666,6.669384129613334,6.503685145026668,7.4564543064,6.255136668146666,6.4208356527333335,9.941939075200002,10.81185874428,13.173069274640001,11.598928921066667,11.764627905653333,10.107638059786668,10.356186536666668,9.569116359879999,6.255136668146666,7.539303798693333
40,5.882313952826667,6.710808875760001,6.089437683560001,3.85250139164,2.2783610380666666,1.2427423844,0.0,0.0,0.0,1.5741403535733334,2.402635276506667,3.6453776609066666,3.811076645493334,4.266748853106667,3.1068559610000004,2.6926084995333337,2.4854847688,1.4498661151333334,2.8168827379733337,2.9825817225600004,4.639571568426667,4.2253241069600005,4.266748853106667,4.018200376226667
41,4.3495983454000005,7.4564543064,3.7282271532,4.3495983454000005,0.0,0.0,1.8641135766,2.4854847688,1.8641135766,2.4854847688,3.106855961,3.7282271532,4.3495983454000005,4.3495983454000005,5.5923407298,7.4564543064,4.3495983454000005,4.9709695376,3.7282271532,4.3495983454000005,4.9709695376,5.5923407298,4.3495983454000005,4.9709695376
42,7.663578037133333,5.799464460533334,5.799464460533334,4.3495983454000005,3.7282271532,4.142474614666667,3.5211034224666666,4.142474614666667,2.4854847688,4.9709695376,4.142474614666667,2.6926084995333333,3.7282271532,4.142474614666667,3.7282271532,1.8641135766,3.1068559610000004,2.6926084995333333,3.7282271532,3.5211034224666666,2.6926084995333333,5.385216999066667,3.7282271532,2.6926084995333333
43,14.16726318216,17.294831516233334,15.34786844734,11.495367055700001,16.922008800913336,13.069507409273335,16.549186085593334,18.806834750586667,21.47873087704667,12.758821813173332,14.16726318216,14.9129086128,16.4663365933,13.421617751520001,7.311467694886667,8.057113125526667,3.0654312148533336,8.802758556166667,8.057113125526667,9.175581271486667,7.311467694886667,8.450648213920001,4.991681910673334,10.004076194420001
44,8.450648213920001,6.337986160440001,6.08943768356,3.8110766454933334,4.018200376226667,1.6569898458666668,0.6213711922,0.6213711922,0.0,1.0356186536666667,1.2427423844,1.4498661151333334,2.4854847688,3.85250139164,4.680996314573334,3.6039529147600002,4.018200376226667,4.432447837693334,4.432447837693334,3.6453776609066666,2.899732230266667,2.899732230266667,1.8641135766,0.8284949229333334
45,8.0778254986,7.705002783280001,6.213711922000001,5.0123942837466675,3.1482807071466667,3.0654312148533336,1.5741403535733334,1.11846814596,2.6926084995333337,3.8939261377866665,3.1482807071466667,1.11846814596,3.3554044378800003,2.6926084995333337,2.6926084995333337,3.4382539301733335,1.5741403535733334,3.8110766454933334,6.130862429706667,6.503685145026666,5.012394283746667,1.5741403535733334,2.6926084995333337,2.3197857842133334
46,6.130862429706667,6.710808875760001,6.7108088757600015,4.639571568426667,2.402635276506667,2.9825817225600004,2.9825817225600004,4.888120045306667,3.6039529147600002,3.811076645493334,3.6453776609066666,2.8168827379733337,1.8641135766,4.059625122373333,3.4382539301733335,0.0,2.5683342610933333,1.5741403535733334,2.1540867996266666,2.5683342610933333,3.1897054532933335,3.9353508839333338,3.2725549455866667,3.2725549455866667
47,11.122544340380003,12.61383520166,7.9949760063066675,8.057113125526667,6.503685145026668,10.74972162506,8.802758556166667,13.131644528493334,12.593122828586665,12.303149605560002,11.86818977102,8.139962617820002,7.311467694886667,4.556722076133334,2.6926084995333337,5.385216999066667,8.88560804846,10.459748402033334,11.578216547993335,12.323861978633333,12.323861978633333,12.323861978633333,10.811858744280002,8.057113125526667
48,4.266748853106667,3.8525013916400006,2.1540867996266666,2.60975900724,4.018200376226667,4.84669529916,5.095243776040001,5.716614968240001,3.8110766454933334,4.846695299160001,4.680996314573334,5.675190222093334,7.82927702172,7.82927702172,8.284949229333334,8.160674990893334,12.1167382479,12.903808424686668,12.344574351706669,12.1167382479,12.075313501753335,10.666872132766668,8.947745167679999,6.1722871758533335
49,17.688366604626665,21.168045280946668,26.0975900724,16.859871681693335,18.413299662193335,14.250112674453334,16.569898458666668,11.930326890240002,16.466336593300003,18.040476946873337,13.0487950362,11.930326890240002,12.30314960556,9.25843076378,11.101831967306666,9.25843076378,9.548403986806667,10.811858744280002,13.877289959133334,9.6312534791,18.868971869806668,11.557504174919998,8.802758556166667,11.930326890240002
50,4.183899360813334,1.5741403535733334,1.11846814596,6.130862429706667,6.130862429706667,9.19629364456,8.077825498600001,4.183899360813334,8.45064821392,6.9593573526400005,9.56911635988,8.45064821392,5.3852169990666665,6.503685145026668,9.19629364456,4.639571568426667,3.5211034224666675,4.639571568426667,1.11846814596,4.266748853106667,6.503685145026668,8.45064821392,8.51278533314,11.495367055700001
51,18.040476946873333,16.114226251053335,16.94272117398667,21.47873087704667,28.900664561657777,23.79851666126,23.11500834984,21.851553592366667,22.307225799980003,20.360262731086667,23.342844453646663,23.487831065160005,16.72178919453778,19.531767808153337,18.49614915448667,14.995758105093335,14.622935389773337,15.34786844734,16.59751495609778,13.421617751520001,11.930326890240002,10.376898909740001,6.482972771953334,12.323861978633333
52,2.899732230266667,3.7282271532,4.9709695376,4.9709695376,7.249330575666668,7.042206844933333,5.799464460533334,5.799464460533334,5.5923407298,6.627959383466667,5.5923407298,5.5923407298,4.9709695376,4.763845806866667,6.420835652733334,5.178093268333334,4.142474614666667,3.7282271532,3.7282271532,4.9709695376,6.627959383466667,5.385216999066667,8.284949229333334,6.835083114200001
53,5.468066491360001,4.22532410696,1.7812640843066667,1.4084413689866668,3.189705453293333,4.018200376226667,4.639571568426667,5.2609427606266665,3.4382539301733335,3.6453776609066666,3.8525013916400006,5.302367506773334,5.882313952826667,5.882313952826667,7.912126514013333,8.160674990893334,10.5633102674,11.35038044418667,11.598928921066667,10.5633102674,9.776240090613333,8.367798721626668,8.947745167679999,4.22532410696
54,12.303149605560002,14.6022230167,12.303149605560002,11.55750417492,11.495367055700001,11.495367055700001,11.495367055700001,11.55750417492,11.122544340380003,9.941939075200002,13.85657758606,13.856577586060004,10.376898909740001,11.930326890240002,12.675972320880001,13.421617751520003,13.0487950362,11.06040722116,9.19629364456,5.84088920668,6.213711921999999,6.586534637320001,6.586534637320001,6.213711922000001
55,8.284949229333334,7.663578037133334,9.527691613733333,7.4564543064,7.8707017678666675,5.799464460533334,4.763845806866667,3.7282271532,3.5211034224666666,2.2783610380666666,2.0712373073333334,3.3139796917333335,2.278361038066667,2.4854847688,2.2783610380666666,2.2783610380666666,2.6926084995333333,4.556722076133334,3.1068559609999995,3.3139796917333335,3.3139796917333335,0.6213711922,1.8641135766,2.2783610380666666
56,2.6926084995333337,2.6926084995333337,5.0123942837466675,1.5741403535733334,2.6926084995333337,1.11846814596,0.0,0.0,0.0,1.11846814596,3.0654312148533336,1.11846814596,1.11846814596,1.5741403535733334,1.9469630688933337,3.3554044378800003,5.468066491360001,7.705002783280001,7.70500278328,6.9593573526400005,6.213711922000001,8.077825498600001,7.33218006796,7.249330575666668
57,6.58653463732,5.0123942837466675,4.929544791453334,3.5211034224666675,5.012394283746667,5.012394283746667,3.5211034224666675,3.0654312148533336,2.23693629192,5.095243776040001,3.1482807071466667,4.556722076133334,4.266748853106667,4.266748853106667,3.811076645493334,1.11846814596,4.266748853106667,2.6926084995333337,2.23693629192,1.11846814596,2.23693629192,2.23693629192,2.23693629192,2.23693629192
58,9.983363821346668,13.007370290053332,14.9129086128,14.229400301380002,13.794440466840001,16.487048966373333,10.356186536666668,13.0487950362,11.930326890240002,11.86818977102,14.602223016700002,13.794440466840001,13.794440466840001,13.421617751520001,12.303149605560002,12.675972320880001,11.868189771019999,11.55750417492,10.74972162506,7.994976006306668,7.249330575666669,6.503685145026668,4.639571568426667,11.55750417492
59,6.876507860346667,5.758039714386666,7.70500278328,9.19629364456,7.705002783280001,9.25843076378,9.631253479100002,9.25843076378,10.811858744280002,6.9593573526400005,6.213711922000001,4.639571568426668,1.11846814596,3.0654312148533336,3.0654312148533336,6.9593573526400005,8.0778254986,8.45064821392,8.82347092924,7.33218006796,9.941939075200002,9.56911635988,5.840889206680001,4.639571568426668
60,5.3852169990666665,5.095243776040001,3.811076645493334,1.5741403535733334,1.5741403535733334,1.5741403535733334,1.9469630688933337,1.5741403535733334,0.0,0.37282271532000005,0.0,0.0,0.37282271532000005,0.0,0.0,6.213711922000001,5.012394283746667,3.8939261377866665,3.8939261377866665,5.468066491360001,6.58653463732,6.213711922000001,4.556722076133333,2.3197857842133334
61,13.0487950362,15.34786844734,13.0487950362,11.495367055700001,11.122544340380003,8.45064821392,8.077825498600001,8.326373975480001,5.3852169990666665,5.09524377604,5.3852169990666665,4.183899360813334,3.0654312148533336,2.23693629192,0.0,0.0,2.6926084995333337,2.6926084995333337,0.0,2.6926084995333337,1.11846814596,1.11846814596,2.6926084995333337,0.0
62,7.33218006796,6.9593573526400005,6.9593573526400005,6.130862429706667,7.684290410206668,11.122544340380001,8.139962617820002,10.004076194420001,9.631253479100002,10.004076194420001,11.122544340380001,8.0778254986,10.004076194420001,9.6312534791,9.25843076378,7.311467694886667,6.586534637320001,8.51278533314,6.586534637320001,5.3852169990666665,4.639571568426667,7.705002783280001,13.0487950362,7.33218006796
63,8.45064821392,8.45064821392,7.33218006796,8.077825498600001,7.7050027832799985,7.705002783280001,6.9593573526400005,6.586534637320001,5.012394283746667,6.9593573526400005,4.72242106072,5.468066491360001,3.8939261377866665,3.811076645493334,4.266748853106667,5.468066491360001,5.385216999066667,3.3554044378800003,5.012394283746667,3.0654312148533336,5.84088920668,6.213711921999999,6.213711922000001,7.33218006796
64,6.876507860346668,6.938644979566668,6.192999548926667,7.249330575666666,4.991681910673334,6.1101500566333335,6.565822264246667,4.618859195353334,3.8732137647133342,4.90883241838,3.8732137647133342,5.0745314029666675,5.2816551337,5.447354118286668,5.7373273413133345,4.246036480033334,6.565822264246667,3.8110766454933334,3.8525013916400006,3.093047712284445,2.651183753386667,2.6304713803133333,2.713320872606667,2.589046634166667
65,6.58653463732,6.9593573526400005,6.213711922000001,6.130862429706667,4.266748853106667,5.012394283746667,4.639571568426668,3.4382539301733335,5.012394283746667,3.4382539301733335,2.6926084995333337,5.840889206680001,5.468066491360001,3.8939261377866674,4.556722076133334,3.8939261377866665,4.72242106072,3.5211034224666675,2.6926084995333337,5.0123942837466675,2.6926084995333337,2.6926084995333337,5.84088920668,3.0654312148533336
66,2.4854847688,3.106855961,0.0,0.0,0.0,2.4854847688,2.4854847688,4.9709695376,3.106855961,0.0,2.4854847688,2.4854847688,0.0,0.0,2.4854847688,4.9709695376,0.0,2.4854847688,0.0,2.4854847688,3.106855961,2.4854847688,3.106855961,0.0
67,3.5211034224666675,2.23693629192,3.5211034224666675,6.9593573526400005,3.811076645493334,4.183899360813334,3.5211034224666675,3.8939261377866665,5.840889206680001,2.6926084995333337,4.639571568426668,2.6926084995333337,1.11846814596,3.5211034224666675,3.8939261377866674,3.5211034224666675,3.0654312148533336,0.0,1.5741403535733334,2.6926084995333337,5.84088920668,4.639571568426668,5.385216999066667,4.556722076133334
68,6.58653463732,6.213711922000001,4.639571568426667,2.6926084995333337,4.266748853106667,4.266748853106667,6.9593573526400005,6.503685145026668,5.012394283746667,5.385216999066667,3.4382539301733335,1.9469630688933337,1.9469630688933337,1.9469630688933337,1.11846814596,3.4382539301733335,2.6926084995333337,3.4382539301733335,2.6926084995333337,4.183899360813334,3.1482807071466667,3.1482807071466667,1.11846814596,3.120664209715556
69,7.249330575666668,6.441548025806667,5.447354118286667,6.503685145026668,4.246036480033333,4.991681910673334,4.246036480033333,4.618859195353334,3.8732137647133342,6.855795487273334,3.500391049393334,5.447354118286668,5.2816551337,4.618859195353334,4.991681910673335,4.618859195353334,4.246036480033333,5.3852169990666665,2.278361038066667,4.667188065857778,2.651183753386667,2.6304713803133333,4.6602839415,2.589046634166667
70,14.6022230167,18.04047694687333,16.176363370273336,16.549186085593334,14.975045732020002,14.602223016700002,13.794440466840001,13.421617751520001,11.86818977102,11.122544340380001,9.56911635988,6.503685145026668,9.19629364456,7.705002783280001,6.213711922000002,7.705002783280001,6.586534637320001,5.012394283746667,3.0654312148533336,5.012394283746667,5.468066491360001,4.266748853106667,5.468066491360001,5.0123942837466675
71,2.775457991826667,2.775457991826667,1.7812640843066667,0.99419390752,1.4084413689866668,0.99419390752,0.6213711922,0.0,0.99419390752,1.11846814596,1.3670166228400003,3.024006468706667,4.059625122373333,1.5741403535733334,2.4440600226533333,4.059625122373333,2.2369362919199998,4.22532410696,3.8110766454933334,3.6453776609066666,4.47387258384,3.6039529147600002,3.3968291840266667,3.4382539301733335
72,3.5211034224666675,2.278361038066667,3.1068559610000004,1.6569898458666668,1.6569898458666668,0.6213711922,2.899732230266667,5.178093268333334,5.3852169990666665,6.213711922000001,5.5923407298,6.006588191266668,5.3852169990666665,6.4208356527333335,5.799464460533334,7.042206844933335,7.4564543064,6.4208356527333335,8.284949229333334,8.077825498600001,6.835083114200001,5.5923407298,3.5211034224666666,5.178093268333334
73,20.733085446406665,14.933620985873334,11.1846814596,10.37689890974,13.0487950362,22.659336142226667,17.315543889306667,16.922008800913336,16.176363370273336,17.688366604626665,15.720691162660001,16.859871681693335,14.16726318216,14.229400301380002,13.877289959133336,12.696684693953335,11.930326890240002,12.758821813173336,14.995758105093335,13.442330124593335,19.552480181226667,16.114226251053335,13.504467243813332,16.549186085593334
74,8.450648213920001,8.0778254986,5.012394283746667,6.9593573526400005,6.58653463732,5.012394283746667,3.8939261377866665,6.58653463732,7.33218006796,6.586534637320001,3.8939261377866665,3.8939261377866674,4.639571568426667,5.012394283746667,4.266748853106667,4.72242106072,4.266748853106667,3.4382539301733335,4.266748853106667,1.5741403535733334,3.5211034224666675,4.266748853106667,1.9469630688933337,1.5741403535733334
75,4.47387258384,3.6453776609066666,2.9825817225600004,3.2311301994400004,3.6039529147600007,4.639571568426667,3.2311301994400004,2.1955115457733334,1.9469630688933333,1.9469630688933337,3.6453776609066666,4.639571568426667,5.550915983653333,5.136668522186667,8.492072960066666,6.710808875760001,9.424129748366667,11.246818578820003,10.68758450584,12.945233170833333,11.66106604028667,9.838377209833334,7.497879052546668,6.793658368053333
76,1.11846814596,2.23693629192,5.468066491360001,5.468066491360001,6.586534637320001,6.9593573526400005,6.9593573526400005,8.077825498600001,6.58653463732,6.213711922000001,3.4382539301733335,5.095243776040001,2.3197857842133334,1.9469630688933337,1.9469630688933337,7.705002783280001,8.45064821392,10.68758450584,10.314761790520002,9.19629364456,8.82347092924,6.9593573526400005,4.72242106072,5.0123942837466675
77,2.6926084995333337,5.012394283746667,5.385216999066667,4.639571568426667,3.811076645493334,3.5211034224666675,0.0,1.11846814596,4.183899360813334,4.266748853106667,3.8939261377866665,2.6926084995333337,3.5211034224666675,4.266748853106667,4.556722076133334,5.095243776040001,2.6926084995333337,2.6926084995333337,3.0654312148533336,1.5741403535733334,1.5741403535733334,2.6926084995333337,1.5741403535733334,4.639571568426668
78,3.8939261377866665,4.722421060720001,3.7282271532,2.5683342610933333,1.4084413689866668,0.99419390752,0.6213711922,0.0,0.99419390752,2.6926084995333337,2.9411569764133336,4.59814682228,5.178093268333334,3.1482807071466667,2.4440600226533333,3.4382539301733335,2.2369362919199998,3.1897054532933335,4.763845806866667,4.763845806866667,6.420835652733334,4.72242106072,4.970969537600001,4.556722076133334
79,2.6926084995333337,3.3968291840266667,5.53710773493778,1.9469630688933333,1.7674558355911112,4.045816873657778,3.4658704276044445,0.5247134511911111,3.024006468706667,4.515297329986667,2.5683342610933337,2.9825817225600004,3.4382539301733335,1.9469630688933337,1.5741403535733334,3.1482807071466667,2.1402785509111113,4.1010498685200005,3.4382539301733335,4.639571568426667,5.716614968239999,7.33218006796,5.385216999066667,8.88560804846
80,4.639571568426668,2.5683342610933337,2.0988538047644445,1.4912908612800002,2.595950758524445,3.590144666044445,4.584338573564445,2.0988538047644445,1.4498661151333334,2.5683342610933337,3.686802407053334,2.9825817225600004,2.6926084995333337,0.0,1.11846814596,2.6926084995333337,2.9687734738444447,4.1010498685200005,2.9825817225600004,5.09524377604,5.716614968239999,7.33218006796,7.33218006796,9.341280256073334
81,6.9593573526400005,5.09524377604,0.0,1.11846814596,1.5741403535733334,1.9469630688933337,0.0,0.0,1.11846814596,3.3554044378800003,1.1460846433911112,0.0,1.0218104049511112,0.0,0.0,2.6926084995333337,1.5741403535733334,1.11846814596,2.23693629192,3.0654312148533336,5.758039714386666,6.103245932275557,3.0654312148533336,8.077825498600001
82,10.314761790520002,14.975045732020002,9.19629364456,6.95935735264,5.840889206680001,10.314761790520002,5.840889206680001,3.3554044378800003,0.0,5.840889206680001,4.72242106072,0.0,0.0,8.077825498600001,0.0,0.0,0.0,3.3554044378800003,5.840889206680001,0.0,3.3554044378800003,0.0,6.95935735264,10.314761790520002
83,7.684290410206668,6.130862429706667,4.266748853106667,4.266748853106667,2.6926084995333337,4.266748853106667,5.3852169990666665,3.8939261377866674,3.4382539301733335,4.639571568426667,4.639571568426667,3.811076645493334,1.11846814596,0.0,1.5741403535733334,1.11846814596,0.0,3.0654312148533336,3.0654312148533336,0.0,0.0,3.8110766454933334,1.5741403535733334,1.5741403535733334
84,12.7381094401,13.856577586060002,13.856577586060002,12.7381094401,11.43322993648,12.7381094401,11.43322993648,12.7381094401,10.314761790520002,10.314761790520002,12.7381094401,13.856577586060002,12.7381094401,13.856577586060002,16.09351387798,14.975045732020002,14.975045732020002,11.43322993648,11.43322993648,6.95935735264,6.95935735264,5.840889206680001,4.72242106072,5.840889206680001
85,18.434012035266665,11.951039263313334,11.1846814596,13.421617751519998,9.631253479100002,14.250112674453336,10.00407619442,16.839159308619998,16.176363370273336,21.851553592366667,18.040476946873337,14.995758105093335,8.512785333140002,9.25843076378,9.175581271486667,12.696684693953335,10.37689890974,7.39431718718,11.578216547993334,13.794440466840001,11.86818977102,15.741403535733335,13.877289959133334,17.667654231553332
86,1.11846814596,1.11846814596,1.11846814596,0.0,0.0,0.0,0.0,0.0,0.0,0.0,0.0,1.11846814596,1.11846814596,1.9469630688933337,1.5741403535733334,1.11846814596,1.5741403535733334,2.6926084995333337,2.3197857842133334,1.5741403535733334,1.11846814596,2.471676520084445,5.758039714386666,3.811076645493334
87,5.468066491360001,4.266748853106667,6.130862429706667,8.450648213920001,6.130862429706667,7.33218006796,5.468066491360001,5.758039714386666,3.5211034224666675,5.758039714386668,3.8939261377866665,2.6926084995333337,3.811076645493334,4.266748853106667,5.84088920668,6.503685145026668,8.450648213920001,8.077825498600001,10.74972162506,8.0778254986,6.130862429706667,7.33218006796,6.213711922000002,6.586534637320001
88,7.705002783280001,4.266748853106667,5.012394283746667,5.84088920668,5.840889206680001,5.468066491360001,5.468066491360001,4.639571568426668,3.811076645493334,4.266748853106667,2.23693629192,3.811076645493334,3.8110766454933334,2.6926084995333337,3.1482807071466667,3.811076645493334,2.6926084995333337,1.11846814596,3.811076645493334,3.1482807071466667,3.0654312148533336,3.4382539301733335,6.130862429706667,5.758039714386666
89,6.9593573526400005,6.586534637320001,4.929544791453334,5.012394283746667,8.802758556166667,7.622153290986668,8.077825498600001,6.503685145026666,5.3852169990666665,5.84088920668,5.840889206680001,8.0778254986,1.5741403535733334,4.639571568426668,6.130862429706667,8.45064821392,8.45064821392,6.213711922000001,5.758039714386666,5.840889206680001,5.468066491360001,2.6926084995333337,5.012394283746667,3.4382539301733335
90,4.639571568426668,2.5683342610933337,2.0988538047644445,1.4912908612800002,2.595950758524445,3.590144666044445,4.584338573564445,2.0988538047644445,1.4498661151333334,2.5683342610933337,3.686802407053334,2.9825817225600004,2.6926084995333337,0.0,1.11846814596,2.6926084995333337,2.9687734738444447,4.1010498685200005,2.9825817225600004,5.09524377604,5.716614968239999,7.33218006796,7.33218006796,9.341280256073334
91,7.705002783280001,6.58653463732,7.58072854484,6.462260398880001,6.586534637320001,6.959357352640001,6.186095424568889,5.5647242323688895,4.819078801728889,5.5923407298,3.811076645493334,2.6926084995333337,0.5247134511911111,3.811076645493334,4.639571568426668,2.6926084995333337,4.736229309435555,3.5072951737511118,3.6315694121911117,5.012394283746667,7.2079058295200005,7.58072854484,7.33218006796,7.4564543064
92,4.266748853106667,1.5741403535733334,2.23693629192,1.5741403535733334,1.11846814596,1.5741403535733334,1.5741403535733334,2.3197857842133334,2.3197857842133334,3.4382539301733335,1.11846814596,1.11846814596,2.23693629192,3.1482807071466667,3.0654312148533336,4.639571568426668,5.09524377604,6.586534637320001,5.840889206680001,5.758039714386666,7.311467694886667,6.876507860346668,6.586534637320001,5.468066491360001
93,5.178093268333334,4.3495983454000005,4.9709695376,4.556722076133334,3.3139796917333335,3.5211034224666666,3.5211034224666666,2.899732230266667,3.5211034224666666,2.0712373073333334,1.6569898458666668,2.278361038066667,1.8641135766,1.6569898458666668,2.899732230266667,1.6569898458666668,2.6926084995333333,2.899732230266667,3.1068559609999995,2.0712373073333334,2.278361038066667,1.4498661151333334,1.6569898458666668,1.2427423844
94,6.565822264246667,6.503685145026668,6.1101500566333335,7.684290410206668,6.1101500566333335,8.609443074148889,4.183899360813334,4.556722076133334,2.6926084995333337,0.0,2.3197857842133334,3.465870427604445,6.192999548926667,6.938644979566667,3.8110766454933334,6.565822264246667,7.684290410206668,8.609443074148889,8.057113125526667,6.938644979566667,9.548403986806667,9.610541106026668,9.237718390706668,8.947745167679999
95,1.8641135766,5.3852169990666665,4.805270553013333,1.4498661151333334,4.5981468222799995,4.432447837693334,2.278361038066667,6.710808875760001,8.740621436946666,7.249330575666668,8.699196690800001,9.56911635988,7.4564543064,10.43903602896,8.82347092924,7.663578037133334,9.237718390706668,10.480460775106666,9.9419390752,14.001564197573336,13.173069274640001,8.699196690800001,7.9949760063066675,6.752233621906666
96,4.446256086408889,1.5465238561422225,2.181703297057778,0.6213711922,1.9331548201777775,2.623567255955556,0.6213711922,0.3452062178888889,2.830690986688889,0.0,2.0712373073333334,3.383020935311111,2.941156976413333,0.0,4.4738725838399995,1.9469630688933337,4.4600643351244456,5.5094912375066665,3.3968291840266667,4.805270553013333,6.848891362915556,2.3197857842133334,4.611955070995555,3.838693142924445
97,4.183899360813334,1.5741403535733334,1.11846814596,6.130862429706667,6.130862429706667,9.19629364456,8.077825498600001,4.183899360813334,8.45064821392,6.9593573526400005,9.56911635988,8.45064821392,5.3852169990666665,6.503685145026668,9.19629364456,4.639571568426667,3.5211034224666675,4.639571568426667,1.11846814596,4.266748853106667,6.503685145026668,8.45064821392,8.51278533314,11.495367055700001
98,11.930326890240002,10.37689890974,7.3321800679599995,8.0778254986,8.82347092924,6.213711921999999,1.9469630688933337,3.811076645493334,2.23693629192,2.3197857842133334,4.266748853106667,1.11846814596,2.6926084995333337,1.11846814596,1.11846814596,3.4382539301733335,3.0654312148533336,4.639571568426667,4.639571568426668,3.5211034224666675,3.4382539301733335,2.23693629192,1.11846814596,2.23693629192
99,6.95935735264,5.840889206680001,5.840889206680001,0.0,5.840889206680001,6.95935735264,6.95935735264,3.3554044378800003,0.0,4.72242106072,0.0,0.0,4.72242106072,10.314761790520002,0.0,5.840889206680001,0.0,0.0,5.840889206680001,13.856577586060002,12.7381094401,18.3304501699,12.7381094401,14.975045732020002
100,17.584804739259997,18.786122377513333,15.34786844734,17.294831516233334,14.16726318216,10.74972162506,9.631253479100002,6.9593573526400005,7.553112047408891,7.33218006796,7.705002783280001,6.876507860346667,5.468066491360001,4.639571568426668,4.266748853106667,5.3852169990666665,2.23693629192,1.9469630688933337,0.0,2.23693629192,2.6926084995333337,1.11846814596,1.11846814596,1.9469630688933337
101,8.699196690800001,4.9709695376,6.213711922,4.9709695376,4.9709695376,3.7282271532,1.8641135766,0.0,4.3495983454000005,3.106855961,4.9709695376,5.5923407298,5.5923407298,0.0,6.213711922,4.9709695376,4.3495983454000005,5.5923407298,4.3495983454000005,4.3495983454000005,4.9709695376,6.213711922,4.9709695376,5.5923407298
102,6.58653463732,8.492072960066666,6.4208356527333335,5.613053102873334,3.956063257006667,7.104343964153334,5.447354118286667,2.5683342610933333,4.22532410696,3.624665287833334,1.9676754419666669,2.42334764958,1.5948527266466668,3.04471884178,0.7663578037133334,3.458966303246667,4.246036480033333,3.831789018566667,3.8317890185666665,3.003294095633334,3.831789018566667,3.2104178263666667,2.3819229034333333,0.7663578037133334
103,5.5923407298,6.213711922,6.213711922,8.699196690800001,4.9709695376,4.3495983454000005,2.4854847688,3.7282271532,2.4854847688,1.8641135766,2.4854847688,3.106855961,3.7282271532,4.9709695376,5.5923407298,5.5923407298,8.077825498600001,5.5923407298,8.699196690800001,9.9419390752,12.427423844,9.9419390752,8.699196690800001,8.077825498600001
104,0.0,2.3197857842133334,1.4912908612800002,0.0,4.556722076133333,6.1101500566333335,0.0,4.266748853106667,6.565822264246667,0.0,9.051307033046667,9.796952463686667,0.0,11.412517563406668,11.24681857882,0.0,12.323861978633333,12.738109440099999,0.0,11.78534027872667,12.158162994046668,0.0,11.205393832673332,10.832571117353334
105,7.249330575666666,5.5923407298,5.385216999066667,3.5211034224666666,2.6926084995333333,3.3139796917333335,3.7282271532,4.142474614666667,3.5211034224666666,4.556722076133334,3.5211034224666666,2.899732230266667,3.1068559610000004,3.9353508839333333,3.9353508839333333,2.4854847688,3.1068559610000004,1.8641135766,2.899732230266667,3.1068559610000004,2.0712373073333334,4.556722076133334,3.7282271532,4.142474614666667
106,2.23693629192,1.11846814596,1.11846814596,1.11846814596,1.11846814596,1.11846814596,1.11846814596,1.11846814596,1.11846814596,1.11846814596,0.0,0.0,0.0,0.0,0.0,1.11846814596,1.11846814596,0.0,0.0,0.0,0.0,0.0,0.0,0.0
107,3.106855961,2.4854847688,2.4854847688,3.106855961,1.8641135766,3.106855961,0.0,0.0,0.0,0.0,0.0,0.0,0.0,0.0,0.0,0.0,0.0,0.0,2.4854847688,2.4854847688,0.0,3.7282271532,0.0,0.0
108,8.077825498600001,3.106855961,5.5923407298,4.9709695376,3.106855961,4.9709695376,6.835083114200001,0.0,6.213711922,4.3495983454000005,1.8641135766,2.4854847688,1.8641135766,3.106855961,3.7282271532,4.3495983454000005,1.8641135766,3.106855961,8.699196690800001,10.5633102674,6.213711922,6.213711922,8.699196690800001,4.3495983454000005
109,5.840889206680001,5.840889206680001,6.95935735264,5.840889206680001,5.840889206680001,9.19629364456,9.19629364456,8.077825498600001,8.077825498600001,8.077825498600001,9.19629364456,17.21198202394,17.21198202394,18.3304501699,17.21198202394,17.21198202394,16.09351387798,12.7381094401,12.7381094401,12.7381094401,12.7381094401,10.314761790520002,11.43322993648,12.7381094401
110,5.840889206680001,3.3554044378800003,5.840889206680001,9.113444152266668,6.213711922000001,3.5211034224666666,2.0712373073333334,3.7282271532,3.3139796917333335,4.142474614666667,4.556722076133333,4.763845806866667,5.840889206680001,6.95935735264,10.314761790520002,9.19629364456,8.077825498600001,8.077825498600001,9.19629364456,10.314761790520002,17.21198202394,12.7381094401,10.314761790520002,9.19629364456
111,6.213711922,4.9709695376,6.213711922,5.5923407298,2.4854847688,0.0,4.3495983454000005,3.106855961,3.106855961,4.3495983454000005,4.9709695376,3.7282271532,6.213711922,7.4564543064,5.5923407298,6.213711922,9.320567883,11.8060526518,14.291537420600001,13.670166228400001,14.291537420600001,14.9129086128,13.670166228400001,8.699196690800001
112,4.639571568426668,5.923738698973334,5.302367506773334,3.811076645493334,2.899732230266667,3.4382539301733335,2.1540867996266666,4.018200376226667,3.024006468706667,2.60975900724,4.2253241069600005,2.9825817225600004,2.9825817225600004,6.917932606493333,5.799464460533334,3.1068559610000004,8.616347198506666,10.646159759693335,6.503685145026668,11.847477397946667,11.640353667213335,8.574922452360001,9.403417375293335,9.361992629146666
113,5.178093268333334,6.917932606493334,6.835083114200001,9.610541106026668,10.231912298226666,11.875093895377779,12.385999097853334,12.855479554182224,12.689780569595555,15.520471556284443,13.863481710417778,15.216690084542222,14.719593130782224,16.107322126695554,12.903808424686666,11.909614517166666,18.04047694687333,15.914006644677778,16.09351387798,12.45504034143111,11.474654682626669,9.81766483676,9.845281334191112,9.56911635988
114,3.7282271532,2.4854847688,2.4854847688,1.8641135766,2.4854847688,1.8641135766,4.3495983454000005,4.3495983454000005,4.3495983454000005,4.9709695376,3.7282271532,3.7282271532,4.9709695376,8.699196690800001,4.9709695376,4.9709695376,4.3495983454000005,6.213711922,7.4564543064,5.5923407298,5.5923407298,2.4854847688,1.8641135766,4.9709695376
115,9.19629364456,6.006588191266668,3.7282271532,10.314761790520002,4.3495983454000005,4.3495983454000005,8.077825498600001,3.9353508839333338,3.521103422466666,11.43322993648,5.178093268333334,6.213711922000001,12.7381094401,8.077825498600001,7.663578037133334,6.95935735264,7.042206844933335,7.249330575666668,9.19629364456,6.4208356527333335,7.4564543064,8.077825498600001,6.213711922000001,6.213711922000001
116,2.6926084995333337,2.223128043204445,2.36121053036,1.6569898458666668,2.3474022816444444,2.6580878777444448,1.4498661151333334,4.736229309435555,5.709710843882223,3.5211034224666666,5.916834574615557,6.579630512962223,3.5211034224666666,8.36089459726889,7.27004294874,3.9353508839333338,8.043304876811112,8.3885110947,4.763845806866667,7.449550182042223,7.780948151215557,2.0712373073333334,4.977873661957777,6.924836730851112
117,6.95935735264,8.077825498600001,6.95935735264,6.95935735264,6.95935735264,5.840889206680001,4.72242106072,3.3554044378800003,6.95935735264,5.840889206680001,8.077825498600001,6.95935735264,5.840889206680001,5.840889206680001,4.72242106072,4.72242106072,4.72242106072,4.72242106072,4.72242106072,4.72242106072,4.72242106072,3.3554044378800003,4.72242106072,4.72242106072
118,1.4498661151333334,4.3495983454000005,4.183899360813334,3.1897054532933335,4.183899360813334,3.7282271532,2.775457991826667,2.6926084995333337,3.0654312148533336,2.60975900724,4.556722076133334,3.2725549455866667,2.6926084995333337,3.8939261377866665,4.805270553013334,3.9353508839333338,4.722421060720001,7.000782098786668,8.616347198506668,5.136668522186667,4.3495983454000005,4.9709695376,5.302367506773334,5.34379225292
119,5.5923407298,2.4854847688,2.4854847688,4.3495983454000005,5.5923407298,3.106855961,4.3495983454000005,8.699196690800001,7.4564543064,7.4564543064,8.699196690800001,8.077825498600001,6.213711922,6.213711922,16.155650997200002,18.641135766,21.747991727000002,20.505249342600003,19.2625069582,16.155650997200002,17.398393381600002,18.0197645738,9.9419390752,11.8060526518
120,4.805270553013333,5.5923407298,5.5923407298,8.133058493462222,7.042206844933333,6.835083114200001,10.521885521253333,7.663578037133334,8.077825498600001,11.267530951893335,10.356186536666668,10.770433998133333,11.267530951893335,9.734815344466668,9.320567883,11.764627905653334,14.498661151333335,13.877289959133334,12.86238367854,14.08441368986667,11.806052651800002,14.47794877826,13.0487950362,9.113444152266668
121,3.1068559610000004,5.3852169990666665,4.763845806866667,5.3852169990666665,6.835083114200001,7.4564543064,4.556722076133334,5.178093268333334,4.763845806866667,5.3852169990666665,4.9709695376,5.178093268333333,4.142474614666667,3.3139796917333335,5.5923407298,4.9709695376,3.7282271532,4.142474614666667,5.385216999066667,6.213711922000001,7.4564543064,6.835083114200001,8.0778254986,6.420835652733334
122,6.95935735264,3.8939261377866665,4.639571568426667,6.95935735264,5.675190222093334,5.716614968240001,9.19629364456,7.042206844933333,7.663578037133334,11.43322993648,9.69339059832,11.06040722116,11.43322993648,12.903808424686668,13.318055886153333,9.19629364456,16.83915930862,12.945233170833333,14.975045732020002,12.510273336293332,10.894708236573337,16.09351387798,11.723203159506667,9.651965852173335
123,0.0,0.0,0.0,0.0,0.0,0.0,0.0,0.0,0.0,0.0,0.0,0.0,0.0,2.4854847688,2.4854847688,2.4854847688,3.7282271532,3.7282271532,4.3495983454000005,3.7282271532,3.106855961,5.5923407298,4.3495983454000005,5.5923407298
124,3.106855961,1.8641135766,3.7282271532,3.106855961,3.106855961,3.106855961,4.3495983454000005,6.835083114200001,5.5923407298,6.213711922,4.9709695376,6.835083114200001,6.835083114200001,9.9419390752,8.077825498600001,8.699196690800001,8.699196690800001,9.320567883,8.077825498600001,9.9419390752,8.077825498600001,6.835083114200001,11.1846814596,5.5923407298
125,2.4854847688,2.4854847688,3.7282271532,1.8641135766,0.0,0.0,0.0,0.0,0.0,0.0,0.0,0.0,1.8641135766,0.0,1.8641135766,6.213711922,3.106855961,3.106855961,7.4564543064,6.213711922,5.5923407298,4.9709695376,3.7282271532,3.7282271532
126,3.7282271532,2.4854847688,3.106855961,3.106855961,2.4854847688,11.1846814596,10.5633102674,11.8060526518,13.670166228400001,10.5633102674,12.427423844,11.8060526518,11.1846814596,8.077825498600001,9.9419390752,11.1846814596,14.291537420600001,13.048795036200001,14.291537420600001,14.9129086128,14.291537420600001,12.427423844,9.320567883,6.213711922
127,4.3495983454000005,3.106855961,3.106855961,2.4854847688,1.8641135766,0.0,0.0,0.0,0.0,0.0,2.4854847688,2.4854847688,2.4854847688,1.8641135766,3.106855961,2.4854847688,0.0,3.7282271532,3.106855961,3.106855961,2.4854847688,1.8641135766,0.0,0.0
128,5.426641745213334,5.385216999066667,5.633765475946666,0.0,5.012394283746667,7.33218006796,0.0,8.574922452360001,11.433229936480002,0.0,11.806052651800002,9.983363821346666,10.646159759693333,9.19629364456,8.409223467773334,0.0,11.308955698040002,10.894708236573335,12.551698082440003,11.930326890240002,11.308955698040002,0.0,8.202099737040001,5.5094912375066665
129,3.106855961,2.4854847688,1.8641135766,1.8641135766,3.7282271532,2.4854847688,1.8641135766,3.106855961,6.213711922,8.699196690800001,6.835083114200001,8.699196690800001,9.320567883,10.5633102674,10.5633102674,12.427423844,9.9419390752,11.8060526518,12.427423844,14.291537420600001,13.670166228400001,11.1846814596,8.699196690800001,6.213711922
130,4.3495983454000005,1.8641135766,3.106855961,3.106855961,0.0,0.0,0.0,5.5923407298,6.213711922,5.5923407298,4.9709695376,6.213711922,5.5923407298,4.9709695376,5.5923407298,6.835083114200001,7.4564543064,6.213711922,6.835083114200001,4.9709695376,5.5923407298,3.7282271532,1.8641135766,4.9709695376
131,0.0,0.0,0.0,0.0,0.0,0.0,0.0,0.0,0.0,0.0,0.0,0.0,0.0,0.0,0.0,0.0,0.0,0.0,0.0,0.0,0.0,0.0,0.0,0.0
132,6.213711922,3.106855961,4.9709695376,4.3495983454000005,3.106855961,3.106855961,3.106855961,1.8641135766,3.106855961,0.0,0.0,0.0,0.0,0.0,0.0,0.0,3.106855961,5.5923407298,3.106855961,3.106855961,2.4854847688,0.0,0.0,0.0
133,3.7282271532,2.4854847688,0.0,0.0,3.106855961,6.213711922,3.7282271532,5.5923407298,4.9709695376,3.7282271532,4.3495983454000005,5.5923407298,7.4564543064,7.4564543064,7.4564543064,9.320567883,12.427423844,11.8060526518,13.670166228400001,14.291537420600001,11.8060526518,11.1846814596,10.5633102674,6.835083114200001
134,6.835083114200001,6.835083114200001,3.106855961,3.106855961,3.106855961,2.4854847688,6.835083114200001,6.835083114200001,3.106855961,4.9709695376,4.9709695376,5.5923407298,6.835083114200001,6.835083114200001,9.320567883,9.320567883,11.1846814596,13.048795036200001,13.048795036200001,9.320567883,10.5633102674,8.077825498600001,9.320567883,2.4854847688
135,4.515297329986667,5.965163445120001,4.142474614666667,3.1897054532933335,1.4084413689866668,0.99419390752,0.0,0.0,0.37282271532000005,2.6926084995333337,2.3197857842133334,4.391023091546667,4.142474614666667,4.391023091546667,2.0298125611866666,3.024006468706667,1.4084413689866668,1.11846814596,2.6926084995333337,3.7282271532,5.178093268333334,3.4796786763200003,3.9353508839333338,4.142474614666667
136,0.0,0.0,0.0,0.0,0.0,0.0,0.0,0.0,0.0,0.0,0.0,0.0,0.0,0.0,0.0,0.0,0.0,0.0,0.0,0.0,0.0,0.0,0.0,0.0
137,11.1846814596,6.835083114200001,8.077825498600001,4.9709695376,4.9709695376,5.5923407298,5.5923407298,6.835083114200001,5.5923407298,8.077825498600001,4.9709695376,3.106855961,3.106855961,6.835083114200001,5.5923407298,0.0,2.4854847688,2.4854847688,3.106855961,2.4854847688,0.0,8.077825498600001,5.5923407298,5.5923407298
138,8.077825498600001,6.213711922,6.213711922,4.9709695376,3.106855961,2.4854847688,1.8641135766,1.8641135766,0.0,3.106855961,3.7282271532,1.8641135766,4.3495983454000005,3.7282271532,3.7282271532,3.106855961,4.3495983454000005,5.5923407298,4.9709695376,4.3495983454000005,5.5923407298,4.9709695376,2.4854847688,0.0
139,5.5923407298,3.106855961,4.9709695376,4.9709695376,4.9709695376,3.106855961,2.4854847688,0.0,0.0,0.0,0.0,1.8641135766,2.4854847688,2.4854847688,3.7282271532,4.9709695376,4.3495983454000005,3.106855961,4.3495983454000005,3.106855961,3.7282271532,2.4854847688,0.0,2.4854847688
140,0.0,0.0,0.0,0.0,0.0,0.0,0.0,0.0,0.0,0.0,0.0,0.0,0.0,0.0,0.0,1.8641135766,0.0,3.106855961,1.8641135766,0.0,0.0,0.0,0.0,0.0
141,7.4564543064,8.077825498600001,8.077825498600001,3.106855961,3.7282271532,1.8641135766,0.0,0.0,0.0,0.0,2.4854847688,2.4854847688,3.7282271532,4.3495983454000005,4.3495983454000005,3.7282271532,4.3495983454000005,4.3495983454000005,3.7282271532,2.4854847688,3.106855961,5.5923407298,4.3495983454000005,4.3495983454000005
142,5.840889206680001,4.72242106072,1.11846814596,1.11846814596,0.0,1.11846814596,1.11846814596,1.11846814596,1.11846814596,1.11846814596,1.11846814596,1.11846814596,0.0,1.11846814596,0.0,1.11846814596,1.11846814596,0.0,4.72242106072,3.3554044378800003,4.72242106072,2.23693629192,4.72242106072,3.3554044378800003
143,4.9709695376,0.0,0.0,2.4854847688,0.0,0.0,0.0,0.0,3.106855961,0.0,1.8641135766,1.8641135766,0.0,0.0,0.0,0.0,1.8641135766,4.3495983454000005,3.106855961,4.9709695376,3.7282271532,4.9709695376,2.4854847688,3.106855961
144,0.0,0.0,0.0,4.3495983454000005,4.9709695376,3.106855961,3.7282271532,4.9709695376,5.5923407298,4.3495983454000005,4.3495983454000005,2.4854847688,1.8641135766,0.0,3.106855961,4.9709695376,6.213711922,4.9709695376,3.106855961,3.7282271532,3.7282271532,1.8641135766,2.4854847688,1.8641135766
145,0.0,0.0,0.0,0.0,0.0,0.0,0.0,0.0,0.0,0.0,0.0,0.0,0.0,0.0,0.0,0.0,0.0,0.0,0.0,0.0,0.0,0.0,0.0,0.0
146,4.888120045306667,2.402635276506667,3.1897054532933335,0.0,2.6926084995333333,3.5211034224666666,0.0,1.0356186536666667,4.142474614666667,0.0,4.3495983454000005,5.799464460533334,0.0,0.0,6.462260398880001,0.0,5.675190222093334,6.462260398880001,0.0,6.08943768356,8.864895675386668,0.0,6.876507860346667,5.675190222093334
147,0.0,0.0,0.0,0.0,0.0,0.0,0.0,0.0,0.0,0.0,0.0,0.0,0.0,0.0,0.0,0.0,0.0,0.0,0.0,0.0,0.0,0.0,0.0,0.0
148,4.72242106072,2.23693629192,3.3554044378800003,3.7282271532,2.6926084995333333,3.5211034224666666,2.6926084995333337,1.0356186536666667,4.142474614666667,2.6926084995333333,4.3495983454000005,5.799464460533334,6.95935735264,0.0,6.95935735264,5.840889206680001,5.840889206680001,6.95935735264,5.840889206680001,5.840889206680001,9.19629364456,6.95935735264,6.95935735264,5.840889206680001
149,0.0,3.3139796917333335,3.3139796917333335,0.0,3.9353508839333338,3.5211034224666666,0.0,3.9353508839333338,4.3495983454000005,0.0,3.1068559610000004,3.1068559610000004,0.0,1.6569898458666668,3.9353508839333338,0.0,3.7282271532,2.6926084995333333,0.0,2.2783610380666666,2.6926084995333337,0.0,2.4854847688,1.8641135766
150,6.835083114200001,6.213711922,6.835083114200001,8.077825498600001,9.9419390752,8.699196690800001,8.699196690800001,11.1846814596,11.1846814596,9.320567883,11.1846814596,12.427423844,12.427423844,9.9419390752,4.9709695376,2.4854847688,12.427423844,14.9129086128,11.1846814596,9.9419390752,10.5633102674,9.9419390752,9.320567883,6.213711922
151,1.8641135766,3.106855961,4.9709695376,4.9709695376,4.9709695376,3.106855961,4.3495983454000005,3.7282271532,2.4854847688,1.8641135766,1.8641135766,5.5923407298,3.7282271532,3.7282271532,5.5923407298,6.213711922,3.7282271532,3.7282271532,2.4854847688,1.8641135766,0.0,0.0,0.0,1.8641135766
152,6.213711922,2.4854847688,5.5923407298,11.8060526518,6.835083114200001,3.106855961,1.8641135766,3.106855961,3.106855961,4.9709695376,6.213711922,6.835083114200001,6.835083114200001,8.077825498600001,11.1846814596,7.4564543064,11.8060526518,8.077825498600001,4.9709695376,5.5923407298,6.835083114200001,6.835083114200001,6.213711922,4.9709695376
153,2.9825817225600004,4.72242106072,4.84669529916,6.255136668146666,4.391023091546667,3.7282271532,4.1010498685200005,6.835083114200001,5.758039714386666,6.462260398880001,7.000782098786668,7.912126514013334,8.057113125526667,7.497879052546668,5.012394283746667,6.793658368053333,8.719909063873333,9.07201940612,7.000782098786668,8.595634825433335,7.021494471860001,5.840889206680001,5.09524377604,4.183899360813334
154,3.3139796917333335,2.0712373073333334,3.5211034224666666,2.0712373073333334,1.8641135766,1.0356186536666667,2.899732230266667,6.006588191266666,5.799464460533334,6.627959383466667,6.006588191266668,7.042206844933335,6.006588191266666,6.835083114200001,6.835083114200001,8.284949229333334,8.906320421533334,7.4564543064,8.492072960066666,9.527691613733333,7.663578037133334,7.042206844933333,6.627959383466667,5.3852169990666665
155,8.077825498600001,4.9709695376,5.5923407298,2.4854847688,2.4854847688,2.4854847688,3.7282271532,4.3495983454000005,2.4854847688,1.8641135766,4.9709695376,4.9709695376,7.4564543064,1.8641135766,2.4854847688,4.3495983454000005,6.835083114200001,6.213711922,7.4564543064,11.8060526518,12.427423844,7.4564543064,6.835083114200001,9.9419390752
156,8.077825498600001,6.95935735264,2.23693629192,8.077825498600001,11.43322993648,14.975045732020002,12.7381094401,6.95935735264,13.856577586060002,18.3304501699,19.448918315860002,19.448918315860002,20.8159349387,23.052871230620003,21.934403084659998,6.006588191266668,24.17133937658,26.4082756685,25.289807522540002,23.052871230620003,25.289807522540002,23.052871230620003,24.17133937658,24.17133937658
157,3.3554044378800003,1.11846814596,3.3554044378800003,4.72242106072,3.3554044378800003,4.72242106072,5.840889206680001,8.077825498600001,8.077825498600001,9.19629364456,9.19629364456,11.43322993648,11.43322993648,19.448918315860002,19.448918315860002,14.975045732020002,21.934403084659998,12.7381094401,13.856577586060002,11.43322993648,10.314761790520002,10.314761790520002,10.314761790520002,10.314761790520002
158,6.213711922,7.4564543064,3.106855961,3.7282271532,5.5923407298,6.835083114200001,3.7282271532,7.4564543064,8.699196690800001,8.077825498600001,4.3495983454000005,3.7282271532,3.106855961,5.5923407298,3.7282271532,1.8641135766,3.7282271532,2.4854847688,10.5633102674,9.9419390752,11.8060526518,7.4564543064,6.835083114200001,9.320567883
159,5.840889206680001,10.314761790520002,11.43322993648,16.09351387798,17.21198202394,14.975045732020002,18.3304501699,19.448918315860002,17.21198202394,20.8159349387,18.3304501699,20.8159349387,19.697466792740002,20.8159349387,21.934403084659998,20.8159349387,20.8159349387,18.3304501699,17.21198202394,12.7381094401,11.43322993648,11.43322993648,12.7381094401,12.7381094401
160,9.320567883,10.5633102674,8.699196690800001,4.9709695376,3.7282271532,4.3495983454000005,3.7282271532,6.213711922,3.7282271532,2.4854847688,3.106855961,4.9709695376,8.077825498600001,8.699196690800001,8.699196690800001,6.213711922,8.699196690800001,8.077825498600001,28.583074841200002,27.340332456800002,29.2044460334,24.854847688,22.3693629192,20.505249342600003
161,13.856577586060002,12.7381094401,6.95935735264,5.840889206680001,2.23693629192,0.0,0.0,2.23693629192,2.23693629192,4.72242106072,2.23693629192,11.43322993648,9.19629364456,20.8159349387,23.052871230620003,23.052871230620003,24.17133937658,28.645211960420003,27.713155172120004,24.17133937658,20.8159349387,17.21198202394,10.314761790520002,16.09351387798
162,0.0,4.487680832555555,4.363406594115555,0.0,3.9491591326488886,4.929544791453334,0.0,8.45064821392,10.231912298226668,0.0,9.9419390752,10.577118516115556,0.0,11.55750417492,10.052405064924445,0.0,11.433229936480002,12.537889833724444,0.0,16.404199474080002,15.368580820413335,0.0,9.154868898413334,7.014590347502222
163,4.625763319711111,4.19770760952889,4.860503547875556,3.7282271532,5.19190151704889,8.492072960066666,7.33218006796,10.604735013546668,12.17887536712,9.25843076378,11.888902144093334,13.000466165695556,11.89580626845111,10.376898909740001,9.928130826484445,8.719909063873333,13.898002332206667,12.600026952944447,13.193781647713337,14.312249793673336,12.77953418624667,8.3885110947,9.651965852173335,6.227520170715555
164,6.835083114200001,8.699196690800001,9.320567883,8.699196690800001,10.5633102674,9.9419390752,5.5923407298,5.5923407298,4.9709695376,3.7282271532,3.106855961,5.5923407298,1.8641135766,1.8641135766,3.7282271532,3.106855961,1.8641135766,3.7282271532,6.213711922,4.3495983454000005,4.3495983454000005,0.0,3.106855961,3.106855961
165,0.0,5.923738698973334,5.302367506773334,0.0,2.899732230266667,3.4382539301733335,0.0,4.018200376226667,3.024006468706667,0.0,4.2253241069600005,2.9825817225600004,0.0,6.917932606493333,6.213711922000001,0.0,8.616347198506666,10.646159759693335,0.0,11.847477397946667,11.640353667213335,0.0,9.403417375293335,9.361992629146666
166,6.835083114200001,5.5923407298,4.9709695376,2.4854847688,0.0,0.0,2.4854847688,1.8641135766,3.106855961,1.8641135766,1.8641135766,2.4854847688,2.4854847688,3.106855961,4.3495983454000005,4.9709695376,4.3495983454000005,3.106855961,2.4854847688,3.106855961,3.7282271532,2.4854847688,2.4854847688,4.3495983454000005
167,8.347086348553335,7.1457687103000005,4.183899360813333,3.6039529147600007,2.402635276506667,2.6926084995333337,1.6569898458666668,1.3670166228400003,1.5741403535733334,1.5741403535733334,2.8168827379733337,6.503685145026666,5.550915983653334,9.0098822869,13.48375487074,12.448136217073335,13.235206393860002,16.176363370273336,16.487048966373337,16.756309816326667,13.980851824500002,11.329668071113332,8.616347198506668,9.092731779193334
168,2.4854847688,2.4854847688,3.7282271532,0.0,2.4854847688,0.0,4.3495983454000005,5.5923407298,5.5923407298,8.077825498600001,8.077825498600001,8.077825498600001,5.5923407298,5.5923407298,6.835083114200001,9.320567883,10.5633102674,6.835083114200001,10.5633102674,13.670166228400001,9.320567883,10.5633102674,6.835083114200001,5.5923407298
169,5.5923407298,5.5923407298,6.835083114200001,8.077825498600001,5.5923407298,4.9709695376,4.9709695376,10.5633102674,13.670166228400001,17.398393381600002,14.9129086128,11.1846814596,14.9129086128,13.670166228400001,10.5633102674,16.155650997200002,14.9129086128,14.9129086128,18.641135766,16.155650997200002,14.9129086128,11.1846814596,10.5633102674,5.5923407298
170,4.3495983454000005,3.7282271532,0.0,0.0,2.4854847688,3.7282271532,1.8641135766,0.0,0.0,0.0,3.106855961,3.106855961,2.4854847688,1.8641135766,4.3495983454000005,4.3495983454000005,5.5923407298,7.4564543064,8.077825498600001,8.699196690800001,8.077825498600001,6.835083114200001,5.5923407298,3.106855961
171,9.320567883,9.9419390752,9.9419390752,9.320567883,6.835083114200001,7.4564543064,7.4564543064,6.835083114200001,7.4564543064,6.213711922,4.9709695376,6.835083114200001,5.5923407298,4.9709695376,8.699196690800001,4.9709695376,4.9709695376,3.106855961,6.213711922,3.106855961,4.3495983454000005,4.3495983454000005,4.9709695376,3.7282271532
172,0.0,0.0,0.0,0.0,0.0,0.0,0.0,0.0,0.0,0.0,0.0,0.0,0.0,0.0,0.0,0.0,0.0,1.8641135766,3.7282271532,2.4854847688,1.8641135766,0.0,0.0,0.0
173,9.19629364456,8.077825498600001,11.43322993648,5.840889206680001,8.077825498600001,4.72242106072,4.72242106072,3.3554044378800003,1.11846814596,3.3554044378800003,3.3554044378800003,1.11846814596,1.11846814596,1.11846814596,2.23693629192,2.23693629192,2.23693629192,0.0,2.23693629192,0.0,1.11846814596,1.11846814596,0.0,0.0
174,10.749721625060003,11.930326890240002,10.687584505840002,10.74972162506,10.004076194420001,9.9419390752,6.192999548926667,5.468066491360001,9.6312534791,8.057113125526667,6.959357352640001,6.213711922000002,4.266748853106667,4.639571568426667,6.503685145026668,8.45064821392,8.139962617820002,6.938644979566668,11.205393832673336,10.74972162506,13.131644528493334,19.614617300446668,21.47873087704666,19.98744001576667
175,12.7381094401,6.95935735264,8.077825498600001,8.077825498600001,9.19629364456,4.72242106072,4.72242106072,2.23693629192,3.3554044378800003,2.23693629192,3.3554044378800003,0.0,1.11846814596,3.3554044378800003,3.3554044378800003,2.23693629192,0.0,2.23693629192,4.72242106072,4.72242106072,2.23693629192,5.840889206680001,2.23693629192,2.23693629192
176,10.314761790520002,9.19629364456,9.19629364456,6.710808875760001,8.077825498600001,5.840889206680001,4.72242106072,5.840889206680001,3.3554044378800003,0.0,3.3554044378800003,3.3554044378800003,4.72242106072,4.72242106072,5.840889206680001,2.23693629192,0.0,1.11846814596,0.0,2.23693629192,8.077825498600001,2.23693629192,4.72242106072,0.0
177,3.7282271532,4.3495983454000005,3.106855961,3.106855961,3.106855961,4.3495983454000005,3.106855961,3.7282271532,1.8641135766,3.7282271532,3.7282271532,3.106855961,3.7282271532,1.8641135766,1.8641135766,2.4854847688,2.4854847688,0.0,3.106855961,3.7282271532,2.4854847688,3.106855961,3.106855961,2.4854847688
178,8.077825498600001,8.077825498600001,6.213711922,3.106855961,3.106855961,2.4854847688,0.0,0.0,0.0,0.0,0.0,2.4854847688,3.106855961,3.106855961,5.5923407298,4.3495983454000005,1.8641135766,1.8641135766,2.4854847688,1.8641135766,3.106855961,3.7282271532,3.106855961,2.4854847688
179,9.9419390752,8.699196690800001,5.5923407298,6.213711922,3.106855961,4.9709695376,4.9709695376,3.106855961,3.7282271532,4.3495983454000005,0.0,0.0,0.0,0.0,0.0,0.0,2.4854847688,4.3495983454000005,3.7282271532,3.106855961,4.3495983454000005,3.7282271532,3.106855961,3.106855961
180,8.077825498600001,6.586534637320001,6.586534637320001,6.130862429706667,8.057113125526667,5.385216999066667,3.1482807071466667,2.6926084995333337,1.4912908612800002,0.7456454306400001,1.8641135766,1.8641135766,1.9469630688933333,1.9469630688933333,2.6926084995333337,2.60975900724,3.1482807071466667,3.8110766454933334,1.5741403535733334,3.0654312148533336,6.58653463732,4.556722076133334,4.266748853106667,0.37282271532000005
181,2.23693629192,5.840889206680001,5.840889206680001,5.840889206680001,8.077825498600001,4.59814682228,4.59814682228,4.59814682228,5.778752087460001,4.59814682228,5.778752087460001,5.840889206680001,5.840889206680001,4.72242106072,6.95935735264,5.840889206680001,4.72242106072,4.72242106072,4.72242106072,8.077825498600001,10.314761790520002,8.077825498600001,10.314761790520002,6.95935735264
182,3.106855961,0.0,3.106855961,2.4854847688,4.9709695376,5.5923407298,5.5923407298,4.9709695376,4.9709695376,6.835083114200001,5.5923407298,4.9709695376,2.4854847688,4.9709695376,4.9709695376,4.9709695376,3.106855961,2.4854847688,2.4854847688,0.0,0.0,0.0,3.106855961,5.5923407298
183,2.23693629192,2.23693629192,3.3554044378800003,4.72242106072,5.840889206680001,5.840889206680001,4.72242106072,4.72242106072,3.3554044378800003,5.840889206680001,4.72242106072,5.840889206680001,9.19629364456,9.19629364456,8.077825498600001,5.840889206680001,12.7381094401,13.856577586060002,10.314761790520002,12.7381094401,13.856577586060002,12.7381094401,6.95935735264,9.19629364456
184,10.5633102674,7.4564543064,6.835083114200001,4.9709695376,3.106855961,3.106855961,2.4854847688,3.106855961,0.0,2.4854847688,3.7282271532,3.106855961,4.3495983454000005,6.213711922,7.4564543064,7.4564543064,9.9419390752,8.699196690800001,11.8060526518,13.670166228400001,14.9129086128,9.9419390752,8.699196690800001,9.9419390752
185,3.3554044378800003,3.3554044378800003,0.0,0.0,2.23693629192,0.0,2.23693629192,0.0,0.0,2.23693629192,2.23693629192,3.3554044378800003,0.0,2.23693629192,8.077825498600001,8.077825498600001,6.95935735264,5.840889206680001,8.077825498600001,6.95935735264,3.3554044378800003,5.840889206680001,4.72242106072,6.95935735264
186,12.427423844,11.8060526518,8.699196690800001,3.7282271532,3.7282271532,3.106855961,3.106855961,3.7282271532,4.3495983454000005,6.213711922,7.4564543064,3.7282271532,7.4564543064,8.077825498600001,4.3495983454000005,3.7282271532,0.0,0.0,0.0,5.5923407298,6.835083114200001,8.699196690800001,7.4564543064,6.213711922
187,9.320567883,6.835083114200001,4.3495983454000005,4.3495983454000005,0.0,4.9709695376,4.3495983454000005,3.106855961,6.213711922,4.9709695376,6.213711922,7.4564543064,6.213711922,0.0,6.213711922,4.3495983454000005,4.9709695376,5.5923407298,6.835083114200001,4.9709695376,5.5923407298,8.077825498600001,4.9709695376,4.9709695376
188,4.72242106072,2.23693629192,0.0,1.11846814596,0.0,2.23693629192,2.23693629192,2.23693629192,0.0,3.3554044378800003,3.3554044378800003,0.0,3.3554044378800003,2.23693629192,3.3554044378800003,2.23693629192,0.0,8.077825498600001,9.19629364456,5.840889206680001,6.95935735264,6.95935735264,3.3554044378800003,2.23693629192
189,3.3554044378800003,0.0,2.23693629192,0.0,2.23693629192,3.3554044378800003,5.840889206680001,5.840889206680001,5.840889206680001,6.95935735264,5.840889206680001,8.077825498600001,6.95935735264,8.077825498600001,8.077825498600001,6.95935735264,10.314761790520002,8.077825498600001,9.19629364456,9.19629364456,8.077825498600001,6.95935735264,6.95935735264,5.840889206680001
190,3.7282271532,4.9709695376,5.5923407298,3.106855961,3.106855961,4.9709695376,3.7282271532,5.5923407298,6.213711922,5.5923407298,6.213711922,7.4564543064,8.699196690800001,9.320567883,7.4564543064,9.320567883,9.320567883,11.8060526518,9.9419390752,11.8060526518,10.5633102674,9.9419390752,9.9419390752,7.4564543064
191,5.385216999066667,6.199903673284445,4.142474614666667,5.385216999066667,7.608345042271111,9.099635903551112,7.767139902500001,6.641767632182223,10.535693769968889,10.045500940566667,13.228302269502223,13.062603284915559,10.459748402033334,14.388195161608891,12.30314960556,0.8284949229333334,13.200685772071111,14.084413689866667,10.294049417446667,12.855479554182224,13.725399223262224,9.134156525340002,13.44923424895111,13.532083741244444
192,3.7282271532,6.213711922,6.213711922,10.5633102674,7.4564543064,8.077825498600001,11.1846814596,9.9419390752,9.320567883,11.1846814596,11.1846814596,10.5633102674,11.1846814596,9.9419390752,7.4564543064,13.048795036200001,14.9129086128,15.534279805,11.8060526518,16.155650997200002,13.048795036200001,13.670166228400001,14.291537420600001,8.699196690800001
193,3.1068559610000004,4.018200376226667,2.0712373073333334,4.888120045306667,7.539303798693333,5.882313952826667,6.089437683560001,5.882313952826667,3.1068559610000004,3.9353508839333333,3.1068559610000004,7.539303798693333,5.716614968239999,9.651965852173333,7.497879052546668,5.5923407298,8.160674990893334,12.137450620973334,9.361992629146668,11.764627905653334,11.723203159506667,10.19048755208,8.367798721626666,7.33218006796
194,5.840889206680001,4.72242106072,2.23693629192,3.3554044378800003,0.0,4.72242106072,3.3554044378800003,3.3554044378800003,2.23693629192,2.23693629192,3.3554044378800003,3.3554044378800003,3.3554044378800003,3.3554044378800003,0.0,0.0,4.72242106072,5.840889206680001,5.840889206680001,6.95935735264,6.95935735264,5.840889206680001,3.3554044378800003,6.95935735264
195,2.4854847688,0.0,0.0,0.0,1.8641135766,0.0,0.0,0.0,0.0,1.8641135766,0.0,0.0,0.0,0.0,1.8641135766,2.4854847688,1.8641135766,2.4854847688,2.4854847688,4.3495983454000005,3.106855961,3.7282271532,3.7282271532,2.4854847688
196,11.743915532579999,7.663578037133334,9.527691613733333,7.4564543064,7.8707017678666675,5.799464460533334,4.763845806866667,3.7282271532,3.5211034224666666,2.2783610380666666,2.9825817225600004,2.5683342610933337,3.2311301994400004,4.556722076133334,1.0356186536666667,2.2783610380666666,2.0712373073333334,4.432447837693334,2.60975900724,2.9825817225600004,1.8641135766,2.1955115457733334,0.8284949229333334,2.36121053036
197,0.0,0.0,0.0,0.0,0.0,0.0,1.8641135766,0.0,0.0,1.8641135766,1.8641135766,1.8641135766,1.8641135766,3.106855961,3.7282271532,3.7282271532,2.4854847688,3.7282271532,1.8641135766,3.106855961,3.106855961,3.7282271532,2.4854847688,2.4854847688
198,17.584804739259997,18.786122377513333,15.34786844734,17.294831516233334,14.16726318216,10.74972162506,9.631253479100002,6.9593573526400005,7.553112047408891,7.33218006796,7.705002783280001,6.876507860346667,5.468066491360001,4.639571568426668,4.266748853106667,5.3852169990666665,2.23693629192,1.9469630688933337,0.0,2.23693629192,2.6926084995333337,1.11846814596,1.11846814596,1.9469630688933337
199,5.5923407298,4.9709695376,3.106855961,5.5923407298,9.320567883,6.835083114200001,8.077825498600001,8.077825498600001,4.9709695376,5.5923407298,4.9709695376,11.1846814596,5.5923407298,13.670166228400001,8.077825498600001,9.320567883,11.1846814596,13.670166228400001,11.1846814596,13.670166228400001,13.048795036200001,13.048795036200001,10.5633102674,8.077825498600001
200,6.835083114200001,6.213711922,4.3495983454000005,3.7282271532,3.106855961,1.8641135766,0.0,0.0,0.0,0.0,0.0,3.7282271532,4.3495983454000005,3.7282271532,4.9709695376,4.3495983454000005,3.106855961,0.0,0.0,3.106855961,4.9709695376,3.7282271532,3.7282271532,4.3495983454000005
201,9.9419390752,8.077825498600001,7.4564543064,6.835083114200001,7.4564543064,6.835083114200001,3.106855961,6.213711922,9.320567883,8.077825498600001,1.8641135766,6.213711922,6.213711922,1.8641135766,3.106855961,2.4854847688,5.5923407298,5.5923407298,5.5923407298,3.106855961,7.4564543064,4.9709695376,3.106855961,0.0
202,3.7282271532,8.077825498600001,6.213711922,5.5923407298,4.9709695376,8.077825498600001,6.213711922,3.106855961,5.5923407298,4.3495983454000005,0.0,2.4854847688,0.0,3.7282271532,0.0,3.7282271532,4.3495983454000005,2.4854847688,1.8641135766,2.4854847688,3.106855961,1.8641135766,1.8641135766,0.0
203,9.19629364456,8.077825498600001,8.077825498600001,6.897220233420001,6.897220233420001,5.778752087460001,5.778752087460001,4.59814682228,4.59814682228,3.4175415571000003,3.4175415571000003,2.29907341114,2.29907341114,2.29907341114,2.29907341114,2.29907341114,3.4175415571000003,3.4175415571000003,3.4175415571000003,3.4175415571000003,3.4175415571000003,3.4175415571000003,3.4175415571000003,2.29907341114
204,3.024006468706667,4.805270553013333,2.36121053036,2.5683342610933337,0.0,0.0,1.3670166228400003,1.5741403535733334,1.3670166228400003,1.5741403535733334,2.1540867996266666,2.36121053036,3.024006468706667,3.024006468706667,3.8110766454933334,5.426641745213334,2.5683342610933337,4.266748853106667,2.9825817225600004,3.024006468706667,3.2311301994400004,3.8110766454933334,3.024006468706667,3.2311301994400004
205,3.7282271532,0.0,0.0,0.0,0.0,2.4854847688,0.0,0.0,2.4854847688,0.0,0.0,0.0,1.8641135766,0.0,0.0,0.0,1.8641135766,3.106855961,4.3495983454000005,2.4854847688,2.4854847688,0.0,0.0,0.0
206,4.446256086408889,1.5465238561422225,2.181703297057778,0.6213711922,1.9331548201777775,2.623567255955556,0.6213711922,0.3452062178888889,2.830690986688889,0.0,2.0712373073333334,3.383020935311111,2.941156976413333,0.0,4.4738725838399995,1.9469630688933337,4.4600643351244456,5.5094912375066665,3.3968291840266667,4.805270553013333,6.848891362915556,2.3197857842133334,4.611955070995555,3.838693142924445
207,0.0,0.0,0.0,0.0,0.0,0.0,0.0,0.0,0.0,0.0,0.0,0.0,0.0,0.0,0.0,0.0,0.0,0.0,0.0,0.0,0.0,0.0,0.0,0.0
208,0.0,0.0,0.0,0.0,0.0,0.0,0.0,0.0,0.0,0.0,0.0,0.0,0.0,0.0,0.0,0.0,0.0,0.0,0.0,0.0,0.0,0.0,0.0,0.0
209,8.077825498600001,10.5633102674,8.699196690800001,8.077825498600001,3.7282271532,6.213711922,10.5633102674,9.9419390752,11.1846814596,13.048795036200001,11.1846814596,15.534279805,11.1846814596,8.699196690800001,4.9709695376,2.4854847688,3.106855961,3.106855961,5.5923407298,4.3495983454000005,4.3495983454000005,3.106855961,4.9709695376,5.5923407298
210,5.5923407298,9.320567883,5.5923407298,6.835083114200001,5.5923407298,5.5923407298,5.5923407298,5.5923407298,5.5923407298,4.9709695376,5.5923407298,9.320567883,8.077825498600001,9.320567883,9.320567883,6.835083114200001,8.077825498600001,8.077825498600001,8.077825498600001,8.077825498600001,9.320567883,9.320567883,8.077825498600001,6.835083114200001
211,4.722421060720001,5.468066491360001,5.965163445120001,8.3885110947,8.51278533314,10.086925686713334,10.749721625060003,11.661066040286668,11.536791801846666,13.939427078353333,12.696684693953335,14.270825047526666,13.898002332206667,16.94272117398667,18.144038812239998,16.27992523564,19.01395848132,15.120032343533333,15.534279805000002,12.199587740193332,11.1846814596,9.941939075200002,9.962651448273334,9.75552771754
212,3.106855961,2.4854847688,2.4854847688,3.106855961,4.3495983454000005,3.7282271532,3.106855961,3.7282271532,4.3495983454000005,6.213711922,5.5923407298,4.3495983454000005,3.7282271532,3.106855961,3.106855961,4.9709695376,5.5923407298,4.3495983454000005,4.3495983454000005,3.7282271532,3.7282271532,1.8641135766,3.7282271532,3.106855961
213,4.3495983454000005,2.4854847688,0.0,0.0,3.106855961,0.0,0.0,0.0,0.0,0.0,0.0,0.0,0.0,0.0,0.0,0.0,0.0,2.4854847688,3.106855961,3.106855961,1.8641135766,2.4854847688,1.8641135766,3.7282271532
214,3.106855961,6.835083114200001,5.5923407298,2.4854847688,3.106855961,3.106855961,3.106855961,4.9709695376,3.106855961,0.0,0.0,3.106855961,2.4854847688,1.8641135766,0.0,0.0,8.699196690800001,6.835083114200001,3.7282271532,9.320567883,8.077825498600001,9.320567883,7.4564543064,4.3495983454000005
215,2.4854847688,4.3495983454000005,4.3495983454000005,3.106855961,6.213711922,4.3495983454000005,3.7282271532,3.106855961,5.5923407298,6.213711922,8.699196690800001,11.1846814596,11.8060526518,9.320567883,13.048795036200001,9.9419390752,13.670166228400001,10.5633102674,12.427423844,9.9419390752,9.320567883,10.5633102674,10.5633102674,9.9419390752
216,2.23693629192,5.840889206680001,4.72242106072,5.840889206680001,8.077825498600001,9.19629364456,5.840889206680001,6.95935735264,6.95935735264,6.95935735264,5.840889206680001,5.840889206680001,5.840889206680001,3.3554044378800003,6.95935735264,5.840889206680001,3.3554044378800003,3.3554044378800003,3.3554044378800003,6.95935735264,9.19629364456,9.19629364456,9.19629364456,6.95935735264
217,7.70500278328,3.0654312148533336,6.192999548926667,4.618859195353334,5.385216999066667,2.3197857842133334,4.183899360813334,1.9469630688933337,3.0654312148533336,2.3197857842133334,2.6926084995333337,2.6926084995333337,1.5741403535733334,1.5741403535733334,0.0,1.5741403535733334,1.11846814596,3.1482807071466667,1.9469630688933337,3.811076645493334,3.0654312148533336,5.385216999066667,7.705002783280001,7.705002783280001
218,3.5211034224666675,1.5741403535733334,4.618859195353334,6.565822264246667,5.385216999066667,7.705002783280001,6.9593573526400005,5.758039714386666,8.077825498600001,3.8110766454933334,3.8110766454933334,3.1482807071466667,3.811076645493334,2.3197857842133334,2.6926084995333337,4.246036480033333,1.11846814596,1.11846814596,0.0,2.6926084995333337,3.8939261377866674,4.639571568426668,6.586534637320001,18.43401203526667
219,11.122544340380001,6.1101500566333335,8.429935840846667,7.705002783280001,8.036400752453334,6.917932606493333,5.840889206680001,3.1068559610000004,6.565822264246667,6.130862429706667,5.7373273413133345,4.618859195353333,1.9469630688933337,4.618859195353334,6.565822264246667,4.266748853106667,1.9262506958200003,3.0447188417800004,0.0,6.192999548926667,8.802758556166667,10.00407619442,13.0487950362,11.578216547993335
220,8.077825498600001,6.95935735264,9.19629364456,4.72242106072,8.077825498600001,6.95935735264,6.95935735264,5.840889206680001,4.72242106072,4.72242106072,4.72242106072,5.840889206680001,4.72242106072,5.840889206680001,4.72242106072,4.72242106072,3.3554044378800003,5.840889206680001,0.0,0.0,0.0,3.3554044378800003,5.840889206680001,0.0
221,8.077825498600001,13.856577586060002,12.7381094401,11.43322993648,13.856577586060002,16.09351387798,13.856577586060002,14.975045732020002,13.856577586060002,11.43322993648,6.95935735264,5.840889206680001,5.840889206680001,5.840889206680001,5.840889206680001,11.43322993648,13.856577586060002,14.975045732020002,16.09351387798,14.975045732020002,12.7381094401,12.7381094401,9.19629364456,8.077825498600001
222,8.077825498600001,6.95935735264,6.95935735264,9.19629364456,11.43322993648,5.840889206680001,9.19629364456,5.840889206680001,5.840889206680001,5.840889206680001,5.840889206680001,4.72242106072,3.3554044378800003,4.72242106072,5.840889206680001,5.840889206680001,8.077825498600001,11.43322993648,14.975045732020002,16.09351387798,14.975045732020002,9.19629364456,8.077825498600001,10.314761790520002
223,4.72242106072,5.012394283746667,4.183899360813334,1.11846814596,5.385216999066667,3.8939261377866674,4.72242106072,3.5211034224666675,3.8939261377866665,3.0654312148533336,4.639571568426668,2.6926084995333337,3.8939261377866665,5.385216999066667,3.0654312148533336,3.5211034224666675,1.11846814596,1.11846814596,1.11846814596,4.639571568426667,4.929544791453334,4.183899360813334,1.5741403535733334,2.23693629192
224,3.3554044378800003,3.3554044378800003,3.3554044378800003,3.3554044378800003,0.0,3.3554044378800003,0.0,3.3554044378800003,0.0,0.0,3.3554044378800003,0.0,0.0,0.0,3.3554044378800003,0.0,0.0,3.3554044378800003,3.3554044378800003,0.0,0.0,3.3554044378800003,3.3554044378800003,0.0
225,5.840889206680001,9.19629364456,8.077825498600001,5.840889206680001,4.72242106072,4.72242106072,5.840889206680001,9.19629364456,6.95935735264,9.19629364456,11.43322993648,11.43322993648,12.7381094401,10.314761790520002,5.840889206680001,8.077825498600001,8.077825498600001,11.43322993648,5.840889206680001,10.004076194420001,4.72242106072,8.077825498600001,5.840889206680001,9.19629364456
226,6.95935735264,6.95935735264,8.077825498600001,10.314761790520002,9.19629364456,10.314761790520002,6.95935735264,11.43322993648,10.314761790520002,12.7381094401,11.43322993648,10.314761790520002,9.19629364456,9.19629364456,13.856577586060002,13.856577586060002,17.21198202394,10.314761790520002,17.21198202394,16.09351387798,14.975045732020002,16.09351387798,12.7381094401,11.43322993648
227,9.19629364456,9.19629364456,6.95935735264,5.840889206680001,5.840889206680001,5.840889206680001,6.95935735264,5.840889206680001,3.3554044378800003,8.077825498600001,3.3554044378800003,6.95935735264,3.3554044378800003,5.840889206680001,9.19629364456,11.43322993648,9.19629364456,12.7381094401,10.314761790520002,14.975045732020002,12.7381094401,11.43322993648,10.314761790520002,10.314761790520002
228,4.72242106072,4.72242106072,3.3554044378800003,4.72242106072,3.3554044378800003,4.72242106072,4.72242106072,0.0,0.0,3.3554044378800003,0.0,0.0,0.0,0.0,6.95935735264,11.43322993648,10.314761790520002,11.43322993648,13.856577586060002,12.7381094401,10.314761790520002,10.314761790520002,10.314761790520002,6.95935735264
229,6.95935735264,5.840889206680001,5.840889206680001,5.840889206680001,3.3554044378800003,3.3554044378800003,4.72242106072,4.72242106072,4.72242106072,6.95935735264,4.72242106072,4.72242106072,3.3554044378800003,0.0,3.3554044378800003,6.95935735264,8.077825498600001,6.95935735264,9.19629364456,8.077825498600001,10.314761790520002,9.19629364456,10.314761790520002,6.95935735264
230,6.95935735264,5.840889206680001,4.72242106072,4.72242106072,4.72242106072,3.3554044378800003,0.0,3.3554044378800003,0.0,3.3554044378800003,5.840889206680001,5.840889206680001,4.72242106072,3.3554044378800003,4.72242106072,4.72242106072,6.95935735264,6.95935735264,9.19629364456,6.95935735264,5.840889206680001,6.95935735264,4.72242106072,0.0
231,5.840889206680001,5.840889206680001,4.72242106072,3.3554044378800003,5.840889206680001,4.72242106072,0.0,0.0,3.3554044378800003,0.0,4.72242106072,5.840889206680001,0.0,3.3554044378800003,3.3554044378800003,3.3554044378800003,5.840889206680001,4.72242106072,5.840889206680001,5.840889206680001,5.840889206680001,5.840889206680001,8.077825498600001,8.077825498600001
232,0.0,3.3554044378800003,0.0,0.0,4.72242106072,0.0,4.72242106072,4.72242106072,0.0,0.0,0.0,5.840889206680001,4.72242106072,4.72242106072,3.3554044378800003,4.72242106072,4.72242106072,5.840889206680001,3.3554044378800003,4.72242106072,5.840889206680001,4.72242106072,0.0,4.72242106072
233,3.3554044378800003,0.0,0.0,0.0,0.0,0.0,3.3554044378800003,0.0,4.72242106072,0.0,3.3554044378800003,0.0,4.72242106072,4.72242106072,5.840889206680001,4.72242106072,0.0,5.840889206680001,6.95935735264,5.840889206680001,3.3554044378800003,6.95935735264,0.0,6.95935735264
234,3.7282271532,3.3554044378800003,0.0,0.0,1.5741403535733334,0.0,0.0,0.0,0.0,3.3554044378800003,0.0,0.0,0.0,3.3554044378800003,4.72242106072,3.3554044378800003,3.3554044378800003,4.72242106072,3.3554044378800003,3.3554044378800003,4.72242106072,4.72242106072,3.3554044378800003,3.3554044378800003
235,1.11846814596,0.0,0.0,0.0,1.11846814596,0.0,1.11846814596,0.0,0.0,0.0,1.11846814596,1.11846814596,1.11846814596,0.0,0.0,2.6926084995333337,4.929544791453334,3.0654312148533336,3.3554044378800003,3.8939261377866665,5.095243776040001,4.556722076133333,3.811076645493334,3.1482807071466667
236,0.0,3.3554044378800003,0.0,0.0,0.0,0.0,0.0,0.0,0.0,0.0,3.3554044378800003,0.0,0.0,3.3554044378800003,0.0,4.72242106072,8.077825498600001,5.840889206680001,6.95935735264,6.95935735264,5.840889206680001,4.72242106072,4.72242106072,0.0
237,0.0,0.0,0.0,0.0,0.0,0.0,0.0,0.0,0.0,0.0,0.0,0.0,0.0,0.0,0.0,4.72242106072,4.72242106072,3.3554044378800003,5.840889206680001,5.840889206680001,4.72242106072,8.077825498600001,4.72242106072,3.3554044378800003
238,0.0,0.0,0.0,0.0,3.3554044378800003,0.0,3.3554044378800003,0.0,3.3554044378800003,0.0,3.3554044378800003,0.0,3.3554044378800003,4.72242106072,4.72242106072,3.3554044378800003,3.3554044378800003,4.72242106072,6.95935735264,5.840889206680001,8.077825498600001,5.840889206680001,0.0,0.0
239,0.0,5.840889206680001,6.95935735264,5.840889206680001,9.19629364456,5.840889206680001,4.72242106072,3.3554044378800003,3.3554044378800003,0.0,0.0,3.3554044378800003,0.0,0.0,0.0,3.3554044378800003,0.0,5.840889206680001,6.95935735264,6.95935735264,4.72242106072,4.72242106072,4.72242106072,4.72242106072
240,0.0,0.0,0.0,0.0,3.3554044378800003,0.0,3.3554044378800003,3.3554044378800003,0.0,0.0,4.72242106072,0.0,0.0,3.3554044378800003,3.3554044378800003,4.72242106072,3.3554044378800003,3.3554044378800003,3.3554044378800003,3.3554044378800003,3.3554044378800003,3.3554044378800003,4.72242106072,0.0
241,0.0,3.3554044378800003,0.0,0.0,0.0,3.3554044378800003,3.3554044378800003,0.0,0.0,3.3554044378800003,0.0,0.0,0.0,3.3554044378800003,0.0,3.3554044378800003,8.077825498600001,5.840889206680001,6.95935735264,8.077825498600001,6.95935735264,6.95935735264,3.3554044378800003,0.0
242,4.72242106072,0.0,0.0,0.0,0.0,0.0,4.72242106072,3.3554044378800003,8.077825498600001,10.314761790520002,6.95935735264,5.840889206680001,4.72242106072,3.3554044378800003,3.3554044378800003,0.0,0.0,3.3554044378800003,0.0,0.0,6.95935735264,0.0,4.72242106072,4.72242106072
243,0.0,2.29907341114,0.0,4.72242106072,0.0,0.0,9.19629364456,5.840889206680001,8.077825498600001,5.840889206680001,0.0,3.3554044378800003,3.3554044378800003,0.0,0.0,3.3554044378800003,0.0,3.3554044378800003,4.72242106072,4.72242106072,4.72242106072,6.95935735264,0.0,0.0
244,8.077825498600001,4.72242106072,5.840889206680001,10.314761790520002,9.19629364456,9.19629364456,4.72242106072,0.0,5.840889206680001,5.840889206680001,6.95935735264,0.0,5.840889206680001,9.19629364456,10.314761790520002,6.95935735264,6.95935735264,6.95935735264,5.840889206680001,5.840889206680001,3.3554044378800003,4.72242106072,8.077825498600001,6.95935735264
245,6.95935735264,5.840889206680001,5.840889206680001,5.840889206680001,4.72242106072,5.840889206680001,5.840889206680001,5.840889206680001,0.0,0.0,3.3554044378800003,0.0,4.72242106072,4.72242106072,3.3554044378800003,4.72242106072,8.077825498600001,6.95935735264,4.72242106072,3.3554044378800003,3.3554044378800003,4.72242106072,5.840889206680001,5.840889206680001
246,4.72242106072,4.72242106072,0.0,8.077825498600001,4.72242106072,5.840889206680001,4.72242106072,3.3554044378800003,0.0,5.840889206680001,4.72242106072,0.0,4.72242106072,3.3554044378800003,4.72242106072,3.3554044378800003,5.840889206680001,4.72242106072,11.43322993648,9.19629364456,6.95935735264,5.840889206680001,5.840889206680001,5.840889206680001
247,4.72242106072,3.3554044378800003,5.840889206680001,5.840889206680001,6.95935735264,4.72242106072,5.840889206680001,0.0,4.72242106072,3.3554044378800003,4.72242106072,6.95935735264,5.840889206680001,9.19629364456,8.077825498600001,9.19629364456,8.077825498600001,11.43322993648,11.43322993648,9.19629364456,3.3554044378800003,11.43322993648,10.314761790520002,8.077825498600001
248,5.840889206680001,6.95935735264,8.077825498600001,5.840889206680001,5.840889206680001,4.72242106072,3.3554044378800003,4.72242106072,4.72242106072,4.72242106072,0.0,0.0,3.3554044378800003,0.0,0.0,3.3554044378800003,0.0,5.840889206680001,5.840889206680001,6.95935735264,6.95935735264,3.3554044378800003,8.077825498600001,8.077825498600001
249,3.3554044378800003,1.9469630688933337,3.0654312148533336,1.11846814596,3.8110766454933334,5.840889206680001,3.3554044378800003,3.3554044378800003,3.3554044378800003,0.0,4.72242106072,0.0,0.0,3.3554044378800003,4.72242106072,4.72242106072,4.72242106072,4.72242106072,0.0,4.72242106072,5.840889206680001,4.72242106072,3.3554044378800003,3.3554044378800003
250,3.3554044378800003,6.95935735264,8.077825498600001,8.077825498600001,9.19629364456,9.19629364456,6.95935735264,6.95935735264,4.72242106072,3.3554044378800003,4.72242106072,0.0,3.3554044378800003,3.3554044378800003,5.840889206680001,4.72242106072,3.3554044378800003,3.3554044378800003,6.95935735264,4.72242106072,5.840889206680001,5.840889206680001,4.72242106072,4.72242106072
251,0.0,1.11846814596,0.0,6.95935735264,4.72242106072,4.72242106072,0.0,0.0,5.840889206680001,3.3554044378800003,4.72242106072,0.0,0.0,3.3554044378800003,4.72242106072,3.3554044378800003,2.23693629192,3.3554044378800003,2.23693629192,3.3554044378800003,2.23693629192,0.0,4.72242106072,0.0
252,5.840889206680001,8.077825498600001,3.3554044378800003,6.95935735264,5.840889206680001,5.840889206680001,5.840889206680001,5.840889206680001,0.0,3.3554044378800003,6.95935735264,0.0,0.0,5.840889206680001,3.3554044378800003,0.0,5.840889206680001,4.72242106072,3.3554044378800003,5.840889206680001,5.840889206680001,4.72242106072,3.3554044378800003,0.0
253,4.929544791453334,5.840889206680001,5.758039714386666,4.183899360813334,6.213711922000001,4.72242106072,4.639571568426668,3.0654312148533336,1.11846814596,2.23693629192,3.8939261377866665,3.811076645493334,1.9469630688933337,6.130862429706667,5.012394283746667,5.0123942837466675,5.0123942837466675,4.639571568426668,4.266748853106667,4.266748853106667,4.183899360813334,4.556722076133334,3.8110766454933334,2.6926084995333337
254,5.758039714386668,6.58653463732,4.556722076133334,6.503685145026668,6.213711922000001,5.09524377604,5.012394283746667,3.8939261377866674,0.0,2.23693629192,3.8939261377866665,2.23693629192,0.0,5.385216999066667,4.556722076133334,3.0654312148533336,5.012394283746667,4.266748853106667,3.811076645493334,5.09524377604,4.183899360813334,3.8110766454933334,3.811076645493334,1.5741403535733334
255,6.95935735264,9.19629364456,5.840889206680001,8.077825498600001,5.840889206680001,8.077825498600001,4.72242106072,5.840889206680001,4.72242106072,0.0,3.3554044378800003,4.72242106072,4.72242106072,4.72242106072,4.72242106072,4.72242106072,4.72242106072,0.0,3.3554044378800003,3.3554044378800003,3.3554044378800003,0.0,0.0,4.72242106072
256,8.077825498600001,7.70500278328,7.70500278328,7.705002783280001,6.9593573526400005,6.9593573526400005,5.758039714386666,5.012394283746667,5.012394283746667,5.09524377604,3.3554044378800003,3.0654312148533336,1.5741403535733334,3.0654312148533336,3.8939261377866674,3.0654312148533336,5.012394283746667,3.8110766454933334,4.183899360813334,5.3852169990666665,6.58653463732,7.705002783280001,6.9593573526400005,6.213711922000001
257,8.0778254986,9.56911635988,7.3321800679599995,8.82347092924,6.9593573526400005,7.705002783280001,6.58653463732,5.840889206680001,5.468066491360001,3.5211034224666675,3.3554044378800003,5.095243776040001,4.266748853106667,4.639571568426667,5.095243776040001,5.095243776040001,3.5211034224666675,1.5741403535733334,4.639571568426668,5.012394283746667,3.811076645493334,3.811076645493334,5.385216999066667,6.213711922000002
258,8.077825498600001,9.19629364456,8.077825498600001,8.077825498600001,5.840889206680001,6.95935735264,5.840889206680001,5.840889206680001,6.95935735264,4.72242106072,5.840889206680001,4.72242106072,8.077825498600001,5.840889206680001,6.95935735264,8.077825498600001,6.95935735264,5.840889206680001,5.840889206680001,3.3554044378800003,3.3554044378800003,4.72242106072,5.840889206680001,5.840889206680001
259,8.077825498600001,6.95935735264,6.95935735264,8.077825498600001,5.840889206680001,6.95935735264,4.72242106072,4.72242106072,6.95935735264,6.95935735264,6.95935735264,6.95935735264,5.840889206680001,5.840889206680001,5.840889206680001,3.3554044378800003,3.3554044378800003,3.3554044378800003,3.3554044378800003,3.3554044378800003,3.3554044378800003,3.3554044378800003,4.72242106072,4.72242106072
260,4.142474614666667,5.840889206680001,8.077825498600001,6.95935735264,5.095243776040001,6.95935735264,6.95935735264,6.95935735264,4.72242106072,5.840889206680001,5.840889206680001,3.3554044378800003,4.72242106072,4.72242106072,4.72242106072,5.840889206680001,4.72242106072,3.3554044378800003,4.72242106072,0.0,4.72242106072,4.72242106072,3.3554044378800003,5.840889206680001
261,11.43322993648,14.975045732020002,11.43322993648,10.314761790520002,12.7381094401,11.43322993648,9.19629364456,8.077825498600001,6.95935735264,9.19629364456,9.19629364456,11.43322993648,11.43322993648,8.077825498600001,11.43322993648,10.314761790520002,10.314761790520002,11.43322993648,11.43322993648,9.19629364456,10.314761790520002,9.19629364456,6.95935735264,6.95935735264
262,10.314761790520002,10.314761790520002,14.975045732020002,10.314761790520002,10.314761790520002,11.43322993648,10.314761790520002,8.077825498600001,10.314761790520002,10.314761790520002,10.314761790520002,5.840889206680001,6.95935735264,9.19629364456,8.077825498600001,9.19629364456,10.314761790520002,4.72242106072,5.840889206680001,5.840889206680001,6.95935735264,10.314761790520002,4.72242106072,4.72242106072
263,17.21198202394,18.3304501699,17.21198202394,17.21198202394,14.975045732020002,13.856577586060002,13.856577586060002,14.975045732020002,13.856577586060002,17.21198202394,14.975045732020002,16.09351387798,12.7381094401,12.7381094401,11.43322993648,11.43322993648,10.314761790520002,9.19629364456,16.09351387798,12.7381094401,10.314761790520002,11.43322993648,10.314761790520002,12.7381094401
264,12.7381094401,13.856577586060002,13.856577586060002,11.43322993648,10.314761790520002,10.314761790520002,11.43322993648,8.077825498600001,11.43322993648,6.95935735264,9.19629364456,10.314761790520002,11.43322993648,8.077825498600001,6.95935735264,6.95935735264,5.840889206680001,9.19629364456,8.077825498600001,8.077825498600001,8.077825498600001,6.95935735264,0.0,3.3554044378800003
265,12.7381094401,11.43322993648,10.314761790520002,11.43322993648,8.077825498600001,6.95935735264,6.95935735264,8.077825498600001,11.43322993648,9.19629364456,8.077825498600001,6.95935735264,9.19629364456,6.95935735264,4.72242106072,6.95935735264,5.840889206680001,4.72242106072,9.19629364456,5.840889206680001,6.95935735264,5.840889206680001,4.72242106072,9.19629364456
266,10.314761790520002,6.95935735264,6.95935735264,6.95935735264,4.72242106072,5.840889206680001,5.840889206680001,3.3554044378800003,4.72242106072,6.95935735264,6.95935735264,3.3554044378800003,4.72242106072,5.840889206680001,0.0,6.95935735264,0.0,3.3554044378800003,0.0,0.0,4.72242106072,3.3554044378800003,5.840889206680001,4.72242106072
267,11.43322993648,9.19629364456,10.314761790520002,6.95935735264,4.72242106072,9.19629364456,6.95935735264,5.840889206680001,6.95935735264,6.95935735264,9.19629364456,8.077825498600001,6.95935735264,4.72242106072,6.95935735264,5.840889206680001,5.840889206680001,5.840889206680001,4.72242106072,5.840889206680001,4.72242106072,5.840889206680001,6.95935735264,5.840889206680001
268,11.495367055700001,9.9419390752,9.56911635988,9.56911635988,9.19629364456,6.213711922000001,9.19629364456,6.58653463732,8.077825498600001,6.9593573526400005,7.33218006796,7.33218006796,7.33218006796,5.758039714386666,4.266748853106667,4.72242106072,4.266748853106667,1.5741403535733334,4.639571568426668,2.6926084995333337,3.4382539301733335,1.5741403535733334,4.266748853106667,5.0123942837466675
269,11.43322993648,14.975045732020002,13.856577586060002,11.43322993648,12.7381094401,17.21198202394,14.975045732020002,17.21198202394,17.21198202394,8.077825498600001,14.975045732020002,13.856577586060002,10.314761790520002,12.7381094401,10.314761790520002,11.43322993648,12.7381094401,13.856577586060002,10.314761790520002,8.077825498600001,6.95935735264,6.95935735264,4.72242106072,6.95935735264
270,10.314761790520002,17.21198202394,12.7381094401,12.7381094401,12.7381094401,11.43322993648,13.856577586060002,12.7381094401,12.7381094401,9.19629364456,14.975045732020002,12.7381094401,9.19629364456,12.7381094401,12.7381094401,13.856577586060002,12.7381094401,11.43322993648,9.19629364456,5.840889206680001,6.95935735264,8.077825498600001,9.19629364456,6.95935735264
271,10.314761790520002,6.95935735264,5.840889206680001,13.856577586060002,10.314761790520002,6.95935735264,8.077825498600001,4.72242106072,6.95935735264,8.077825498600001,6.95935735264,9.19629364456,6.95935735264,8.077825498600001,8.077825498600001,9.19629364456,5.012394283746667,2.9825817225600004,4.72242106072,9.19629364456,5.840889206680001,6.95935735264,3.3554044378800003,4.72242106072
272,9.19629364456,10.314761790520002,10.314761790520002,6.95935735264,9.19629364456,12.7381094401,9.19629364456,9.19629364456,5.840889206680001,6.95935735264,5.840889206680001,4.72242106072,8.077825498600001,4.72242106072,6.95935735264,6.95935735264,6.95935735264,4.72242106072,4.72242106072,6.95935735264,3.3554044378800003,0.0,3.3554044378800003,0.0
273,9.19629364456,6.95935735264,8.077825498600001,8.077825498600001,10.314761790520002,6.95935735264,8.077825498600001,5.840889206680001,8.077825498600001,4.72242106072,6.95935735264,4.72242106072,4.72242106072,4.72242106072,5.840889206680001,4.72242106072,3.3554044378800003,0.0,3.3554044378800003,3.3554044378800003,4.72242106072,3.3554044378800003,0.0,0.0
274,11.43322993648,11.43322993648,11.43322993648,10.314761790520002,10.314761790520002,12.7381094401,10.314761790520002,6.95935735264,8.077825498600001,10.314761790520002,8.077825498600001,9.19629364456,8.077825498600001,10.314761790520002,10.314761790520002,12.7381094401,9.19629364456,9.19629364456,9.19629364456,6.95935735264,5.840889206680001,6.95935735264,5.840889206680001,5.840889206680001
275,12.7381094401,11.43322993648,9.19629364456,8.077825498600001,9.19629364456,9.19629364456,6.95935735264,9.19629364456,10.314761790520002,8.077825498600001,9.19629364456,9.19629364456,9.19629364456,5.840889206680001,5.840889206680001,5.840889206680001,6.95935735264,4.72242106072,8.077825498600001,5.840889206680001,3.3554044378800003,5.840889206680001,5.840889206680001,0.0
276,10.314761790520002,10.314761790520002,11.43322993648,10.314761790520002,9.19629364456,12.7381094401,13.856577586060002,10.314761790520002,8.077825498600001,8.077825498600001,9.19629364456,10.314761790520002,8.077825498600001,5.840889206680001,9.19629364456,5.840889206680001,4.72242106072,3.3554044378800003,5.840889206680001,6.95935735264,4.72242106072,3.3554044378800003,0.0,0.0
277,10.314761790520002,6.95935735264,9.19629364456,8.077825498600001,8.077825498600001,4.72242106072,8.077825498600001,4.72242106072,6.95935735264,6.95935735264,6.95935735264,3.3554044378800003,0.0,4.72242106072,0.0,4.72242106072,3.3554044378800003,3.3554044378800003,4.72242106072,3.3554044378800003,4.72242106072,0.0,3.3554044378800003,3.3554044378800003
278,8.077825498600001,10.314761790520002,10.314761790520002,8.077825498600001,9.19629364456,5.840889206680001,9.19629364456,4.72242106072,8.077825498600001,8.077825498600001,5.840889206680001,5.840889206680001,5.840889206680001,3.3554044378800003,3.3554044378800003,3.3554044378800003,0.0,5.840889206680001,5.840889206680001,5.840889206680001,0.0,4.72242106072,3.3554044378800003,4.72242106072
279,10.314761790520002,6.95935735264,6.95935735264,9.19629364456,6.95935735264,8.077825498600001,4.72242106072,8.077825498600001,11.43322993648,9.19629364456,9.19629364456,6.95935735264,8.077825498600001,6.95935735264,0.0,4.72242106072,0.0,0.0,0.0,3.3554044378800003,3.3554044378800003,0.0,0.0,0.0
280,8.077825498600001,6.897220233420001,6.897220233420001,8.077825498600001,6.897220233420001,6.897220233420001,6.897220233420001,5.778752087460001,5.778752087460001,5.778752087460001,5.778752087460001,5.778752087460001,5.778752087460001,5.778752087460001,5.778752087460001,5.778752087460001,5.778752087460001,4.59814682228,4.59814682228,4.59814682228,4.59814682228,3.4175415571000003,3.4175415571000003,3.4175415571000003
281,23.052871230620003,25.289807522540002,17.21198202394,14.975045732020002,10.314761790520002,9.19629364456,12.7381094401,12.7381094401,9.19629364456,8.077825498600001,4.72242106072,5.840889206680001,9.19629364456,12.7381094401,20.8159349387,26.4082756685,28.831623318080002,28.831623318080002,26.4082756685,27.713155172120004,28.831623318080002,26.4082756685,25.289807522540002,25.289807522540002
282,10.314761790520002,8.077825498600001,9.19629364456,6.95935735264,8.077825498600001,6.95935735264,6.95935735264,6.95935735264,5.840889206680001,5.840889206680001,8.077825498600001,3.3554044378800003,4.72242106072,3.3554044378800003,0.0,0.0,0.0,0.0,3.3554044378800003,0.0,6.95935735264,6.95935735264,0.0,0.0
283,6.58653463732,6.586534637320001,6.503685145026668,6.130862429706667,6.503685145026668,5.3852169990666665,3.4382539301733335,3.4382539301733335,1.9469630688933337,1.5741403535733334,1.5741403535733334,1.11846814596,1.11846814596,3.0654312148533336,1.11846814596,1.5741403535733334,0.0,0.0,3.0654312148533336,4.639571568426668,4.639571568426667,5.675190222093335,4.639571568426667,6.58653463732
284,4.72242106072,4.72242106072,4.72242106072,3.3554044378800003,0.0,0.0,0.0,0.0,3.3554044378800003,0.0,0.0,0.0,0.0,3.3554044378800003,4.72242106072,5.840889206680001,4.72242106072,6.95935735264,4.72242106072,5.840889206680001,3.3554044378800003,5.840889206680001,4.72242106072,8.077825498600001
285,10.314761790520002,8.077825498600001,5.840889206680001,6.95935735264,4.72242106072,5.840889206680001,6.95935735264,5.840889206680001,3.3554044378800003,4.72242106072,4.72242106072,3.3554044378800003,0.0,0.0,0.0,3.3554044378800003,0.0,3.3554044378800003,5.840889206680001,0.0,0.0,3.3554044378800003,0.0,4.72242106072
286,3.3554044378800003,5.840889206680001,5.840889206680001,3.3554044378800003,4.72242106072,4.72242106072,0.0,4.72242106072,6.95935735264,11.43322993648,8.077825498600001,5.840889206680001,8.077825498600001,8.077825498600001,9.19629364456,6.95935735264,11.43322993648,6.95935735264,12.7381094401,16.09351387798,19.697466792740002,14.975045732020002,17.21198202394,14.975045732020002
287,5.840889206680001,3.3554044378800003,4.72242106072,4.72242106072,5.840889206680001,4.72242106072,3.3554044378800003,0.0,3.3554044378800003,0.0,0.0,0.0,3.3554044378800003,4.72242106072,4.72242106072,4.72242106072,0.0,3.3554044378800003,9.19629364456,8.077825498600001,5.840889206680001,0.0,5.840889206680001,4.72242106072
288,10.74972162506,8.740621436946666,8.077825498600001,8.0778254986,7.33218006796,5.840889206680001,4.266748853106667,3.8939261377866674,6.130862429706667,6.9593573526400005,4.72242106072,3.5211034224666675,3.0654312148533336,3.811076645493334,5.468066491360001,1.5741403535733334,1.9469630688933337,1.5741403535733334,1.11846814596,1.9469630688933337,2.6926084995333337,5.012394283746667,4.266748853106667,7.705002783280001
289,14.975045732020002,13.856577586060002,10.314761790520002,12.7381094401,9.19629364456,9.19629364456,9.19629364456,9.19629364456,5.840889206680001,8.077825498600001,5.840889206680001,8.077825498600001,3.3554044378800003,4.72242106072,5.840889206680001,5.840889206680001,6.95935735264,4.72242106072,3.3554044378800003,3.3554044378800003,4.72242106072,5.840889206680001,8.077825498600001,9.19629364456
290,9.19629364456,5.840889206680001,3.3554044378800003,4.72242106072,5.840889206680001,3.3554044378800003,4.72242106072,3.3554044378800003,4.72242106072,6.95935735264,4.72242106072,4.72242106072,4.72242106072,3.3554044378800003,4.72242106072,3.3554044378800003,5.840889206680001,8.077825498600001,4.72242106072,6.95935735264,0.0,0.0,0.0,4.72242106072
291,8.077825498600001,3.3554044378800003,5.840889206680001,6.95935735264,0.0,0.0,0.0,5.840889206680001,6.95935735264,9.19629364456,8.077825498600001,4.72242106072,8.077825498600001,10.314761790520002,6.95935735264,6.95935735264,5.840889206680001,0.0,3.3554044378800003,0.0,6.95935735264,5.840889206680001,5.840889206680001,9.19629364456
292,5.840889206680001,5.840889206680001,8.077825498600001,3.3554044378800003,0.0,0.0,5.840889206680001,3.3554044378800003,3.3554044378800003,0.0,0.0,0.0,4.72242106072,4.72242106072,3.3554044378800003,5.840889206680001,3.3554044378800003,4.72242106072,4.72242106072,4.72242106072,4.72242106072,0.0,3.3554044378800003,6.95935735264
293,9.19629364456,10.314761790520002,10.314761790520002,4.72242106072,4.72242106072,3.3554044378800003,3.3554044378800003,4.72242106072,3.3554044378800003,0.0,5.840889206680001,0.0,0.0,5.840889206680001,0.0,10.314761790520002,6.95935735264,8.077825498600001,4.72242106072,4.72242106072,5.840889206680001,4.3495983454000005,4.72242106072,5.840889206680001
294,4.72242106072,5.840889206680001,0.0,3.3554044378800003,0.0,0.0,3.3554044378800003,0.0,0.0,0.0,4.72242106072,4.72242106072,0.0,0.0,0.0,0.0,3.3554044378800003,0.0,4.72242106072,4.72242106072,4.72242106072,4.72242106072,6.95935735264,10.314761790520002
295,0.0,5.840889206680001,5.840889206680001,4.72242106072,3.3554044378800003,0.0,8.077825498600001,0.0,0.0,9.19629364456,4.72242106072,6.95935735264,3.3554044378800003,5.840889206680001,0.0,4.72242106072,4.72242106072,5.840889206680001,9.19629364456,9.19629364456,6.95935735264,0.0,3.3554044378800003,3.3554044378800003
296,8.802758556166667,9.25843076378,6.793658368053333,6.089437683560001,8.077825498600001,6.917932606493334,8.0778254986,6.213711922000001,3.3968291840266667,8.450648213920001,6.58653463732,6.130862429706667,5.012394283746667,3.8939261377866665,6.9593573526400005,1.2427423844,2.23693629192,3.1897054532933335,3.811076645493334,5.012394283746667,5.385216999066667,8.077825498600001,3.0654312148533336,8.326373975480001
297,6.95935735264,0.0,9.19629364456,5.840889206680001,6.95935735264,6.95935735264,6.95935735264,11.43322993648,10.314761790520002,10.314761790520002,8.077825498600001,9.19629364456,5.840889206680001,6.95935735264,8.077825498600001,5.840889206680001,4.72242106072,5.840889206680001,8.077825498600001,9.19629364456,6.95935735264,8.077825498600001,8.077825498600001,10.314761790520002
298,11.930326890240002,9.175581271486667,5.53020361058,5.302367506773334,3.8939261377866674,4.556722076133334,4.556722076133334,4.328885972326668,6.27584904122,6.048012937413333,4.867407672233333,3.8939261377866665,3.5211034224666675,3.8110766454933334,2.6097590072400005,4.556722076133334,3.5211034224666675,3.5832405416866666,1.8641135766,13.0487950362,13.214494020786669,8.057113125526667,10.149062805933335,14.830059120506666
299,0.0,5.840889206680001,8.077825498600001,6.95935735264,3.3554044378800003,3.3554044378800003,0.0,0.0,0.0,3.3554044378800003,0.0,0.0,0.0,0.0,0.0,0.0,0.0,3.3554044378800003,0.0,0.0,0.0,0.0,0.0,5.840889206680001
300,4.72242106072,4.72242106072,0.0,5.840889206680001,0.0,5.840889206680001,4.72242106072,3.3554044378800003,4.72242106072,0.0,0.0,0.0,3.3554044378800003,0.0,0.0,0.0,3.3554044378800003,3.3554044378800003,0.0,4.72242106072,5.840889206680001,3.3554044378800003,5.840889206680001,8.077825498600001
301,3.5211034224666675,1.5741403535733334,0.0,1.9469630688933337,1.9469630688933337,5.095243776040001,3.1482807071466667,3.3554044378800003,1.5741403535733334,1.9469630688933337,2.3197857842133334,1.5741403535733334,2.23693629192,0.0,0.0,0.0,2.6926084995333337,2.23693629192,0.0,3.5211034224666675,3.5211034224666675,5.3852169990666665,5.0123942837466675,4.266748853106667
302,10.314761790520002,10.314761790520002,0.0,0.0,0.0,0.0,0.0,4.72242106072,3.3554044378800003,3.3554044378800003,0.0,3.3554044378800003,4.72242106072,0.0,4.72242106072,0.0,0.0,0.0,5.840889206680001,4.72242106072,3.3554044378800003,8.077825498600001,9.19629364456,8.077825498600001
303,16.09351387798,13.856577586060002,12.7381094401,13.856577586060002,16.09351387798,14.975045732020002,13.856577586060002,13.856577586060002,13.856577586060002,13.856577586060002,14.975045732020002,10.314761790520002,8.077825498600001,6.95935735264,9.19629364456,10.314761790520002,13.856577586060002,10.314761790520002,11.43322993648,17.21198202394,10.81185874428,27.713155172120004,26.4082756685,25.289807522540002
304,10.314761790520002,9.19629364456,9.19629364456,9.19629364456,8.077825498600001,8.077825498600001,10.314761790520002,6.95935735264,3.3554044378800003,5.840889206680001,4.72242106072,4.72242106072,0.0,0.0,4.72242106072,3.3554044378800003,6.95935735264,6.95935735264,5.840889206680001,8.077825498600001,5.840889206680001,6.95935735264,3.3554044378800003,4.72242106072
305,9.19629364456,4.72242106072,0.0,6.95935735264,8.077825498600001,5.840889206680001,5.840889206680001,8.077825498600001,5.840889206680001,6.95935735264,6.95935735264,8.077825498600001,8.077825498600001,8.077825498600001,6.95935735264,6.95935735264,3.3554044378800003,4.72242106072,1.9469630688933337,4.266748853106667,4.639571568426667,5.385216999066667,8.0778254986,8.45064821392
306,8.077825498600001,5.840889206680001,4.72242106072,0.0,5.840889206680001,0.0,3.3554044378800003,0.0,0.0,6.95935735264,4.72242106072,3.3554044378800003,4.72242106072,4.72242106072,0.0,4.72242106072,3.3554044378800003,4.72242106072,5.840889206680001,4.72242106072,3.3554044378800003,8.077825498600001,8.077825498600001,8.077825498600001
307,9.19629364456,8.077825498600001,3.3554044378800003,0.0,0.0,0.0,0.0,0.0,0.0,3.3554044378800003,0.0,0.0,0.0,0.0,0.0,0.0,0.0,0.0,0.0,5.840889206680001,8.077825498600001,9.19629364456,5.840889206680001,6.95935735264
308,0.0,0.0,4.72242106072,0.0,4.72242106072,0.0,4.72242106072,3.3554044378800003,0.0,3.3554044378800003,3.3554044378800003,0.0,0.0,4.72242106072,0.0,0.0,0.0,0.0,0.0,3.3554044378800003,3.3554044378800003,0.0,0.0,0.0
309,0.0,0.0,0.0,0.0,0.0,1.11846814596,0.0,1.11846814596,0.0,0.0,4.3495983454000005,3.7282271532,1.5741403535733334,6.835083114200001,2.6926084995333337,4.3495983454000005,1.11846814596,4.3495983454000005,3.7282271532,1.5741403535733334,5.5923407298,3.3554044378800003,3.7282271532,1.11846814596
310,0.0,0.0,0.0,3.3554044378800003,0.0,0.0,0.0,0.0,0.0,0.0,0.0,0.0,3.3554044378800003,0.0,5.840889206680001,3.3554044378800003,0.0,0.0,0.0,0.0,0.0,0.0,0.0,0.0
311,3.4175415571000003,3.4175415571000003,4.59814682228,4.59814682228,5.778752087460001,5.778752087460001,4.59814682228,5.778752087460001,6.897220233420001,8.077825498600001,6.897220233420001,6.897220233420001,5.778752087460001,6.897220233420001,6.897220233420001,6.897220233420001,6.897220233420001,5.778752087460001,4.59814682228,6.897220233420001,6.897220233420001,6.897220233420001,6.897220233420001,6.897220233420001
312,2.6926084995333337,1.11846814596,0.0,0.0,3.0654312148533336,2.6926084995333337,4.183899360813334,1.9469630688933337,3.811076645493334,5.840889206680001,6.213711922000001,5.840889206680001,5.385216999066667,2.6926084995333337,4.266748853106667,5.012394283746667,0.0,1.11846814596,3.0654312148533336,1.9469630688933337,1.11846814596,2.23693629192,3.0654312148533336,3.0654312148533336
313,0.0,0.0,0.0,0.0,0.0,0.0,0.0,0.0,4.72242106072,0.0,5.840889206680001,10.314761790520002,4.72242106072,6.95935735264,0.0,3.3554044378800003,4.72242106072,0.0,0.0,3.3554044378800003,4.72242106072,3.3554044378800003,4.72242106072,4.72242106072
314,3.7282271532,4.3495983454000005,4.3495983454000005,5.5923407298,1.5741403535733334,2.23693629192,4.266748853106667,5.758039714386666,3.8939261377866665,3.5211034224666675,3.1482807071466667,6.835083114200001,4.3495983454000005,6.462260398880001,4.736229309435555,10.5633102674,8.077825498600001,4.3495983454000005,1.5741403535733334,4.3495983454000005,5.012394283746667,5.5923407298,5.5923407298,3.7282271532
315,6.95935735264,5.840889206680001,3.3554044378800003,5.840889206680001,10.314761790520002,10.314761790520002,10.314761790520002,9.19629364456,9.19629364456,6.95935735264,4.72242106072,8.077825498600001,4.72242106072,5.840889206680001,8.077825498600001,10.314761790520002,11.43322993648,5.840889206680001,6.95935735264,8.077825498600001,6.95935735264,3.3554044378800003,4.72242106072,6.95935735264
316,0.0,0.0,0.0,0.0,3.3554044378800003,0.0,3.3554044378800003,0.0,4.72242106072,5.840889206680001,5.840889206680001,4.72242106072,3.3554044378800003,4.72242106072,6.95935735264,6.95935735264,0.0,3.3554044378800003,5.840889206680001,5.840889206680001,3.3554044378800003,3.3554044378800003,5.840889206680001,3.3554044378800003
317,0.0,0.0,0.0,0.0,0.0,3.3554044378800003,0.0,3.3554044378800003,5.840889206680001,0.0,0.0,0.0,4.72242106072,0.0,3.3554044378800003,0.0,0.0,0.0,0.0,0.0,3.3554044378800003,3.3554044378800003,0.0,3.3554044378800003
318,0.0,3.3554044378800003,0.0,0.0,0.0,5.840889206680001,3.3554044378800003,0.0,0.0,3.3554044378800003,3.3554044378800003,5.840889206680001,3.3554044378800003,3.3554044378800003,3.3554044378800003,0.0,0.0,0.0,3.3554044378800003,4.72242106072,4.72242106072,4.72242106072,4.72242106072,3.3554044378800003
319,4.72242106072,3.3554044378800003,0.0,0.0,0.0,0.0,0.0,3.3554044378800003,9.19629364456,0.0,0.0,0.0,0.0,0.0,0.0,4.72242106072,4.72242106072,5.840889206680001,4.72242106072,0.0,5.840889206680001,4.72242106072,3.3554044378800003,5.840889206680001
320,5.840889206680001,5.840889206680001,3.3554044378800003,0.0,0.0,0.0,5.840889206680001,4.72242106072,4.72242106072,4.72242106072,6.95935735264,6.95935735264,0.0,0.0,0.0,0.0,3.3554044378800003,3.3554044378800003,5.840889206680001,3.3554044378800003,5.840889206680001,0.0,6.95935735264,3.3554044378800003
321,0.0,0.0,0.0,5.840889206680001,9.19629364456,6.95935735264,0.0,4.72242106072,3.3554044378800003,4.72242106072,0.0,0.0,3.3554044378800003,3.3554044378800003,4.72242106072,9.19629364456,5.840889206680001,0.0,0.0,3.3554044378800003,5.840889206680001,5.840889206680001,3.3554044378800003,0.0
322,0.0,0.0,0.0,1.11846814596,1.11846814596,0.0,1.11846814596,0.0,1.11846814596,0.0,1.11846814596,0.0,1.11846814596,2.6926084995333337,3.1482807071466667,4.183899360813334,3.4382539301733335,4.639571568426668,4.556722076133334,4.639571568426667,4.639571568426668,3.8939261377866674,0.0,0.0
323,0.0,0.0,0.0,0.0,0.0,0.0,0.0,0.0,4.72242106072,4.72242106072,4.72242106072,3.3554044378800003,5.840889206680001,3.3554044378800003,8.077825498600001,5.840889206680001,4.72242106072,0.0,0.0,6.95935735264,5.840889206680001,5.840889206680001,0.0,0.0
324,0.0,1.11846814596,0.0,0.0,2.23693629192,2.23693629192,0.0,0.0,3.811076645493334,3.0654312148533336,1.11846814596,0.0,0.0,0.0,0.0,0.0,0.0,0.0,0.0,1.5741403535733334,0.0,1.11846814596,1.11846814596,1.5741403535733334
325,0.0,0.0,3.3554044378800003,0.0,0.0,4.72242106072,0.0,0.0,0.0,0.0,4.72242106072,3.3554044378800003,4.72242106072,6.95935735264,0.0,5.840889206680001,5.840889206680001,4.72242106072,3.3554044378800003,3.3554044378800003,0.0,0.0,0.0,0.0
326,9.19629364456,9.19629364456,5.840889206680001,4.72242106072,0.0,0.0,0.0,0.0,8.077825498600001,4.72242106072,6.95935735264,10.314761790520002,11.43322993648,4.72242106072,5.840889206680001,4.72242106072,10.314761790520002,6.95935735264,5.840889206680001,5.840889206680001,4.72242106072,5.840889206680001,8.077825498600001,11.43322993648
327,4.72242106072,4.72242106072,5.840889206680001,0.0,3.3554044378800003,3.3554044378800003,3.3554044378800003,4.72242106072,0.0,3.3554044378800003,0.0,0.0,3.3554044378800003,5.840889206680001,4.72242106072,5.840889206680001,3.3554044378800003,0.0,0.0,0.0,0.0,0.0,0.0,0.0
328,4.72242106072,3.3554044378800003,3.3554044378800003,4.72242106072,0.0,3.3554044378800003,0.0,0.0,4.72242106072,5.840889206680001,5.840889206680001,4.72242106072,0.0,0.0,4.72242106072,4.72242106072,3.3554044378800003,5.840889206680001,6.95935735264,5.840889206680001,8.077825498600001,3.3554044378800003,0.0,3.3554044378800003
329,3.3554044378800003,0.0,0.0,3.3554044378800003,0.0,5.840889206680001,4.72242106072,5.840889206680001,3.3554044378800003,0.0,0.0,3.3554044378800003,3.3554044378800003,3.3554044378800003,4.72242106072,0.0,0.0,0.0,0.0,0.0,5.840889206680001,6.95935735264,3.3554044378800003,3.3554044378800003
330,0.0,5.840889206680001,4.72242106072,5.840889206680001,5.840889206680001,9.19629364456,9.19629364456,6.95935735264,5.840889206680001,3.3554044378800003,4.72242106072,0.0,3.3554044378800003,3.3554044378800003,4.72242106072,3.3554044378800003,0.0,4.72242106072,3.3554044378800003,8.077825498600001,6.95935735264,8.077825498600001,6.95935735264,3.3554044378800003
331,5.012394283746667,5.385216999066667,3.4382539301733335,5.468066491360001,5.468066491360001,3.0654312148533336,3.0654312148533336,0.0,1.11846814596,2.23693629192,4.266748853106667,3.1482807071466667,1.9469630688933337,2.3197857842133334,0.0,1.11846814596,3.811076645493334,1.11846814596,1.5741403535733334,3.0654312148533336,3.1482807071466667,5.3852169990666665,5.468066491360001,4.72242106072
332,3.3554044378800003,4.72242106072,3.3554044378800003,0.0,0.0,0.0,0.0,0.0,0.0,4.72242106072,3.3554044378800003,0.0,0.0,0.0,0.0,0.0,4.72242106072,0.0,0.0,0.0,0.0,3.3554044378800003,4.72242106072,5.840889206680001
333,10.314761790520002,4.72242106072,6.95935735264,4.72242106072,5.840889206680001,4.72242106072,8.077825498600001,10.314761790520002,10.314761790520002,11.43322993648,10.314761790520002,11.43322993648,6.95935735264,4.72242106072,5.840889206680001,3.3554044378800003,3.3554044378800003,3.3554044378800003,3.3554044378800003,3.3554044378800003,5.840889206680001,8.077825498600001,5.840889206680001,3.3554044378800003
334,8.077825498600001,5.840889206680001,9.19629364456,5.840889206680001,6.95935735264,8.077825498600001,6.95935735264,5.840889206680001,8.077825498600001,9.19629364456,6.95935735264,4.72242106072,5.840889206680001,4.72242106072,3.3554044378800003,4.72242106072,0.0,3.3554044378800003,3.3554044378800003,3.3554044378800003,3.3554044378800003,0.0,4.72242106072,4.72242106072
335,1.11846814596,3.7282271532,0.0,3.7282271532,1.9469630688933337,4.3495983454000005,3.7282271532,3.8939261377866665,2.23693629192,2.6926084995333337,3.438253930173334,3.7282271532,0.0,4.183899360813334,1.5741403535733334,3.7282271532,0.0,1.9469630688933337,4.266748853106667,5.5923407298,4.3495983454000005,3.7282271532,3.7282271532,1.11846814596
336,5.778752087460001,5.778752087460001,5.778752087460001,5.778752087460001,5.778752087460001,5.778752087460001,4.59814682228,4.59814682228,4.59814682228,3.4175415571000003,3.4175415571000003,3.4175415571000003,3.4175415571000003,3.4175415571000003,3.4175415571000003,2.29907341114,3.4175415571000003,3.4175415571000003,2.29907341114,3.4175415571000003,3.4175415571000003,3.4175415571000003,3.4175415571000003,4.59814682228
337,0.0,0.0,0.0,3.3554044378800003,4.72242106072,3.3554044378800003,0.0,0.0,0.0,0.0,0.0,0.0,0.0,0.0,0.0,0.0,3.3554044378800003,0.0,0.0,3.3554044378800003,4.72242106072,4.72242106072,3.3554044378800003,3.3554044378800003
338,3.3554044378800003,3.3554044378800003,0.0,0.0,0.0,0.0,0.0,0.0,0.0,0.0,0.0,3.3554044378800003,3.3554044378800003,5.840889206680001,4.72242106072,3.3554044378800003,4.72242106072,8.077825498600001,6.95935735264,4.72242106072,3.3554044378800003,5.840889206680001,9.19629364456,8.077825498600001
339,1.11846814596,1.11846814596,1.11846814596,1.11846814596,1.5741403535733334,2.23693629192,0.0,2.23693629192,3.0654312148533336,1.5741403535733334,2.6926084995333337,0.0,1.11846814596,1.11846814596,0.0,2.6926084995333337,2.6926084995333337,2.23693629192,4.266748853106667,4.639571568426668,5.012394283746667,4.183899360813334,4.929544791453334,3.5211034224666675
340,2.23693629192,2.23693629192,1.11846814596,1.11846814596,0.0,0.0,0.0,1.11846814596,0.0,0.0,1.11846814596,0.0,0.0,1.11846814596,1.11846814596,1.5741403535733334,3.811076645493334,4.556722076133334,4.639571568426668,4.69480456328889,5.012394283746667,5.0123942837466675,4.183899360813334,3.8939261377866665
341,0.0,1.11846814596,1.11846814596,3.4382539301733335,2.3197857842133334,2.6926084995333337,0.0,2.23693629192,3.4382539301733335,2.6926084995333337,0.0,0.0,1.11846814596,0.0,0.0,2.23693629192,1.5741403535733334,1.11846814596,3.5211034224666675,3.0654312148533336,3.5211034224666675,3.0654312148533336,4.266748853106667,3.8939261377866674
342,8.077825498600001,3.3554044378800003,0.0,3.3554044378800003,4.72242106072,4.72242106072,4.72242106072,4.72242106072,3.3554044378800003,0.0,0.0,3.3554044378800003,0.0,3.3554044378800003,3.3554044378800003,0.0,5.840889206680001,0.0,4.72242106072,0.0,4.72242106072,3.3554044378800003,4.72242106072,5.840889206680001
343,4.72242106072,3.3554044378800003,3.3554044378800003,1.9469630688933337,0.0,1.5741403535733334,0.0,0.0,4.72242106072,3.3554044378800003,3.3554044378800003,5.840889206680001,5.840889206680001,4.72242106072,5.840889206680001,5.840889206680001,8.077825498600001,6.95935735264,8.077825498600001,8.077825498600001,10.314761790520002,10.314761790520002,10.314761790520002,12.7381094401
344,5.840889206680001,4.72242106072,0.0,5.840889206680001,6.95935735264,5.840889206680001,3.3554044378800003,3.3554044378800003,0.0,0.0,4.72242106072,0.0,3.3554044378800003,5.840889206680001,5.840889206680001,8.077825498600001,9.19629364456,10.314761790520002,9.19629364456,11.43322993648,9.19629364456,9.19629364456,10.314761790520002,8.077825498600001
345,6.95935735264,5.840889206680001,3.3554044378800003,4.72242106072,0.0,3.0654312148533336,0.0,0.0,0.0,0.0,3.3554044378800003,0.0,3.3554044378800003,4.72242106072,5.840889206680001,6.95935735264,8.077825498600001,9.19629364456,9.19629364456,8.077825498600001,9.19629364456,10.314761790520002,9.19629364456,9.19629364456
346,6.213711922000002,5.840889206680001,3.3554044378800003,3.3554044378800003,0.0,2.6926084995333337,4.72242106072,4.72242106072,0.0,0.0,0.0,3.3554044378800003,0.0,0.0,3.3554044378800003,3.3554044378800003,4.72242106072,6.95935735264,3.3554044378800003,5.840889206680001,8.077825498600001,5.840889206680001,6.95935735264,8.077825498600001
347,4.72242106072,4.72242106072,0.0,0.0,0.0,3.3554044378800003,0.0,4.72242106072,0.0,0.0,3.3554044378800003,0.0,0.0,0.0,0.0,6.95935735264,4.72242106072,9.19629364456,8.077825498600001,8.077825498600001,8.077825498600001,6.95935735264,11.43322993648,9.19629364456
348,5.5923407298,3.7282271532,3.0654312148533336,5.095243776040001,0.0,3.3554044378800003,0.0,4.72242106072,3.3554044378800003,0.0,0.0,4.72242106072,4.72242106072,4.72242106072,6.213711922000001,9.320567883,6.835083114200001,6.835083114200001,6.835083114200001,8.077825498600001,9.320567883,10.5633102674,9.320567883,8.077825498600001
349,6.95935735264,8.077825498600001,9.19629364456,12.7381094401,10.314761790520002,10.314761790520002,12.7381094401,17.21198202394,11.43322993648,13.856577586060002,13.856577586060002,10.314761790520002,12.7381094401,11.43322993648,14.975045732020002,11.43322993648,11.43322993648,12.7381094401,10.314761790520002,11.43322993648,11.43322993648,11.43322993648,19.697466792740002,23.052871230620003
350,9.19629364456,6.95935735264,6.95935735264,9.19629364456,6.95935735264,8.077825498600001,9.19629364456,8.077825498600001,9.19629364456,8.077825498600001,8.077825498600001,8.077825498600001,8.077825498600001,9.19629364456,9.19629364456,11.43322993648,10.314761790520002,5.840889206680001,6.95935735264,11.43322993648,9.19629364456,5.840889206680001,4.72242106072,0.0
351,6.95935735264,4.72242106072,9.19629364456,8.077825498600001,9.19629364456,6.95935735264,10.314761790520002,9.19629364456,6.95935735264,9.19629364456,12.7381094401,11.43322993648,13.856577586060002,14.975045732020002,16.09351387798,16.09351387798,20.8159349387,17.21198202394,18.3304501699,19.697466792740002,19.697466792740002,18.3304501699,14.975045732020002,12.7381094401
352,11.43322993648,11.43322993648,8.077825498600001,6.95935735264,8.077825498600001,5.840889206680001,5.840889206680001,0.0,9.19629364456,6.95935735264,4.72242106072,4.72242106072,5.840889206680001,3.3554044378800003,4.72242106072,0.0,0.0,0.0,0.0,0.0,0.0,6.95935735264,5.840889206680001,8.077825498600001
353,9.19629364456,8.077825498600001,5.840889206680001,4.72242106072,0.0,0.0,3.3554044378800003,0.0,3.3554044378800003,5.840889206680001,0.0,0.0,4.72242106072,0.0,4.72242106072,3.3554044378800003,4.72242106072,4.72242106072,0.0,4.72242106072,3.3554044378800003,4.72242106072,9.19629364456,8.077825498600001
354,5.468066491360001,5.3161757554888895,3.811076645493334,2.23693629192,2.6926084995333337,3.244938448155556,3.0654312148533336,3.811076645493334,1.11846814596,0.0,2.3197857842133334,4.211515858244445,3.1482807071466667,2.23693629192,6.130862429706667,2.23693629192,1.11846814596,5.191901517048889,2.6926084995333337,2.6926084995333337,2.23693629192,2.6926084995333337,0.0,5.903026325900001
355,14.975045732020002,11.43322993648,10.314761790520002,8.077825498600001,9.19629364456,10.314761790520002,10.314761790520002,9.19629364456,4.72242106072,8.077825498600001,5.840889206680001,5.840889206680001,0.0,4.72242106072,5.840889206680001,4.72242106072,5.840889206680001,3.3554044378800003,4.72242106072,4.72242106072,3.3554044378800003,16.09351387798,17.21198202394,13.856577586060002
356,3.3554044378800003,3.3554044378800003,3.3554044378800003,3.3554044378800003,0.0,4.72242106072,0.0,0.0,0.0,0.0,4.72242106072,3.3554044378800003,3.3554044378800003,0.0,0.0,3.3554044378800003,0.0,0.0,4.72242106072,0.0,0.0,3.3554044378800003,4.72242106072,0.0
357,4.72242106072,4.72242106072,5.840889206680001,4.72242106072,0.0,5.840889206680001,4.72242106072,4.72242106072,0.0,0.0,4.72242106072,6.95935735264,8.077825498600001,6.95935735264,8.077825498600001,9.19629364456,8.077825498600001,10.314761790520002,12.7381094401,11.43322993648,6.95935735264,10.314761790520002,6.95935735264,9.19629364456
358,5.840889206680001,6.897220233420001,5.778752087460001,6.95935735264,4.59814682228,4.59814682228,5.840889206680001,4.59814682228,5.778752087460001,3.3554044378800003,5.778752087460001,6.897220233420001,0.0,5.778752087460001,5.778752087460001,5.840889206680001,5.778752087460001,5.778752087460001,0.0,6.897220233420001,6.897220233420001,4.72242106072,6.897220233420001,8.077825498600001
359,11.122544340380001,6.1101500566333335,8.429935840846667,7.705002783280001,8.036400752453334,6.917932606493333,5.840889206680001,3.1068559610000004,6.565822264246667,6.130862429706667,5.7373273413133345,4.618859195353333,1.9469630688933337,4.618859195353334,6.565822264246667,4.266748853106667,1.9262506958200003,3.0447188417800004,0.0,6.192999548926667,8.802758556166667,10.00407619442,13.0487950362,11.578216547993335
360,21.934403084659998,20.8159349387,9.19629364456,6.95935735264,8.077825498600001,11.43322993648,6.95935735264,5.840889206680001,6.95935735264,9.19629364456,3.3554044378800003,9.19629364456,8.077825498600001,3.3554044378800003,3.3554044378800003,8.077825498600001,6.95935735264,0.0,8.077825498600001,4.72242106072,3.3554044378800003,4.72242106072,4.72242106072,6.95935735264
361,0.0,0.0,3.3554044378800003,0.0,0.0,0.0,3.3554044378800003,3.3554044378800003,0.0,3.3554044378800003,3.3554044378800003,4.72242106072,0.0,0.0,0.0,4.72242106072,4.72242106072,0.0,0.0,0.0,5.840889206680001,3.3554044378800003,6.95935735264,4.72242106072
362,10.314761790520002,6.95935735264,9.19629364456,4.72242106072,4.72242106072,0.0,3.3554044378800003,4.72242106072,3.3554044378800003,6.95935735264,8.077825498600001,6.95935735264,0.0,4.72242106072,6.95935735264,6.95935735264,6.95935735264,0.0,5.840889206680001,0.0,13.856577586060002,20.8159349387,21.934403084659998,17.21198202394
363,10.314761790520002,9.19629364456,12.7381094401,11.43322993648,12.7381094401,10.314761790520002,6.95935735264,8.077825498600001,10.314761790520002,11.43322993648,11.43322993648,4.72242106072,8.077825498600001,6.95935735264,8.077825498600001,12.7381094401,21.934403084659998,25.289807522540002,5.840889206680001,9.19629364456,25.289807522540002,14.975045732020002,36.90944881668,38.027916962640006
364,4.72242106072,4.72242106072,0.0,3.3554044378800003,0.0,6.95935735264,5.840889206680001,5.840889206680001,5.840889206680001,0.0,3.3554044378800003,3.3554044378800003,0.0,0.0,0.0,4.72242106072,0.0,3.3554044378800003,5.840889206680001,0.0,5.840889206680001,4.72242106072,6.95935735264,5.840889206680001
365,8.429935840846667,4.183899360813334,3.66609003398,4.556722076133334,1.2013176382533335,3.0654312148533336,4.183899360813334,2.8375951110466673,4.78455817994,4.929544791453334,4.121762241593333,2.3197857842133334,4.639571568426668,3.0654312148533336,2.23693629192,2.9825817225600004,3.5211034224666675,2.837595111046667,1.8641135766,5.385216999066667,6.3586985335133335,3.8939261377866674,4.41173546462,8.347086348553333
366,10.314761790520002,4.72242106072,0.0,4.72242106072,4.72242106072,4.72242106072,4.72242106072,5.840889206680001,0.0,4.72242106072,4.72242106072,3.3554044378800003,4.72242106072,4.72242106072,5.840889206680001,3.3554044378800003,3.3554044378800003,0.0,3.3554044378800003,0.0,0.0,3.3554044378800003,5.840889206680001,5.840889206680001
367,14.975045732020002,7.82927702172,2.9204446033400004,8.94774516768,3.6039529147600002,4.47387258384,3.3554044378800003,2.67189612646,2.67189612646,1.9883878150400003,2.9204446033400004,2.23693629192,5.840889206680001,2.23693629192,1.9883878150400003,3.106855961,1.3670166228400003,0.43495983454,2.23693629192,8.077825498600001,8.51278533314,5.840889206680001,5.157380895260001,7.58072854484
368,0.0,0.0,0.0,0.0,0.0,0.0,0.0,0.0,0.0,0.0,0.0,0.0,3.3554044378800003,0.0,4.72242106072,4.72242106072,0.0,0.0,0.0,0.0,3.3554044378800003,5.840889206680001,3.3554044378800003,4.72242106072
369,6.503685145026668,8.01568837938,7.774044026857779,3.8939261377866674,3.341596189164445,3.590144666044445,2.7202249969644448,2.8444992354044447,3.024006468706667,4.515297329986667,1.4498661151333334,4.1010498685200005,3.4382539301733335,1.9469630688933337,2.6926084995333337,5.09524377604,2.1402785509111113,2.9825817225600004,6.876507860346668,8.077825498600001,7.2079058295200005,10.004076194420001,6.938644979566668,10.004076194420001
370,9.19629364456,4.72242106072,5.840889206680001,3.3554044378800003,8.077825498600001,6.95935735264,5.840889206680001,8.077825498600001,6.95935735264,5.840889206680001,5.840889206680001,5.840889206680001,4.72242106072,8.077825498600001,4.72242106072,4.72242106072,4.72242106072,5.840889206680001,3.3554044378800003,5.840889206680001,12.7381094401,10.314761790520002,8.077825498600001,11.43322993648
371,9.19629364456,4.72242106072,0.0,0.0,0.0,3.3554044378800003,0.0,4.72242106072,0.0,3.3554044378800003,0.0,0.0,0.0,0.0,0.0,0.0,0.0,0.0,0.0,5.840889206680001,6.95935735264,3.3554044378800003,9.19629364456,9.19629364456
372,9.19629364456,6.95935735264,5.840889206680001,3.3554044378800003,8.077825498600001,3.3554044378800003,0.0,3.3554044378800003,0.0,3.3554044378800003,4.72242106072,5.840889206680001,5.840889206680001,4.72242106072,9.19629364456,3.3554044378800003,5.840889206680001,3.3554044378800003,16.09351387798,17.21198202394,11.43322993648,17.21198202394,20.8159349387,17.21198202394
373,5.840889206680001,6.95935735264,0.0,0.0,0.0,0.0,4.72242106072,0.0,0.0,0.0,4.72242106072,0.0,0.0,4.72242106072,3.3554044378800003,5.840889206680001,4.72242106072,0.0,5.840889206680001,6.95935735264,10.314761790520002,16.09351387798,17.21198202394,12.7381094401
374,5.840889206680001,6.95935735264,8.077825498600001,4.72242106072,6.95935735264,6.95935735264,3.3554044378800003,3.3554044378800003,0.0,0.0,0.0,5.840889206680001,3.3554044378800003,4.72242106072,3.3554044378800003,5.840889206680001,3.3554044378800003,3.3554044378800003,0.0,0.0,0.0,0.0,0.0,0.0
375,10.314761790520002,10.314761790520002,11.43322993648,8.077825498600001,8.077825498600001,10.314761790520002,5.840889206680001,4.72242106072,4.72242106072,4.72242106072,8.077825498600001,4.72242106072,4.72242106072,10.314761790520002,11.43322993648,5.840889206680001,4.72242106072,5.840889206680001,3.3554044378800003,0.0,0.0,3.3554044378800003,0.0,3.3554044378800003
376,8.077825498600001,8.077825498600001,9.19629364456,9.19629364456,10.314761790520002,5.840889206680001,3.3554044378800003,3.3554044378800003,3.3554044378800003,5.840889206680001,3.3554044378800003,6.95935735264,4.72242106072,6.95935735264,6.95935735264,5.840889206680001,0.0,0.0,6.95935735264,5.840889206680001,4.72242106072,3.3554044378800003,0.0,3.3554044378800003
377,6.95935735264,5.840889206680001,4.72242106072,5.840889206680001,5.840889206680001,11.43322993648,5.840889206680001,3.3554044378800003,0.0,0.0,4.72242106072,4.72242106072,6.95935735264,3.3554044378800003,6.95935735264,5.840889206680001,5.840889206680001,5.840889206680001,5.840889206680001,5.840889206680001,4.72242106072,3.3554044378800003,0.0,0.0
378,9.19629364456,9.19629364456,11.43322993648,8.077825498600001,5.840889206680001,5.840889206680001,0.0,0.0,0.0,3.3554044378800003,0.0,0.0,0.0,3.3554044378800003,3.3554044378800003,4.72242106072,8.077825498600001,6.95935735264,6.95935735264,6.95935735264,8.077825498600001,3.3554044378800003,4.72242106072,3.3554044378800003
379,10.314761790520002,14.975045732020002,11.43322993648,10.314761790520002,11.43322993648,9.19629364456,8.077825498600001,3.3554044378800003,0.0,0.0,3.3554044378800003,8.077825498600001,0.0,5.840889206680001,0.0,9.19629364456,3.3554044378800003,4.72242106072,4.72242106072,5.840889206680001,4.72242106072,4.72242106072,3.3554044378800003,0.0
380,14.975045732020002,9.19629364456,10.314761790520002,13.856577586060002,10.314761790520002,6.95935735264,0.0,0.0,4.72242106072,6.95935735264,0.0,4.72242106072,0.0,0.0,3.3554044378800003,0.0,4.72242106072,8.077825498600001,9.19629364456,8.077825498600001,8.077825498600001,5.840889206680001,5.840889206680001,4.72242106072
381,4.72242106072,4.72242106072,5.840889206680001,4.72242106072,4.72242106072,3.3554044378800003,4.72242106072,3.3554044378800003,0.0,0.0,0.0,0.0,3.3554044378800003,3.3554044378800003,0.0,3.3554044378800003,0.0,4.72242106072,0.0,3.3554044378800003,0.0,0.0,4.72242106072,4.72242106072
382,10.314761790520002,9.19629364456,6.95935735264,4.72242106072,6.95935735264,3.3554044378800003,4.72242106072,3.3554044378800003,3.3554044378800003,3.3554044378800003,3.3554044378800003,8.077825498600001,3.3554044378800003,8.077825498600001,6.95935735264,0.0,0.0,10.314761790520002,6.95935735264,8.077825498600001,5.840889206680001,5.840889206680001,3.3554044378800003,0.0
383,10.314761790520002,8.077825498600001,9.19629364456,10.314761790520002,9.19629364456,6.95935735264,6.95935735264,4.72242106072,6.95935735264,3.3554044378800003,0.0,3.3554044378800003,6.95935735264,4.72242106072,6.95935735264,4.72242106072,5.840889206680001,9.19629364456,3.3554044378800003,8.077825498600001,0.0,5.840889206680001,5.840889206680001,0.0
384,8.077825498600001,3.3554044378800003,5.840889206680001,5.840889206680001,4.72242106072,0.0,0.0,0.0,0.0,0.0,3.3554044378800003,3.3554044378800003,0.0,0.0,0.0,0.0,0.0,6.95935735264,5.840889206680001,5.840889206680001,4.72242106072,4.72242106072,0.0,0.0
385,3.3554044378800003,0.0,0.0,3.3554044378800003,3.3554044378800003,6.95935735264,6.95935735264,3.3554044378800003,4.72242106072,4.72242106072,5.840889206680001,0.0,0.0,0.0,4.72242106072,3.3554044378800003,3.3554044378800003,0.0,3.3554044378800003,3.3554044378800003,5.840889206680001,4.72242106072,5.840889206680001,0.0
386,4.72242106072,0.0,6.95935735264,4.72242106072,4.72242106072,0.0,3.3554044378800003,0.0,3.3554044378800003,5.840889206680001,3.3554044378800003,4.72242106072,0.0,0.0,0.0,0.0,3.3554044378800003,3.3554044378800003,3.3554044378800003,3.3554044378800003,0.0,6.95935735264,5.840889206680001,6.95935735264
387,4.72242106072,3.3554044378800003,3.3554044378800003,0.0,6.95935735264,5.840889206680001,4.72242106072,0.0,0.0,0.0,0.0,0.0,4.72242106072,5.840889206680001,3.3554044378800003,0.0,0.0,0.0,0.0,5.840889206680001,8.077825498600001,9.19629364456,4.72242106072,3.3554044378800003
388,4.266748853106667,3.5211034224666675,1.11846814596,2.6926084995333337,4.183899360813334,5.84088920668,6.9593573526400005,5.840889206680001,2.6926084995333337,4.266748853106667,5.385216999066667,2.6926084995333337,1.5741403535733334,4.183899360813334,3.5211034224666675,4.639571568426667,1.11846814596,3.0654312148533336,4.266748853106667,5.012394283746667,1.11846814596,1.11846814596,0.0,2.23693629192
389,3.3554044378800003,4.72242106072,0.0,4.72242106072,0.0,0.0,5.840889206680001,0.0,3.3554044378800003,5.840889206680001,0.0,0.0,0.0,0.0,3.3554044378800003,0.0,0.0,4.72242106072,0.0,0.0,0.0,0.0,3.3554044378800003,0.0
390,0.0,4.72242106072,0.0,0.0,0.0,0.0,0.0,0.0,5.840889206680001,0.0,0.0,0.0,0.0,4.72242106072,0.0,4.72242106072,0.0,0.0,0.0,0.0,3.3554044378800003,0.0,0.0,0.0
391,6.95935735264,0.0,3.3554044378800003,0.0,0.0,0.0,0.0,0.0,4.72242106072,5.840889206680001,0.0,0.0,0.0,0.0,0.0,3.3554044378800003,4.72242106072,3.3554044378800003,0.0,4.72242106072,6.95935735264,5.840889206680001,3.3554044378800003,0.0
392,8.077825498600001,6.835083114200001,8.077825498600001,5.5923407298,5.758039714386666,5.012394283746667,3.8939261377866665,2.6926084995333337,2.3197857842133334,1.11846814596,1.5741403535733334,5.5923407298,5.5923407298,1.5741403535733334,2.3197857842133334,6.835083114200001,3.7282271532,11.8060526518,6.835083114200001,8.077825498600001,4.3495983454000005,3.7282271532,3.7282271532,0.0
393,5.840889206680001,5.840889206680001,4.72242106072,3.3554044378800003,4.72242106072,3.3554044378800003,3.3554044378800003,3.3554044378800003,3.3554044378800003,4.72242106072,3.3554044378800003,3.3554044378800003,4.72242106072,0.0,4.72242106072,3.3554044378800003,3.3554044378800003,3.3554044378800003,4.72242106072,0.0,3.3554044378800003,4.72242106072,3.3554044378800003,6.95935735264
394,4.72242106072,5.840889206680001,8.077825498600001,8.077825498600001,9.19629364456,9.19629364456,11.43322993648,10.314761790520002,11.43322993648,12.7381094401,13.856577586060002,9.19629364456,9.19629364456,8.077825498600001,6.95935735264,9.19629364456,11.43322993648,9.19629364456,10.314761790520002,12.7381094401,13.856577586060002,10.314761790520002,10.314761790520002,10.314761790520002
395,5.840889206680001,5.840889206680001,4.72242106072,6.95935735264,6.95935735264,5.840889206680001,6.95935735264,9.19629364456,6.95935735264,4.72242106072,0.0,4.72242106072,5.840889206680001,0.0,5.840889206680001,3.3554044378800003,5.840889206680001,4.72242106072,4.72242106072,8.077825498600001,5.840889206680001,8.077825498600001,5.840889206680001,3.3554044378800003
396,4.72242106072,3.3554044378800003,3.3554044378800003,0.0,3.3554044378800003,0.0,0.0,0.0,0.0,0.0,3.3554044378800003,4.72242106072,4.72242106072,3.3554044378800003,4.72242106072,4.72242106072,8.077825498600001,6.95935735264,0.0,3.3554044378800003,3.3554044378800003,0.0,0.0,0.0
397,0.0,4.72242106072,4.72242106072,6.95935735264,3.3554044378800003,5.840889206680001,4.72242106072,3.3554044378800003,0.0,4.72242106072,0.0,4.72242106072,3.3554044378800003,3.3554044378800003,0.0,0.0,0.0,4.72242106072,3.3554044378800003,3.3554044378800003,3.3554044378800003,4.72242106072,3.3554044378800003,5.840889206680001
398,3.3554044378800003,0.0,4.72242106072,3.3554044378800003,0.0,4.72242106072,0.0,0.0,4.72242106072,0.0,0.0,0.0,3.3554044378800003,0.0,0.0,3.3554044378800003,5.840889206680001,0.0,0.0,4.72242106072,3.3554044378800003,0.0,3.3554044378800003,4.72242106072
399,0.0,0.0,4.72242106072,3.3554044378800003,0.0,4.72242106072,0.0,0.0,0.0,0.0,0.0,3.3554044378800003,3.3554044378800003,3.3554044378800003,3.3554044378800003,0.0,4.72242106072,4.72242106072,3.3554044378800003,0.0,0.0,0.0,3.3554044378800003,3.3554044378800003
400,4.72242106072,5.840889206680001,4.72242106072,4.72242106072,9.19629364456,9.19629364456,10.314761790520002,10.314761790520002,8.077825498600001,6.95935735264,8.077825498600001,6.95935735264,4.72242106072,3.3554044378800003,0.0,4.72242106072,5.840889206680001,8.077825498600001,6.95935735264,8.077825498600001,8.077825498600001,6.95935735264,6.95935735264,4.72242106072
401,2.23693629192,0.0,1.11846814596,1.11846814596,0.0,1.9469630688933337,1.5741403535733334,1.9469630688933337,1.11846814596,0.0,1.11846814596,1.11846814596,1.11846814596,1.11846814596,1.5741403535733334,0.0,0.0,1.11846814596,0.0,2.3197857842133334,4.266748853106667,5.468066491360001,2.23693629192,1.11846814596
402,0.0,4.72242106072,6.95935735264,8.077825498600001,4.72242106072,6.95935735264,8.077825498600001,8.077825498600001,4.72242106072,5.840889206680001,5.840889206680001,3.3554044378800003,4.72242106072,3.3554044378800003,3.3554044378800003,6.95935735264,9.19629364456,8.077825498600001,6.95935735264,8.077825498600001,6.95935735264,6.95935735264,4.72242106072,3.3554044378800003
403,3.3554044378800003,8.077825498600001,6.95935735264,8.077825498600001,5.840889206680001,9.19629364456,10.314761790520002,10.314761790520002,11.43322993648,10.314761790520002,6.95935735264,5.840889206680001,5.840889206680001,3.3554044378800003,4.72242106072,4.72242106072,8.077825498600001,8.077825498600001,8.077825498600001,10.314761790520002,9.19629364456,10.314761790520002,5.840889206680001,6.95935735264
404,0.0,3.3554044378800003,3.3554044378800003,3.3554044378800003,4.72242106072,0.0,0.0,0.0,3.3554044378800003,0.0,0.0,0.0,0.0,3.3554044378800003,0.0,0.0,4.72242106072,5.840889206680001,5.840889206680001,6.95935735264,6.95935735264,3.3554044378800003,4.72242106072,4.72242106072
405,6.95935735264,5.840889206680001,4.72242106072,3.3554044378800003,3.3554044378800003,4.72242106072,0.0,0.0,0.0,0.0,0.0,3.3554044378800003,3.3554044378800003,0.0,0.0,5.840889206680001,4.72242106072,6.95935735264,3.3554044378800003,5.840889206680001,8.077825498600001,4.72242106072,4.72242106072,3.3554044378800003
406,0.0,0.0,5.840889206680001,0.0,0.0,3.3554044378800003,0.0,0.0,0.0,3.3554044378800003,3.3554044378800003,3.3554044378800003,0.0,0.0,0.0,3.3554044378800003,5.840889206680001,9.19629364456,9.19629364456,6.95935735264,5.840889206680001,5.840889206680001,9.19629364456,9.19629364456
407,4.72242106072,4.72242106072,4.72242106072,6.95935735264,4.72242106072,4.72242106072,4.72242106072,4.72242106072,3.3554044378800003,3.3554044378800003,3.3554044378800003,0.0,0.0,4.72242106072,0.0,3.3554044378800003,3.3554044378800003,0.0,0.0,3.3554044378800003,4.72242106072,3.3554044378800003,4.72242106072,3.3554044378800003
408,0.0,4.556722076133334,9.19629364456,9.19629364456,7.705002783280001,9.25843076378,9.631253479100002,8.512785333140002,9.25843076378,8.077825498600001,5.840889206680001,4.639571568426668,1.11846814596,3.0654312148533336,4.639571568426668,6.58653463732,6.95935735264,5.5923407298,6.835083114200001,9.320567883,9.320567883,6.835083114200001,6.213711922000001,4.266748853106667
409,5.840889206680001,8.077825498600001,6.95935735264,9.19629364456,9.19629364456,9.19629364456,8.077825498600001,5.840889206680001,3.3554044378800003,0.0,0.0,3.3554044378800003,0.0,0.0,0.0,4.72242106072,5.840889206680001,6.95935735264,6.95935735264,9.19629364456,9.19629364456,9.19629364456,5.840889206680001,4.72242106072
410,8.077825498600001,6.95935735264,9.19629364456,10.314761790520002,9.19629364456,12.7381094401,12.7381094401,12.7381094401,12.7381094401,8.077825498600001,5.840889206680001,4.72242106072,3.3554044378800003,5.840889206680001,5.840889206680001,6.95935735264,10.314761790520002,8.077825498600001,9.19629364456,8.077825498600001,10.314761790520002,9.19629364456,5.840889206680001,4.72242106072
411,9.19629364456,8.077825498600001,5.840889206680001,0.0,5.840889206680001,4.72242106072,3.3554044378800003,0.0,0.0,4.72242106072,3.3554044378800003,0.0,3.3554044378800003,3.3554044378800003,6.95935735264,9.19629364456,10.314761790520002,11.43322993648,16.09351387798,13.856577586060002,14.975045732020002,13.856577586060002,13.856577586060002,12.7381094401
412,0.0,0.0,5.840889206680001,3.3554044378800003,0.0,4.72242106072,3.3554044378800003,4.72242106072,0.0,0.0,0.0,3.3554044378800003,0.0,4.72242106072,4.72242106072,6.95935735264,8.077825498600001,9.19629364456,6.95935735264,5.840889206680001,5.840889206680001,8.077825498600001,5.840889206680001,10.314761790520002
413,4.266748853106667,4.183899360813334,5.012394283746667,5.385216999066667,4.639571568426667,5.758039714386668,5.3852169990666665,8.45064821392,6.876507860346667,10.004076194420001,8.51278533314,8.45064821392,8.450648213920001,9.25843076378,10.004076194420001,10.74972162506,10.376898909740001,12.67597232088,11.495367055700001,14.975045732020002,14.16726318216,14.975045732020002,12.738109440099999,9.25843076378
414,3.3554044378800003,3.3554044378800003,4.72242106072,3.3554044378800003,0.0,0.0,0.0,0.0,0.0,0.0,0.0,0.0,3.3554044378800003,3.3554044378800003,3.3554044378800003,0.0,3.3554044378800003,5.840889206680001,9.19629364456,8.077825498600001,4.72242106072,4.72242106072,0.0,6.95935735264
415,4.72242106072,3.8110766454933334,3.8110766454933334,4.929544791453334,3.4382539301733335,5.385216999066667,6.213711922000001,5.840889206680001,6.9593573526400005,6.213711922000002,5.385216999066667,4.639571568426667,6.58653463732,6.9593573526400005,6.9593573526400005,8.82347092924,11.930326890240002,10.74972162506,11.495367055700001,13.421617751520001,11.495367055700001,10.004076194420001,9.9419390752,10.31476179052
416,4.72242106072,3.3554044378800003,0.0,4.72242106072,4.72242106072,4.72242106072,4.72242106072,4.72242106072,4.72242106072,6.95935735264,5.840889206680001,5.840889206680001,3.3554044378800003,6.95935735264,5.840889206680001,6.95935735264,8.077825498600001,9.19629364456,10.314761790520002,9.19629364456,8.077825498600001,9.19629364456,9.19629364456,5.840889206680001
417,5.840889206680001,3.3554044378800003,6.95935735264,8.077825498600001,9.19629364456,8.077825498600001,5.840889206680001,11.43322993648,11.43322993648,12.7381094401,12.7381094401,10.314761790520002,11.43322993648,12.7381094401,13.856577586060002,14.975045732020002,14.975045732020002,17.21198202394,12.7381094401,16.09351387798,17.21198202394,14.975045732020002,12.7381094401,12.7381094401
418,4.72242106072,3.3554044378800003,5.840889206680001,8.077825498600001,5.840889206680001,8.077825498600001,10.314761790520002,10.314761790520002,8.077825498600001,8.077825498600001,10.314761790520002,10.314761790520002,8.077825498600001,3.3554044378800003,5.840889206680001,9.19629364456,12.7381094401,12.7381094401,13.856577586060002,12.7381094401,13.856577586060002,16.09351387798,11.43322993648,10.314761790520002
419,6.95935735264,5.840889206680001,5.840889206680001,6.95935735264,8.077825498600001,6.95935735264,9.19629364456,8.077825498600001,10.314761790520002,8.077825498600001,8.077825498600001,11.43322993648,8.077825498600001,9.19629364456,8.077825498600001,11.43322993648,10.314761790520002,14.975045732020002,17.21198202394,14.975045732020002,18.3304501699,16.09351387798,16.09351387798,11.43322993648
420,4.72242106072,5.840889206680001,8.077825498600001,3.3554044378800003,9.19629364456,5.840889206680001,8.077825498600001,9.19629364456,8.077825498600001,6.95935735264,5.840889206680001,6.95935735264,12.7381094401,13.856577586060002,9.19629364456,12.7381094401,16.09351387798,17.21198202394,17.21198202394,18.3304501699,17.21198202394,18.3304501699,16.09351387798,14.975045732020002
421,8.077825498600001,6.95935735264,11.43322993648,10.314761790520002,12.7381094401,13.856577586060002,16.09351387798,13.856577586060002,13.856577586060002,18.3304501699,16.09351387798,12.7381094401,13.856577586060002,14.975045732020002,11.43322993648,14.975045732020002,17.21198202394,18.3304501699,17.21198202394,21.934403084659998,16.09351387798,19.697466792740002,18.3304501699,12.7381094401
422,6.95935735264,8.077825498600001,8.077825498600001,8.077825498600001,11.43322993648,9.19629364456,8.077825498600001,8.077825498600001,5.840889206680001,11.43322993648,9.19629364456,5.840889206680001,8.077825498600001,4.72242106072,3.3554044378800003,8.077825498600001,13.856577586060002,14.975045732020002,16.09351387798,14.975045732020002,18.3304501699,14.975045732020002,13.856577586060002,13.856577586060002
423,3.811076645493334,5.840889206680001,6.565822264246667,7.767139902500001,8.45064821392,8.077825498600001,6.95935735264,4.72242106072,10.314761790520002,10.314761790520002,9.19629364456,8.077825498600001,10.314761790520002,6.95935735264,11.43322993648,12.7381094401,10.314761790520002,11.43322993648,11.43322993648,18.3304501699,20.8159349387,19.697466792740002,17.21198202394,8.077825498600001
424,0.0,3.3554044378800003,4.72242106072,4.72242106072,0.0,3.3554044378800003,3.3554044378800003,5.840889206680001,5.840889206680001,9.19629364456,5.840889206680001,6.95935735264,8.077825498600001,8.077825498600001,9.19629364456,8.077825498600001,8.077825498600001,12.7381094401,11.43322993648,16.09351387798,13.856577586060002,14.975045732020002,12.7381094401,6.95935735264
425,8.077825498600001,12.7381094401,12.7381094401,12.7381094401,9.19629364456,14.975045732020002,12.7381094401,13.856577586060002,13.856577586060002,12.7381094401,11.43322993648,11.43322993648,12.7381094401,16.09351387798,10.314761790520002,13.856577586060002,13.856577586060002,13.856577586060002,16.09351387798,13.856577586060002,16.09351387798,18.3304501699,19.697466792740002,9.19629364456
426,5.840889206680001,8.077825498600001,3.3554044378800003,0.0,3.3554044378800003,3.8939261377866674,3.3554044378800003,3.3554044378800003,3.3554044378800003,0.0,0.0,2.3197857842133334,4.72242106072,0.0,0.0,0.0,3.3554044378800003,3.8939261377866665,0.0,0.0,3.3554044378800003,0.0,0.0,8.51278533314
427,4.639571568426668,5.012394283746667,1.5741403535733334,3.811076645493334,1.9469630688933337,0.0,1.5741403535733334,1.9469630688933337,5.758039714386666,6.213711922000001,12.7381094401,12.7381094401,4.72242106072,3.438253930173334,8.077825498600001,5.840889206680001,6.95935735264,5.840889206680001,0.0,5.840889206680001,3.3554044378800003,11.43322993648,9.19629364456,9.19629364456
428,8.077825498600001,5.840889206680001,0.0,3.3554044378800003,5.840889206680001,0.0,0.0,0.0,8.077825498600001,4.72242106072,3.3554044378800003,6.95935735264,0.0,0.0,3.3554044378800003,4.72242106072,4.72242106072,8.077825498600001,3.3554044378800003,12.7381094401,8.077825498600001,10.314761790520002,10.314761790520002,8.077825498600001
429,8.077825498600001,11.43322993648,10.314761790520002,13.856577586060002,13.856577586060002,11.06040722116,14.975045732020002,16.09351387798,13.856577586060002,13.856577586060002,13.856577586060002,9.631253479100002,12.7381094401,11.43322993648,8.077825498600001,10.314761790520002,5.840889206680001,11.43322993648,13.856577586060002,14.975045732020002,12.7381094401,8.077825498600001,9.19629364456,10.74972162506
430,5.840889206680001,4.72242106072,0.0,3.3554044378800003,6.95935735264,9.19629364456,5.840889206680001,0.0,9.19629364456,5.840889206680001,8.077825498600001,8.077825498600001,9.19629364456,0.0,8.077825498600001,6.95935735264,4.72242106072,3.3554044378800003,3.3554044378800003,4.72242106072,3.3554044378800003,10.314761790520002,6.95935735264,9.19629364456
431,3.3554044378800003,0.0,0.0,5.840889206680001,8.077825498600001,8.077825498600001,10.314761790520002,3.3554044378800003,9.19629364456,9.19629364456,11.43322993648,9.19629364456,0.0,9.19629364456,10.314761790520002,0.0,0.0,5.840889206680001,0.0,0.0,6.95935735264,8.077825498600001,5.840889206680001,6.95935735264
432,4.59814682228,5.778752087460001,5.778752087460001,8.077825498600001,8.077825498600001,8.077825498600001,8.077825498600001,8.077825498600001,8.077825498600001,8.077825498600001,8.077825498600001,8.077825498600001,9.19629364456,8.077825498600001,8.077825498600001,9.19629364456,9.19629364456,9.19629364456,8.077825498600001,9.19629364456,9.19629364456,9.19629364456,9.19629364456,8.077825498600001
433,0.0,3.3554044378800003,8.077825498600001,9.19629364456,8.077825498600001,5.840889206680001,0.0,3.3554044378800003,9.19629364456,8.077825498600001,6.95935735264,0.0,5.840889206680001,4.72242106072,3.3554044378800003,4.72242106072,0.0,3.3554044378800003,3.3554044378800003,0.0,0.0,3.3554044378800003,4.72242106072,5.840889206680001
434,13.856577586060002,8.077825498600001,9.19629364456,4.72242106072,6.95935735264,0.0,0.0,3.3554044378800003,5.840889206680001,3.3554044378800003,5.840889206680001,9.19629364456,8.077825498600001,4.72242106072,0.0,8.077825498600001,0.0,8.077825498600001,10.314761790520002,10.314761790520002,11.43322993648,6.95935735264,9.19629364456,8.077825498600001
435,5.840889206680001,5.840889206680001,0.0,0.0,3.3554044378800003,3.3554044378800003,6.95935735264,0.0,4.72242106072,3.3554044378800003,0.0,4.72242106072,3.3554044378800003,3.3554044378800003,0.0,3.3554044378800003,4.72242106072,4.72242106072,0.0,3.3554044378800003,0.0,6.95935735264,6.95935735264,6.95935735264
436,3.8939261377866665,3.8939261377866674,1.9469630688933337,3.8939261377866665,6.959357352640001,8.45064821392,8.45064821392,8.429935840846667,5.737327341313333,10.376898909740001,6.482972771953334,4.929544791453334,9.25843076378,10.376898909740001,8.429935840846667,6.586534637320001,3.8939261377866665,0.0,5.012394283746667,10.43903602896,11.930326890240002,10.666872132766668,8.057113125526667,8.429935840846667
437,4.72242106072,6.95935735264,4.72242106072,0.0,0.0,0.0,0.0,0.0,3.3554044378800003,4.72242106072,4.72242106072,4.72242106072,0.0,3.3554044378800003,3.3554044378800003,4.72242106072,4.72242106072,0.0,0.0,0.0,0.0,0.0,0.0,0.0
438,12.7381094401,9.19629364456,8.077825498600001,9.19629364456,12.7381094401,8.077825498600001,9.19629364456,13.856577586060002,8.077825498600001,10.314761790520002,10.314761790520002,5.840889206680001,5.840889206680001,6.95935735264,5.840889206680001,10.314761790520002,5.840889206680001,4.72242106072,5.840889206680001,5.840889206680001,8.077825498600001,18.3304501699,13.856577586060002,11.43322993648
439,1.5741403535733334,1.11846814596,0.0,0.0,1.11846814596,0.0,0.0,0.0,0.0,0.0,0.0,0.0,0.0,0.0,0.0,2.3197857842133334,2.23693629192,0.0,1.11846814596,1.5741403535733334,3.1482807071466667,4.3495983454000005,6.835083114200001,6.835083114200001
440,0.0,4.72242106072,0.0,3.3554044378800003,0.0,0.0,0.0,0.0,0.0,0.0,3.3554044378800003,5.840889206680001,5.840889206680001,5.840889206680001,4.72242106072,5.840889206680001,0.0,0.0,0.0,3.3554044378800003,5.840889206680001,4.72242106072,3.3554044378800003,3.3554044378800003
441,3.3554044378800003,3.3554044378800003,3.3554044378800003,0.0,0.0,0.0,3.3554044378800003,3.3554044378800003,0.0,0.0,4.72242106072,0.0,3.3554044378800003,0.0,0.0,0.0,3.3554044378800003,0.0,0.0,0.0,4.72242106072,4.72242106072,4.72242106072,0.0
442,20.8159349387,19.697466792740002,10.314761790520002,6.95935735264,8.077825498600001,9.19629364456,6.95935735264,10.314761790520002,11.43322993648,11.43322993648,6.95935735264,4.72242106072,4.72242106072,9.19629364456,5.840889206680001,4.72242106072,3.3554044378800003,6.95935735264,3.3554044378800003,27.713155172120004,25.289807522540002,18.3304501699,25.289807522540002,24.17133937658
443,4.72242106072,5.840889206680001,0.0,6.95935735264,10.314761790520002,11.43322993648,10.314761790520002,12.7381094401,17.21198202394,14.975045732020002,16.09351387798,11.43322993648,10.314761790520002,16.09351387798,10.314761790520002,9.19629364456,4.72242106072,0.0,3.3554044378800003,12.7381094401,16.09351387798,10.314761790520002,8.077825498600001,0.0
444,4.59814682228,3.4175415571000003,3.4175415571000003,2.29907341114,3.4175415571000003,3.4175415571000003,4.59814682228,4.59814682228,4.59814682228,4.59814682228,4.59814682228,4.59814682228,3.4175415571000003,4.59814682228,4.59814682228,4.59814682228,4.59814682228,5.778752087460001,4.59814682228,5.778752087460001,5.778752087460001,5.778752087460001,5.778752087460001,5.778752087460001
445,0.0,0.0,0.0,0.0,0.0,0.0,3.3554044378800003,0.0,3.3554044378800003,3.3554044378800003,3.3554044378800003,3.3554044378800003,4.72242106072,0.0,0.0,5.840889206680001,0.0,0.0,0.0,0.0,3.3554044378800003,0.0,0.0,17.21198202394
446,4.639571568426668,2.5683342610933337,2.0988538047644445,1.4912908612800002,2.595950758524445,3.590144666044445,4.584338573564445,2.0988538047644445,1.4498661151333334,2.5683342610933337,3.686802407053334,2.9825817225600004,2.6926084995333337,0.0,1.11846814596,2.6926084995333337,2.9687734738444447,4.1010498685200005,2.9825817225600004,5.09524377604,5.716614968239999,7.33218006796,7.33218006796,9.341280256073334
447,0.0,0.0,0.0,4.72242106072,4.72242106072,0.0,4.72242106072,4.72242106072,5.840889206680001,5.840889206680001,5.840889206680001,6.95935735264,3.3554044378800003,0.0,4.72242106072,4.72242106072,0.0,0.0,5.840889206680001,4.72242106072,4.72242106072,0.0,4.72242106072,3.3554044378800003
448,3.3554044378800003,4.72242106072,0.0,4.72242106072,0.0,0.0,0.0,4.72242106072,3.3554044378800003,0.0,4.72242106072,0.0,5.840889206680001,4.72242106072,0.0,0.0,3.3554044378800003,0.0,0.0,5.840889206680001,6.95935735264,4.72242106072,5.840889206680001,6.95935735264
449,0.0,12.7381094401,9.19629364456,9.19629364456,12.7381094401,11.43322993648,3.3554044378800003,0.0,4.72242106072,5.840889206680001,6.95935735264,4.72242106072,3.3554044378800003,0.0,4.72242106072,5.840889206680001,5.840889206680001,5.840889206680001,4.72242106072,0.0,5.840889206680001,6.95935735264,14.975045732020002,21.934403084659998
450,5.840889206680001,4.72242106072,3.3554044378800003,4.639571568426667,2.6926084995333337,0.0,0.0,0.0,3.3554044378800003,0.0,0.0,0.0,5.840889206680001,0.0,0.0,0.0,0.0,0.0,0.0,4.3495983454000005,4.72242106072,3.7282271532,3.3554044378800003,4.72242106072
451,9.19629364456,6.95935735264,5.840889206680001,3.3554044378800003,3.3554044378800003,0.0,4.72242106072,0.0,4.72242106072,4.72242106072,3.3554044378800003,4.72242106072,0.0,5.840889206680001,3.3554044378800003,6.95935735264,4.72242106072,4.72242106072,6.95935735264,4.72242106072,4.72242106072,4.72242106072,3.3554044378800003,0.0
452,10.314761790520002,5.840889206680001,11.43322993648,10.314761790520002,12.7381094401,13.856577586060002,9.19629364456,10.314761790520002,6.95935735264,5.840889206680001,8.077825498600001,6.95935735264,6.95935735264,8.077825498600001,8.077825498600001,5.840889206680001,4.72242106072,4.72242106072,3.3554044378800003,5.840889206680001,4.72242106072,4.72242106072,4.72242106072,4.72242106072
453,16.09351387798,16.09351387798,10.314761790520002,9.19629364456,17.21198202394,14.975045732020002,11.43322993648,8.077825498600001,4.72242106072,5.840889206680001,9.19629364456,6.95935735264,9.19629364456,9.19629364456,5.840889206680001,6.95935735264,5.840889206680001,5.840889206680001,5.840889206680001,5.840889206680001,5.840889206680001,5.840889206680001,6.95935735264,6.95935735264
454,14.975045732020002,13.856577586060002,11.43322993648,10.314761790520002,4.72242106072,10.314761790520002,5.840889206680001,6.95935735264,5.840889206680001,4.72242106072,6.95935735264,4.72242106072,4.72242106072,5.840889206680001,0.0,0.0,0.0,4.72242106072,6.95935735264,5.840889206680001,6.95935735264,4.72242106072,0.0,0.0
455,17.398393381600002,14.9129086128,9.320567883,10.5633102674,5.5923407298,8.077825498600001,5.758039714386668,6.213711922000001,3.5211034224666675,3.5211034224666675,3.7282271532,3.7282271532,4.3495983454000005,7.70500278328,3.8110766454933334,3.7282271532,0.0,1.5741403535733334,3.8939261377866665,3.7282271532,5.012394283746667,6.938644979566668,4.246036480033333,2.3197857842133334
456,9.320567883,12.427423844,9.320567883,6.835083114200001,10.5633102674,8.51278533314,8.45064821392,8.450648213920001,7.705002783280001,8.077825498600001,4.3495983454000005,6.835083114200001,4.3495983454000005,1.5741403535733334,5.84088920668,5.5923407298,6.9593573526400005,4.266748853106667,8.077825498600001,5.385216999066667,6.213711922000001,3.1482807071466667,0.0,0.0
457,14.975045732020002,11.43322993648,16.09351387798,6.95935735264,8.077825498600001,8.077825498600001,3.3554044378800003,6.95935735264,5.840889206680001,6.95935735264,9.19629364456,6.95935735264,6.95935735264,4.72242106072,4.72242106072,3.3554044378800003,0.0,3.3554044378800003,0.0,6.95935735264,5.840889206680001,4.72242106072,3.3554044378800003,0.0
458,10.314761790520002,18.3304501699,8.077825498600001,10.314761790520002,10.314761790520002,12.7381094401,3.3554044378800003,6.95935735264,5.840889206680001,12.7381094401,5.840889206680001,4.72242106072,0.0,0.0,0.0,3.3554044378800003,0.0,4.72242106072,0.0,4.72242106072,4.72242106072,4.72242106072,5.840889206680001,6.95935735264
459,13.856577586060002,12.7381094401,14.975045732020002,16.09351387798,13.856577586060002,17.21198202394,11.43322993648,11.43322993648,10.314761790520002,10.314761790520002,10.314761790520002,9.19629364456,3.3554044378800003,4.72242106072,3.3554044378800003,0.0,5.840889206680001,0.0,3.3554044378800003,4.72242106072,6.95935735264,5.840889206680001,5.840889206680001,4.72242106072
460,10.004076194420001,9.320567883,5.5923407298,12.427423844,8.077825498600001,4.3495983454000005,6.9593573526400005,3.4382539301733335,6.130862429706667,5.84088920668,5.5923407298,5.5923407298,3.8939261377866674,0.0,2.23693629192,0.0,1.5741403535733334,3.8939261377866674,12.427423844,7.705002783280001,5.012394283746667,5.5923407298,5.5923407298,5.5923407298
461,9.19629364456,11.43322993648,6.95935735264,6.95935735264,11.43322993648,5.840889206680001,6.95935735264,0.0,4.72242106072,0.0,5.840889206680001,4.72242106072,3.3554044378800003,4.72242106072,0.0,4.72242106072,4.72242106072,5.840889206680001,8.077825498600001,5.840889206680001,4.72242106072,3.3554044378800003,0.0,0.0
462,4.59814682228,4.59814682228,4.59814682228,3.4175415571000003,4.59814682228,4.59814682228,3.4175415571000003,4.59814682228,4.59814682228,3.4175415571000003,5.778752087460001,5.778752087460001,5.778752087460001,6.897220233420001,6.897220233420001,8.077825498600001,10.37689890974,11.495367055700001,12.67597232088,12.67597232088,11.495367055700001,11.495367055700001,10.37689890974,9.19629364456
463,8.077825498600001,11.43322993648,10.314761790520002,5.840889206680001,6.95935735264,6.95935735264,0.0,4.72242106072,0.0,3.3554044378800003,4.72242106072,0.0,0.0,3.3554044378800003,0.0,5.840889206680001,9.19629364456,9.19629364456,8.077825498600001,8.077825498600001,6.95935735264,8.077825498600001,3.3554044378800003,0.0
464,8.077825498600001,10.314761790520002,6.95935735264,5.840889206680001,5.840889206680001,4.72242106072,0.0,8.077825498600001,3.3554044378800003,5.840889206680001,8.077825498600001,9.19629364456,4.72242106072,3.3554044378800003,0.0,0.0,5.840889206680001,9.19629364456,9.19629364456,9.19629364456,5.840889206680001,5.840889206680001,0.0,0.0
465,10.314761790520002,9.19629364456,9.19629364456,8.077825498600001,6.95935735264,5.840889206680001,0.0,0.0,0.0,0.0,0.0,4.72242106072,5.840889206680001,3.3554044378800003,0.0,3.3554044378800003,3.3554044378800003,8.077825498600001,10.314761790520002,9.19629364456,6.95935735264,3.3554044378800003,0.0,3.3554044378800003
466,11.930326890240002,11.868189771019999,8.885608048460002,9.631253479100002,5.012394283746667,5.3852169990666665,3.8939261377866665,4.266748853106667,6.213711922000001,3.8939261377866674,5.385216999066667,4.183899360813334,4.639571568426668,3.811076645493334,6.586534637320001,3.8939261377866665,5.385216999066667,6.192999548926667,8.885608048460002,4.929544791453334,5.7373273413133345,9.631253479100002,8.057113125526667,12.30314960556
467,9.19629364456,3.3554044378800003,6.95935735264,8.077825498600001,4.72242106072,3.3554044378800003,0.0,0.0,3.3554044378800003,3.3554044378800003,4.72242106072,3.3554044378800003,5.840889206680001,4.72242106072,6.95935735264,9.19629364456,9.19629364456,9.19629364456,10.314761790520002,4.72242106072,6.95935735264,9.19629364456,5.840889206680001,3.3554044378800003
468,14.975045732020002,17.21198202394,9.19629364456,17.21198202394,5.840889206680001,10.314761790520002,8.077825498600001,5.840889206680001,4.72242106072,4.72242106072,4.72242106072,3.3554044378800003,4.72242106072,0.0,0.0,0.0,4.72242106072,4.72242106072,5.840889206680001,3.3554044378800003,4.72242106072,4.72242106072,3.3554044378800003,8.077825498600001
469,6.95935735264,8.077825498600001,6.95935735264,5.840889206680001,4.72242106072,5.840889206680001,4.72242106072,3.3554044378800003,4.72242106072,6.95935735264,4.72242106072,0.0,3.3554044378800003,3.3554044378800003,4.72242106072,3.3554044378800003,0.0,0.0,4.72242106072,6.95935735264,5.840889206680001,0.0,3.3554044378800003,0.0
470,8.077825498600001,5.840889206680001,4.72242106072,4.72242106072,6.95935735264,8.077825498600001,5.840889206680001,8.077825498600001,5.840889206680001,6.95935735264,5.840889206680001,3.3554044378800003,4.72242106072,5.840889206680001,6.95935735264,9.19629364456,13.856577586060002,9.19629364456,9.19629364456,9.19629364456,10.314761790520002,8.077825498600001,4.72242106072,3.3554044378800003
471,6.95935735264,3.3554044378800003,4.72242106072,9.19629364456,9.19629364456,6.95935735264,8.077825498600001,8.077825498600001,6.95935735264,8.077825498600001,9.19629364456,8.077825498600001,8.077825498600001,8.077825498600001,8.077825498600001,11.43322993648,13.856577586060002,14.975045732020002,16.09351387798,13.856577586060002,11.43322993648,10.314761790520002,10.314761790520002,8.077825498600001
472,8.077825498600001,8.077825498600001,6.897220233420001,6.897220233420001,5.778752087460001,4.59814682228,3.4175415571000003,3.4175415571000003,3.4175415571000003,4.59814682228,4.59814682228,4.59814682228,3.4175415571000003,3.4175415571000003,3.4175415571000003,3.4175415571000003,4.59814682228,5.778752087460001,6.897220233420001,6.897220233420001,5.778752087460001,4.59814682228,4.59814682228,4.59814682228
473,10.74972162506,7.33218006796,3.8939261377866674,3.0654312148533336,2.6926084995333337,3.5211034224666675,5.095243776040001,2.8168827379733337,2.6926084995333337,3.8939261377866665,3.0654312148533336,3.5211034224666675,2.6926084995333337,3.8939261377866674,3.3554044378800003,5.385216999066667,6.130862429706667,4.266748853106667,5.758039714386666,5.758039714386666,5.012394283746667,3.5211034224666675,4.183899360813334,0.37282271532000005
474,0.0,0.0,3.3554044378800003,8.077825498600001,9.19629364456,9.19629364456,11.43322993648,8.077825498600001,8.077825498600001,5.840889206680001,11.43322993648,12.7381094401,11.43322993648,11.43322993648,8.077825498600001,11.43322993648,13.856577586060002,13.856577586060002,12.7381094401,13.856577586060002,13.856577586060002,10.314761790520002,8.077825498600001,4.72242106072
475,4.72242106072,0.0,3.3554044378800003,4.72242106072,9.19629364456,10.314761790520002,10.314761790520002,10.314761790520002,6.95935735264,8.077825498600001,5.840889206680001,8.077825498600001,6.95935735264,6.95935735264,8.077825498600001,10.314761790520002,12.7381094401,11.43322993648,16.09351387798,14.975045732020002,10.314761790520002,11.43322993648,8.077825498600001,3.3554044378800003
476,4.72242106072,4.72242106072,0.0,5.840889206680001,4.72242106072,6.95935735264,3.3554044378800003,5.758039714386666,10.314761790520002,11.43322993648,10.314761790520002,13.856577586060002,12.7381094401,10.314761790520002,12.7381094401,11.43322993648,12.7381094401,6.95935735264,4.72242106072,8.077825498600001,10.314761790520002,8.077825498600001,0.0,3.3554044378800003
477,4.72242106072,4.72242106072,5.840889206680001,6.95935735264,4.72242106072,0.0,0.0,4.59814682228,0.0,0.0,0.0,4.72242106072,4.72242106072,6.897220233420001,5.840889206680001,6.95935735264,8.077825498600001,5.840889206680001,4.72242106072,13.670166228400001,16.09351387798,10.314761790520002,9.19629364456,9.19629364456
478,8.077825498600001,4.72242106072,0.0,0.0,0.0,4.72242106072,4.72242106072,3.7282271532,0.0,0.0,0.0,0.0,0.0,5.2609427606266665,3.3554044378800003,3.3554044378800003,3.3554044378800003,0.0,0.0,3.3554044378800003,3.3554044378800003,0.0,3.3554044378800003,0.0
479,9.19629364456,9.19629364456,10.314761790520002,11.43322993648,17.21198202394,10.314761790520002,13.856577586060002,12.7381094401,12.7381094401,8.077825498600001,12.7381094401,10.314761790520002,5.840889206680001,6.95935735264,8.077825498600001,9.19629364456,14.975045732020002,11.43322993648,17.21198202394,14.975045732020002,14.975045732020002,12.7381094401,10.314761790520002,10.314761790520002
480,8.077825498600001,12.7381094401,10.314761790520002,11.43322993648,16.09351387798,13.856577586060002,6.95935735264,4.72242106072,4.72242106072,4.72242106072,0.0,0.0,3.3554044378800003,4.72242106072,6.95935735264,6.95935735264,10.314761790520002,12.7381094401,12.7381094401,14.975045732020002,16.09351387798,11.43322993648,9.19629364456,5.840889206680001
481,6.95935735264,8.077825498600001,9.19629364456,9.19629364456,6.95935735264,4.72242106072,3.3554044378800003,4.72242106072,5.840889206680001,5.840889206680001,3.3554044378800003,4.72242106072,4.72242106072,5.840889206680001,9.19629364456,10.314761790520002,13.856577586060002,17.21198202394,16.09351387798,13.856577586060002,18.3304501699,14.975045732020002,16.09351387798,12.7381094401
482,10.314761790520002,4.639571568426668,8.077825498600001,6.95935735264,10.314761790520002,14.975045732020002,17.21198202394,19.8838781504,19.697466792740002,14.975045732020002,13.856577586060002,12.7381094401,6.95935735264,2.6926084995333337,8.077825498600001,11.43322993648,11.43322993648,12.7381094401,13.856577586060002,12.427423844,12.7381094401,10.314761790520002,8.077825498600001,8.077825498600001
483,9.19629364456,9.19629364456,13.856577586060002,11.43322993648,10.314761790520002,18.3304501699,14.975045732020002,11.43322993648,10.314761790520002,14.975045732020002,16.09351387798,9.19629364456,10.314761790520002,8.077825498600001,6.95935735264,12.7381094401,11.43322993648,11.43322993648,18.3304501699,13.856577586060002,12.7381094401,13.856577586060002,13.856577586060002,11.43322993648
484,13.856577586060002,8.077825498600001,11.43322993648,14.975045732020002,16.09351387798,11.43322993648,13.856577586060002,19.697466792740002,11.43322993648,11.43322993648,9.19629364456,6.95935735264,8.077825498600001,9.19629364456,9.19629364456,10.314761790520002,11.43322993648,13.856577586060002,12.7381094401,14.975045732020002,12.7381094401,12.7381094401,9.19629364456,10.314761790520002
485,4.72242106072,4.72242106072,10.314761790520002,6.95935735264,8.077825498600001,8.077825498600001,9.19629364456,12.7381094401,14.975045732020002,18.3304501699,16.09351387798,9.19629364456,10.314761790520002,9.19629364456,10.314761790520002,9.19629364456,11.43322993648,11.43322993648,12.7381094401,12.7381094401,11.43322993648,11.43322993648,5.840889206680001,4.72242106072
486,3.3554044378800003,3.7282271532,4.72242106072,8.077825498600001,4.72242106072,5.840889206680001,10.314761790520002,11.8060526518,13.856577586060002,19.697466792740002,12.7381094401,12.7381094401,8.077825498600001,11.495367055700001,14.975045732020002,11.43322993648,12.7381094401,14.975045732020002,14.975045732020002,13.670166228400001,13.856577586060002,12.7381094401,10.314761790520002,5.840889206680001
487,0.0,4.72242106072,3.3554044378800003,0.0,4.72242106072,6.95935735264,6.95935735264,3.3554044378800003,6.95935735264,5.840889206680001,8.077825498600001,5.840889206680001,9.19629364456,11.43322993648,9.19629364456,6.95935735264,8.077825498600001,9.19629364456,5.840889206680001,5.840889206680001,4.72242106072,4.72242106072,4.72242106072,3.3554044378800003
488,3.3554044378800003,0.0,4.72242106072,5.840889206680001,5.840889206680001,9.19629364456,12.7381094401,13.856577586060002,14.975045732020002,18.3304501699,19.697466792740002,13.856577586060002,10.314761790520002,11.43322993648,11.43322993648,16.09351387798,10.314761790520002,10.314761790520002,12.7381094401,13.856577586060002,12.7381094401,10.314761790520002,9.19629364456,6.95935735264
489,6.130862429706667,4.266748853106667,4.266748853106667,6.130862429706667,6.9593573526400005,6.9593573526400005,7.705002783280001,8.51278533314,10.004076194420001,9.631253479100002,10.004076194420001,10.00407619442,8.88560804846,10.004076194420001,10.74972162506,12.61383520166,13.815152839913333,14.540085897480003,15.285731328119999,15.34786844734,17.584804739260004,13.794440466840001,12.303149605560002,9.19629364456
490,4.72242106072,6.95935735264,8.077825498600001,8.077825498600001,8.077825498600001,4.72242106072,4.72242106072,5.840889206680001,8.077825498600001,8.077825498600001,9.19629364456,10.314761790520002,8.077825498600001,10.314761790520002,10.314761790520002,13.856577586060002,13.856577586060002,16.09351387798,16.09351387798,18.3304501699,20.8159349387,18.3304501699,12.7381094401,6.95935735264
491,8.077825498600001,11.43322993648,11.43322993648,9.19629364456,12.7381094401,8.077825498600001,10.314761790520002,12.7381094401,10.314761790520002,11.43322993648,8.077825498600001,11.43322993648,8.077825498600001,12.7381094401,12.7381094401,11.43322993648,14.975045732020002,13.856577586060002,17.21198202394,16.09351387798,16.09351387798,14.975045732020002,10.314761790520002,10.314761790520002
492,6.95935735264,6.95935735264,9.19629364456,6.95935735264,13.856577586060002,11.43322993648,5.840889206680001,6.95935735264,6.95935735264,6.95935735264,6.95935735264,5.840889206680001,4.72242106072,4.72242106072,8.077825498600001,8.077825498600001,11.43322993648,10.314761790520002,13.856577586060002,13.856577586060002,10.314761790520002,9.19629364456,12.7381094401,9.19629364456
493,8.077825498600001,13.856577586060002,16.09351387798,11.43322993648,6.95935735264,6.95935735264,8.077825498600001,10.314761790520002,9.19629364456,9.19629364456,9.19629364456,10.314761790520002,10.314761790520002,11.43322993648,12.7381094401,13.856577586060002,18.3304501699,18.3304501699,19.697466792740002,18.3304501699,12.7381094401,13.856577586060002,13.856577586060002,10.314761790520002
494,5.840889206680001,9.19629364456,10.314761790520002,6.95935735264,9.19629364456,9.19629364456,8.077825498600001,11.43322993648,11.43322993648,10.314761790520002,11.43322993648,11.43322993648,10.314761790520002,11.43322993648,14.975045732020002,12.7381094401,13.856577586060002,13.856577586060002,14.975045732020002,16.09351387798,16.09351387798,18.3304501699,16.09351387798,11.43322993648
495,13.856577586060002,10.314761790520002,13.856577586060002,18.3304501699,16.09351387798,13.856577586060002,10.314761790520002,11.43322993648,11.43322993648,14.975045732020002,11.43322993648,14.975045732020002,14.975045732020002,17.21198202394,18.3304501699,20.8159349387,16.09351387798,17.21198202394,20.8159349387,17.21198202394,18.3304501699,18.3304501699,14.975045732020002,16.09351387798
496,10.314761790520002,11.43322993648,12.7381094401,9.19629364456,9.19629364456,10.314761790520002,11.43322993648,8.077825498600001,12.7381094401,10.314761790520002,12.7381094401,12.7381094401,11.43322993648,9.19629364456,11.43322993648,13.856577586060002,13.856577586060002,13.856577586060002,10.314761790520002,10.314761790520002,14.975045732020002,11.43322993648,12.7381094401,10.314761790520002
497,9.19629364456,12.7381094401,13.856577586060002,11.43322993648,14.975045732020002,13.856577586060002,17.21198202394,17.21198202394,14.975045732020002,16.09351387798,13.856577586060002,14.975045732020002,18.3304501699,13.856577586060002,16.09351387798,16.09351387798,21.934403084659998,16.09351387798,21.934403084659998,19.697466792740002,16.09351387798,13.856577586060002,14.975045732020002,10.314761790520002
498,13.856577586060002,10.314761790520002,9.19629364456,11.43322993648,12.7381094401,10.314761790520002,11.43322993648,12.7381094401,8.077825498600001,10.314761790520002,11.43322993648,10.314761790520002,13.856577586060002,12.7381094401,14.975045732020002,12.7381094401,12.7381094401,18.3304501699,17.21198202394,14.975045732020002,17.21198202394,13.856577586060002,14.975045732020002,12.7381094401
499,10.314761790520002,11.43322993648,10.314761790520002,11.43322993648,16.09351387798,13.856577586060002,11.43322993648,12.7381094401,10.314761790520002,11.43322993648,10.314761790520002,10.314761790520002,9.19629364456,11.43322993648,16.09351387798,13.856577586060002,14.975045732020002,13.856577586060002,12.7381094401,10.314761790520002,12.7381094401,16.09351387798,13.856577586060002,9.19629364456
500,17.21198202394,18.3304501699,17.21198202394,21.934403084659998,24.17133937658,20.8159349387,19.697466792740002,20.8159349387,18.3304501699,16.09351387798,12.7381094401,12.7381094401,12.7381094401,11.43322993648,16.09351387798,16.09351387798,14.975045732020002,11.43322993648,12.7381094401,9.19629364456,9.19629364456,9.19629364456,14.975045732020002,13.856577586060002
501,11.55750417492,9.56911635988,10.004076194420001,11.122544340380001,12.303149605560002,11.495367055700001,11.86818977102,12.303149605560002,10.37689890974,12.241012486340002,12.241012486339999,11.122544340380001,13.421617751520001,12.67597232088,11.495367055700001,10.43903602896,12.675972320880001,13.794440466840001,14.975045732020002,12.675972320880001,13.421617751520001,11.495367055700001,14.540085897480003,10.811858744280002
502,6.95935735264,8.077825498600001,11.43322993648,9.19629364456,11.43322993648,8.077825498600001,8.077825498600001,6.95935735264,5.840889206680001,6.95935735264,5.840889206680001,8.077825498600001,6.95935735264,6.95935735264,4.72242106072,6.95935735264,9.19629364456,11.43322993648,8.077825498600001,11.43322993648,11.43322993648,12.7381094401,12.7381094401,6.95935735264
503,3.811076645493334,3.1482807071466667,0.0,4.266748853106667,5.012394283746667,5.468066491360001,5.3852169990666665,5.3852169990666665,3.811076645493334,5.385216999066667,3.438253930173334,2.6926084995333337,1.5741403535733334,3.0654312148533336,3.5211034224666675,4.183899360813334,1.11846814596,3.0654312148533336,4.266748853106667,3.4382539301733335,0.0,1.11846814596,0.0,1.11846814596
504,16.09351387798,19.697466792740002,19.697466792740002,23.052871230620003,23.052871230620003,21.934403084659998,23.052871230620003,20.8159349387,18.3304501699,9.19629364456,8.077825498600001,10.314761790520002,5.840889206680001,11.43322993648,9.19629364456,11.43322993648,13.856577586060002,12.7381094401,13.856577586060002,16.09351387798,18.3304501699,13.856577586060002,9.19629364456,10.314761790520002
505,12.7381094401,11.43322993648,17.21198202394,16.09351387798,14.975045732020002,20.8159349387,21.934403084659998,18.3304501699,14.975045732020002,11.43322993648,12.7381094401,11.43322993648,9.19629364456,11.43322993648,6.95935735264,9.19629364456,9.19629364456,11.43322993648,11.43322993648,11.43322993648,11.43322993648,9.19629364456,8.077825498600001,10.314761790520002
506,11.495367055700001,12.241012486340002,10.74972162506,13.0487950362,14.602223016700002,14.6022230167,13.421617751520001,14.229400301380002,12.303149605560002,12.675972320880001,11.495367055700001,12.675972320880001,13.421617751520001,12.98665791698,11.495367055700001,13.0487950362,12.675972320880001,14.975045732020002,13.048795036200003,13.856577586060004,10.74972162506,9.941939075200002,13.732303347619998,11.495367055700001
507,9.19629364456,11.43322993648,10.314761790520002,10.314761790520002,10.314761790520002,11.43322993648,12.7381094401,5.840889206680001,11.43322993648,10.314761790520002,10.314761790520002,10.314761790520002,11.43322993648,12.7381094401,4.72242106072,6.95935735264,6.95935735264,8.077825498600001,12.7381094401,18.3304501699,20.8159349387,19.697466792740002,13.421617751520001,9.19629364456
508,6.95935735264,5.840889206680001,5.840889206680001,8.077825498600001,0.0,0.0,5.840889206680001,4.72242106072,5.840889206680001,0.0,0.0,4.72242106072,3.3554044378800003,4.72242106072,5.840889206680001,0.0,0.0,4.72242106072,4.72242106072,3.3554044378800003,5.840889206680001,6.95935735264,4.72242106072,3.3554044378800003
509,11.43322993648,8.077825498600001,10.314761790520002,18.3304501699,6.95935735264,16.09351387798,0.0,18.3304501699,6.95935735264,12.7381094401,16.09351387798,11.43322993648,19.697466792740002,28.831623318080002,19.697466792740002,20.8159349387,24.17133937658,18.3304501699,29.950091464040003,29.950091464040003,20.8159349387,20.8159349387,20.8159349387,11.43322993648
510,8.077825498600001,12.7381094401,8.077825498600001,9.19629364456,6.95935735264,6.95935735264,11.43322993648,16.09351387798,17.21198202394,10.314761790520002,13.856577586060002,16.09351387798,18.3304501699,13.856577586060002,12.7381094401,12.7381094401,5.840889206680001,9.19629364456,5.840889206680001,8.077825498600001,11.43322993648,9.19629364456,9.19629364456,8.077825498600001
511,17.21198202394,16.09351387798,14.975045732020002,14.975045732020002,17.21198202394,11.43322993648,12.7381094401,10.314761790520002,8.077825498600001,11.43322993648,9.19629364456,9.19629364456,16.09351387798,24.17133937658,11.43322993648,17.21198202394,23.052871230620003,21.934403084659998,27.713155172120004,23.052871230620003,21.934403084659998,21.934403084659998,18.3304501699,14.975045732020002
512,6.95935735264,3.3554044378800003,6.95935735264,6.95935735264,5.840889206680001,11.43322993648,6.95935735264,9.19629364456,11.43322993648,11.43322993648,14.975045732020002,6.95935735264,10.314761790520002,8.077825498600001,10.314761790520002,6.95935735264,9.19629364456,8.077825498600001,8.077825498600001,9.19629364456,10.314761790520002,8.077825498600001,6.95935735264,8.077825498600001
513,9.19629364456,3.3554044378800003,8.077825498600001,0.0,9.19629364456,3.3554044378800003,3.3554044378800003,18.3304501699,12.7381094401,11.43322993648,21.934403084659998,20.8159349387,5.840889206680001,10.314761790520002,13.856577586060002,18.3304501699,18.3304501699,19.697466792740002,28.831623318080002,13.856577586060002,10.314761790520002,14.975045732020002,13.856577586060002,19.697466792740002
514,26.4082756685,25.289807522540002,24.17133937658,34.42396404788,31.06855961,31.06855961,28.831623318080002,26.4082756685,36.90944881668,33.305495901920004,26.4082756685,28.831623318080002,29.950091464040003,35.79098067072,27.713155172120004,26.4082756685,25.289807522540002,26.4082756685,31.06855961,26.4082756685,18.3304501699,19.697466792740002,17.21198202394,12.7381094401
515,5.840889206680001,8.077825498600001,10.314761790520002,8.077825498600001,5.840889206680001,4.72242106072,4.72242106072,3.3554044378800003,6.95935735264,5.840889206680001,10.314761790520002,0.0,0.0,0.0,0.0,0.0,3.3554044378800003,0.0,0.0,0.0,9.19629364456,3.3554044378800003,4.72242106072,0.0
516,0.0,4.72242106072,8.077825498600001,9.19629364456,10.314761790520002,9.19629364456,10.314761790520002,11.43322993648,5.840889206680001,9.19629364456,11.43322993648,12.7381094401,17.21198202394,11.43322993648,10.314761790520002,8.077825498600001,10.314761790520002,13.856577586060002,11.43322993648,12.7381094401,9.19629364456,10.314761790520002,13.856577586060002,17.21198202394
517,31.06855961,34.42396404788,25.289807522540002,20.8159349387,12.7381094401,33.305495901920004,25.289807522540002,14.975045732020002,23.052871230620003,32.18702775596,24.17133937658,36.90944881668,21.934403084659998,4.72242106072,13.856577586060002,17.21198202394,9.19629364456,10.314761790520002,19.697466792740002,26.4082756685,28.831623318080002,25.289807522540002,27.713155172120004,31.06855961
518,6.95935735264,4.72242106072,5.840889206680001,3.3554044378800003,5.840889206680001,4.72242106072,5.840889206680001,8.802758556166667,6.95935735264,3.3554044378800003,3.3554044378800003,0.0,3.3554044378800003,0.0,5.840889206680001,8.077825498600001,9.19629364456,10.314761790520002,6.95935735264,3.3554044378800003,10.314761790520002,9.19629364456,5.840889206680001,6.95935735264
519,4.72242106072,3.3554044378800003,0.0,0.0,5.840889206680001,10.314761790520002,4.72242106072,4.72242106072,5.840889206680001,3.3554044378800003,6.95935735264,5.840889206680001,4.72242106072,8.077825498600001,19.697466792740002,5.840889206680001,6.95935735264,6.95935735264,8.077825498600001,0.0,24.17133937658,17.21198202394,12.7381094401,14.975045732020002
520,5.840889206680001,8.077825498600001,8.077825498600001,3.3554044378800003,9.19629364456,4.72242106072,3.3554044378800003,6.95935735264,3.3554044378800003,10.314761790520002,10.314761790520002,11.43322993648,8.077825498600001,6.95935735264,3.3554044378800003,0.0,18.3304501699,18.3304501699,18.3304501699,17.21198202394,17.21198202394,23.052871230620003,13.856577586060002,4.72242106072
521,13.856577586060002,12.7381094401,12.7381094401,12.7381094401,13.856577586060002,20.8159349387,21.934403084659998,20.8159349387,20.8159349387,23.052871230620003,20.8159349387,20.8159349387,25.289807522540002,24.17133937658,24.17133937658,23.052871230620003,27.713155172120004,21.934403084659998,20.8159349387,19.697466792740002,31.06855961,26.4082756685,16.09351387798,18.3304501699
522,3.3554044378800003,3.3554044378800003,0.0,0.0,0.0,0.0,0.0,3.3554044378800003,0.0,0.0,3.3554044378800003,0.0,0.0,4.72242106072,3.3554044378800003,0.0,0.0,0.0,8.077825498600001,4.72242106072,6.95935735264,5.840889206680001,5.840889206680001,6.95935735264
523,0.0,0.0,0.0,0.0,0.0,6.95935735264,6.95935735264,8.077825498600001,8.077825498600001,5.840889206680001,4.72242106072,4.72242106072,3.3554044378800003,3.3554044378800003,3.3554044378800003,0.0,0.0,0.0,0.0,0.0,3.3554044378800003,0.0,17.21198202394,14.975045732020002
524,10.314761790520002,10.314761790520002,9.19629364456,11.43322993648,5.840889206680001,11.43322993648,3.3554044378800003,5.840889206680001,5.840889206680001,3.3554044378800003,4.72242106072,6.95935735264,0.0,0.0,0.0,0.0,4.72242106072,5.840889206680001,4.72242106072,13.856577586060002,12.7381094401,9.19629364456,13.856577586060002,14.975045732020002
525,0.0,4.72242106072,0.0,4.72242106072,4.72242106072,3.3554044378800003,0.0,3.3554044378800003,3.3554044378800003,0.0,0.0,3.3554044378800003,0.0,5.840889206680001,3.3554044378800003,4.72242106072,0.0,0.0,3.3554044378800003,3.3554044378800003,0.0,17.21198202394,16.09351387798,11.43322993648
526,3.0654312148533336,7.39431718718,4.3495983454000005,3.7282271532,5.364504625993334,3.8110766454933334,0.0,1.5741403535733334,1.11846814596,0.0,1.5741403535733334,3.0654312148533336,3.8939261377866674,2.6926084995333337,0.0,1.11846814596,8.077825498600001,3.0654312148533336,8.077825498600001,4.3495983454000005,4.3495983454000005,4.3495983454000005,5.5923407298,8.077825498600001
527,8.077825498600001,5.302367506773334,5.385216999066667,7.994976006306668,8.139962617819998,11.474654682626669,8.802758556166667,6.130862429706667,7.3321800679599995,6.503685145026668,8.88560804846,8.429935840846667,8.429935840846667,7.311467694886667,6.565822264246667,14.622935389773334,19.987440015766666,24.89627243414667,19.17965746590667,21.168045280946668,20.360262731086667,22.30722579998,20.298125611866666,20.07028950806
528,5.840889206680001,5.840889206680001,5.840889206680001,5.840889206680001,4.72242106072,3.3554044378800003,0.0,0.0,3.3554044378800003,5.840889206680001,4.72242106072,5.840889206680001,6.95935735264,6.95935735264,4.72242106072,4.72242106072,5.840889206680001,0.0,3.3554044378800003,3.3554044378800003,8.077825498600001,6.95935735264,4.72242106072,4.72242106072
529,6.95935735264,6.95935735264,3.3554044378800003,4.72242106072,3.3554044378800003,0.0,0.0,4.72242106072,0.0,0.0,0.0,4.72242106072,0.0,3.3554044378800003,3.3554044378800003,0.0,4.72242106072,3.3554044378800003,0.0,3.3554044378800003,0.0,0.0,0.0,3.3554044378800003
530,8.077825498600001,4.3495983454000005,1.5741403535733334,1.11846814596,1.9469630688933337,2.6926084995333337,3.4382539301733335,1.5741403535733334,4.3495983454000005,4.3495983454000005,4.3495983454000005,5.5923407298,2.6926084995333337,0.0,1.11846814596,2.6926084995333337,3.0654312148533336,5.5923407298,5.5923407298,10.5633102674,12.427423844,10.5633102674,8.077825498600001,10.5633102674
531,9.69339059832,10.99827010194,8.13996261782,8.202099737040001,5.4404499939288895,6.807466616768889,2.6926084995333337,4.183899360813334,4.929544791453334,3.8110766454933334,4.183899360813333,2.6926084995333337,3.0654312148533336,2.6926084995333337,3.811076645493334,1.9469630688933333,0.5247134511911111,1.8641135766,0.37282271532000005,0.0,0.8975361665111112,3.3554044378800003,0.37282271532000005,0.0
532,12.7381094401,16.09351387798,10.314761790520002,13.856577586060002,14.975045732020002,9.19629364456,8.077825498600001,9.19629364456,5.840889206680001,4.72242106072,5.840889206680001,3.3554044378800003,5.840889206680001,3.3554044378800003,0.0,0.0,4.72242106072,4.72242106072,0.0,0.0,0.0,0.0,3.3554044378800003,0.0
533,11.43322993648,17.21198202394,17.21198202394,0.0,10.314761790520002,9.19629364456,3.3554044378800003,9.19629364456,9.19629364456,6.95935735264,10.314761790520002,4.72242106072,5.840889206680001,6.95935735264,5.840889206680001,8.077825498600001,3.3554044378800003,3.3554044378800003,5.840889206680001,11.43322993648,4.72242106072,5.840889206680001,0.0,0.0
534,19.697466792740002,19.697466792740002,14.975045732020002,13.856577586060002,10.314761790520002,17.21198202394,14.975045732020002,12.7381094401,8.077825498600001,6.95935735264,4.72242106072,5.840889206680001,6.95935735264,6.95935735264,11.43322993648,9.19629364456,9.19629364456,5.840889206680001,4.72242106072,0.0,0.0,0.0,3.3554044378800003,0.0
535,13.856577586060002,11.43322993648,10.314761790520002,10.314761790520002,5.840889206680001,5.840889206680001,5.840889206680001,4.72242106072,3.3554044378800003,0.0,3.3554044378800003,3.3554044378800003,4.72242106072,4.72242106072,0.0,0.0,0.0,0.0,0.0,4.72242106072,0.0,4.72242106072,0.0,4.72242106072
536,8.077825498600001,7.33218006796,5.468066491360001,6.586534637320001,7.311467694886667,6.503685145026668,1.5741403535733334,1.8641135766,1.4912908612800002,1.8641135766,0.7456454306400001,0.7456454306400001,0.37282271532000005,0.37282271532000005,1.8641135766,1.8641135766,3.1482807071466667,4.556722076133334,1.5741403535733334,2.3197857842133334,3.8939261377866665,4.929544791453334,2.6926084995333337,0.37282271532000005
537,71.33341286456,66.85954028072,61.08078819326,49.461146899119996,47.2242106072,41.383321400519996,42.501789546480005,33.305495901920004,27.713155172120004,19.697466792740002,14.9129086128,14.975045732020002,14.975045732020002,11.43322993648,13.856577586060002,19.697466792740002,18.3304501699,27.713155172120004,32.18702775596,28.831623318080002,36.90944881668,38.027916962640006,56.35836713254,42.501789546480005
538,8.45064821392,7.7050027832799985,5.840889206680001,7.33218006796,4.639571568426668,6.503685145026668,0.0,2.23693629192,1.11846814596,1.11846814596,1.11846814596,0.0,1.11846814596,0.0,2.23693629192,1.11846814596,1.5741403535733334,2.23693629192,1.11846814596,0.0,2.6926084995333337,3.3554044378800003,1.11846814596,0.0
539,8.077825498600001,6.95935735264,9.19629364456,6.95935735264,4.72242106072,0.0,0.0,3.3554044378800003,4.72242106072,3.3554044378800003,3.3554044378800003,0.0,0.0,0.0,0.0,0.0,0.0,0.0,0.0,0.0,3.3554044378800003,0.0,0.0,0.0
540,14.975045732020002,12.7381094401,9.19629364456,9.19629364456,10.314761790520002,6.95935735264,5.840889206680001,4.72242106072,3.3554044378800003,0.0,4.72242106072,3.3554044378800003,4.72242106072,3.3554044378800003,0.0,6.95935735264,9.19629364456,9.19629364456,5.840889206680001,5.840889206680001,6.95935735264,3.3554044378800003,3.3554044378800003,3.3554044378800003
541,14.975045732020002,18.3304501699,17.21198202394,17.21198202394,17.21198202394,14.975045732020002,9.19629364456,9.19629364456,9.19629364456,6.95935735264,6.95935735264,9.19629364456,8.077825498600001,6.95935735264,5.840889206680001,4.72242106072,5.840889206680001,3.3554044378800003,5.840889206680001,0.0,0.0,0.0,3.3554044378800003,6.95935735264
542,4.72242106072,3.3554044378800003,3.3554044378800003,0.0,0.0,4.72242106072,0.0,0.0,0.0,0.0,0.0,0.0,0.0,0.0,3.3554044378800003,3.3554044378800003,8.077825498600001,8.077825498600001,8.077825498600001,6.95935735264,8.077825498600001,9.19629364456,5.840889206680001,6.95935735264
543,12.427423844,8.077825498600001,9.320567883,6.9593573526400005,10.314761790520002,6.95935735264,9.19629364456,9.19629364456,8.077825498600001,9.19629364456,11.43322993648,9.19629364456,10.5633102674,10.5633102674,8.077825498600001,11.8060526518,13.670166228400001,8.45064821392,10.5633102674,8.077825498600001,5.840889206680001,6.835083114200001,8.077825498600001,6.835083114200001
544,5.840889206680001,5.0123942837466675,6.9593573526400005,7.33218006796,7.33218006796,6.213711922000002,4.266748853106667,5.840889206680001,5.840889206680001,4.266748853106667,6.58653463732,7.33218006796,10.004076194420001,9.631253479100002,8.88560804846,9.25843076378,10.376898909740001,10.37689890974,9.25843076378,9.19629364456,8.450648213920001,8.077825498600001,6.58653463732,7.33218006796
545,5.840889206680001,0.0,4.72242106072,8.077825498600001,8.077825498600001,14.975045732020002,14.975045732020002,14.975045732020002,18.3304501699,18.3304501699,18.3304501699,16.09351387798,13.856577586060002,14.975045732020002,12.7381094401,11.43322993648,13.856577586060002,13.856577586060002,10.314761790520002,12.7381094401,12.7381094401,12.7381094401,10.314761790520002,5.840889206680001
546,6.95935735264,6.95935735264,5.840889206680001,5.840889206680001,5.840889206680001,16.09351387798,21.934403084659998,17.21198202394,14.975045732020002,14.975045732020002,12.7381094401,12.7381094401,10.314761790520002,11.43322993648,13.856577586060002,13.856577586060002,13.856577586060002,16.09351387798,17.21198202394,18.3304501699,18.3304501699,17.21198202394,11.43322993648,11.43322993648
547,4.72242106072,2.23693629192,0.0,5.840889206680001,8.077825498600001,5.840889206680001,6.95935735264,5.468066491360001,13.856577586060002,12.7381094401,13.856577586060002,11.43322993648,8.077825498600001,8.885608048460002,12.7381094401,12.7381094401,11.43322993648,11.43322993648,10.314761790520002,11.8060526518,11.43322993648,9.19629364456,6.95935735264,4.72242106072
548,4.72242106072,4.72242106072,8.077825498600001,9.19629364456,8.077825498600001,6.95935735264,5.840889206680001,5.840889206680001,6.95935735264,9.19629364456,12.7381094401,9.19629364456,12.7381094401,9.19629364456,10.314761790520002,12.7381094401,9.19629364456,10.314761790520002,11.43322993648,11.43322993648,10.314761790520002,11.43322993648,10.314761790520002,10.314761790520002
549,0.0,3.3554044378800003,5.840889206680001,6.95935735264,4.72242106072,4.72242106072,3.3554044378800003,3.3554044378800003,6.95935735264,8.077825498600001,9.19629364456,5.840889206680001,4.72242106072,6.95935735264,5.840889206680001,9.19629364456,11.43322993648,14.975045732020002,11.43322993648,6.95935735264,4.72242106072,9.19629364456,9.19629364456,6.95935735264
550,3.3554044378800003,5.840889206680001,6.95935735264,12.7381094401,11.43322993648,14.975045732020002,14.975045732020002,10.314761790520002,17.21198202394,14.975045732020002,10.314761790520002,14.975045732020002,9.19629364456,11.43322993648,11.43322993648,14.975045732020002,13.856577586060002,18.3304501699,17.21198202394,16.09351387798,14.975045732020002,18.3304501699,17.21198202394,12.7381094401
551,5.840889206680001,5.840889206680001,10.314761790520002,9.19629364456,8.077825498600001,8.077825498600001,6.95935735264,10.314761790520002,12.7381094401,10.314761790520002,5.840889206680001,10.314761790520002,11.43322993648,13.856577586060002,10.314761790520002,16.09351387798,11.43322993648,10.314761790520002,12.7381094401,13.856577586060002,12.7381094401,14.975045732020002,14.975045732020002,12.7381094401
552,4.72242106072,5.840889206680001,6.95935735264,6.95935735264,6.95935735264,10.314761790520002,19.697466792740002,10.314761790520002,11.43322993648,16.09351387798,12.7381094401,9.19629364456,9.19629364456,10.314761790520002,12.7381094401,12.7381094401,13.856577586060002,12.7381094401,12.7381094401,11.43322993648,11.43322993648,11.43322993648,10.314761790520002,10.314761790520002
553,12.7381094401,10.314761790520002,13.856577586060002,13.856577586060002,13.856577586060002,18.3304501699,12.7381094401,8.077825498600001,13.856577586060002,12.7381094401,11.43322993648,10.314761790520002,12.7381094401,10.314761790520002,10.314761790520002,12.7381094401,12.7381094401,10.314761790520002,12.7381094401,12.7381094401,10.314761790520002,9.19629364456,10.314761790520002,8.077825498600001
554,13.856577586060002,14.975045732020002,19.697466792740002,20.8159349387,18.3304501699,21.934403084659998,17.21198202394,19.697466792740002,20.8159349387,19.697466792740002,14.975045732020002,14.975045732020002,17.21198202394,19.697466792740002,17.21198202394,16.09351387798,19.697466792740002,21.934403084659998,19.697466792740002,14.975045732020002,18.3304501699,13.856577586060002,17.21198202394,16.09351387798
555,6.95935735264,8.077825498600001,8.077825498600001,5.840889206680001,6.95935735264,9.19629364456,12.7381094401,12.7381094401,10.314761790520002,9.19629364456,10.314761790520002,9.19629364456,13.856577586060002,11.43322993648,14.975045732020002,16.09351387798,16.09351387798,11.43322993648,9.19629364456,11.43322993648,11.43322993648,9.19629364456,8.077825498600001,8.077825498600001
556,6.95935735264,8.077825498600001,12.7381094401,13.856577586060002,6.95935735264,5.840889206680001,9.19629364456,6.95935735264,5.840889206680001,10.314761790520002,13.856577586060002,9.19629364456,11.43322993648,12.7381094401,8.077825498600001,12.7381094401,8.077825498600001,9.19629364456,8.077825498600001,9.19629364456,5.840889206680001,6.95935735264,8.077825498600001,3.3554044378800003
557,11.43322993648,9.19629364456,11.43322993648,6.95935735264,6.95935735264,6.95935735264,8.077825498600001,10.314761790520002,8.077825498600001,5.840889206680001,9.19629364456,6.95935735264,8.077825498600001,10.314761790520002,10.314761790520002,12.7381094401,8.077825498600001,6.95935735264,5.840889206680001,9.19629364456,8.077825498600001,5.840889206680001,6.95935735264,3.3554044378800003
558,14.602223016700002,16.466336593300003,16.4663365933,16.09351387798,15.803540654953332,16.549186085593334,18.786122377513333,19.987440015766666,16.83915930862,16.83915930862,18.123326439166664,14.229400301380002,9.196293644559999,11.122544340380003,14.167263182160001,13.048795036200003,14.975045732020002,17.667654231553332,15.720691162660001,14.229400301380002,14.975045732020002,13.421617751520001,13.0487950362,11.930326890240002
559,13.856577586060002,11.43322993648,13.856577586060002,13.856577586060002,16.09351387798,12.7381094401,12.7381094401,11.43322993648,10.314761790520002,10.314761790520002,9.19629364456,10.314761790520002,9.19629364456,9.19629364456,9.19629364456,8.077825498600001,8.077825498600001,12.7381094401,9.19629364456,11.43322993648,9.19629364456,10.314761790520002,11.43322993648,5.840889206680001
560,6.876507860346668,10.376898909740001,11.55750417492,10.74972162506,11.122544340380003,9.56911635988,8.82347092924,11.122544340380001,10.004076194420001,10.376898909740001,11.1846814596,8.82347092924,10.004076194420001,7.622153290986668,7.249330575666668,9.19629364456,8.077825498600001,6.876507860346667,4.266748853106667,8.077825498600001,5.758039714386666,5.012394283746667,6.503685145026668,2.6926084995333337
561,0.0,6.95935735264,6.95935735264,6.95935735264,10.314761790520002,5.840889206680001,6.95935735264,9.19629364456,5.840889206680001,6.95935735264,6.95935735264,5.840889206680001,6.95935735264,3.3554044378800003,3.3554044378800003,6.95935735264,4.72242106072,3.3554044378800003,0.0,4.72242106072,0.0,0.0,0.0,0.0
562,9.19629364456,9.19629364456,8.077825498600001,10.314761790520002,9.19629364456,8.077825498600001,9.19629364456,10.314761790520002,10.314761790520002,11.43322993648,9.19629364456,6.95935735264,11.43322993648,6.95935735264,6.95935735264,9.19629364456,9.19629364456,10.314761790520002,10.314761790520002,6.95935735264,8.077825498600001,5.840889206680001,8.077825498600001,11.43322993648
563,6.95935735264,9.19629364456,9.19629364456,10.314761790520002,9.19629364456,11.43322993648,10.314761790520002,10.314761790520002,9.19629364456,4.639571568426667,8.077825498600001,10.314761790520002,8.077825498600001,9.19629364456,10.314761790520002,8.077825498600001,11.43322993648,9.19629364456,11.43322993648,11.43322993648,12.7381094401,11.43322993648,11.43322993648,6.95935735264
564,7.622153290986667,10.74972162506,11.122544340380001,11.930326890240002,12.303149605560002,11.55750417492,11.1846814596,12.303149605560002,10.00407619442,8.82347092924,10.00407619442,10.00407619442,8.82347092924,8.802758556166667,8.740621436946666,8.45064821392,8.450648213920003,6.503685145026668,3.811076645493334,6.586534637320001,5.758039714386666,2.3197857842133334,1.9469630688933337,1.9469630688933337
565,8.077825498600001,12.7381094401,11.43322993648,12.7381094401,11.43322993648,10.314761790520002,9.19629364456,9.19629364456,8.077825498600001,5.840889206680001,8.077825498600001,5.840889206680001,6.95935735264,5.840889206680001,6.95935735264,5.840889206680001,9.19629364456,11.43322993648,9.19629364456,9.19629364456,9.19629364456,9.19629364456,10.314761790520002,8.077825498600001
566,14.975045732020002,11.43322993648,16.09351387798,14.975045732020002,12.7381094401,12.7381094401,12.7381094401,11.43322993648,9.19629364456,10.314761790520002,12.7381094401,12.7381094401,10.314761790520002,13.856577586060002,12.7381094401,12.7381094401,11.43322993648,11.43322993648,12.7381094401,9.19629364456,9.19629364456,6.95935735264,3.3554044378800003,3.3554044378800003
567,3.3554044378800003,0.0,5.840889206680001,8.077825498600001,5.840889206680001,9.19629364456,6.95935735264,5.840889206680001,4.72242106072,0.0,4.72242106072,0.0,0.0,3.3554044378800003,3.3554044378800003,3.3554044378800003,3.3554044378800003,3.3554044378800003,3.3554044378800003,9.19629364456,5.840889206680001,3.3554044378800003,0.0,4.72242106072
568,23.052871230620003,19.697466792740002,21.934403084659998,24.17133937658,27.713155172120004,24.17133937658,24.17133937658,27.713155172120004,24.17133937658,18.3304501699,17.21198202394,16.09351387798,17.21198202394,16.09351387798,5.840889206680001,5.840889206680001,12.7381094401,13.856577586060002,12.7381094401,12.7381094401,11.43322993648,16.09351387798,9.19629364456,0.0
569,5.840889206680001,4.72242106072,10.314761790520002,6.95935735264,3.3554044378800003,4.72242106072,16.09351387798,4.72242106072,0.0,3.3554044378800003,4.72242106072,3.3554044378800003,11.43322993648,10.314761790520002,14.975045732020002,4.72242106072,6.95935735264,5.840889206680001,11.43322993648,11.43322993648,14.975045732020002,12.7381094401,18.3304501699,12.7381094401
570,14.975045732020002,9.19629364456,13.856577586060002,23.052871230620003,16.09351387798,12.7381094401,9.19629364456,9.19629364456,18.3304501699,11.43322993648,23.052871230620003,24.17133937658,19.697466792740002,27.713155172120004,21.934403084659998,28.831623318080002,26.4082756685,32.18702775596,28.831623318080002,33.305495901920004,31.06855961,23.052871230620003,23.052871230620003,18.3304501699
571,25.289807522540002,31.06855961,29.950091464040003,20.8159349387,27.713155172120004,23.052871230620003,27.713155172120004,25.289807522540002,25.289807522540002,20.8159349387,24.17133937658,9.19629364456,14.975045732020002,18.3304501699,12.7381094401,11.43322993648,5.840889206680001,14.975045732020002,8.077825498600001,9.19629364456,9.19629364456,10.314761790520002,0.0,10.314761790520002
572,5.840889206680001,0.0,4.72242106072,5.840889206680001,0.0,8.077825498600001,0.0,5.840889206680001,9.19629364456,4.72242106072,3.3554044378800003,5.840889206680001,0.0,6.95935735264,5.840889206680001,5.840889206680001,3.3554044378800003,0.0,0.0,3.3554044378800003,3.3554044378800003,13.069507409273333,9.19629364456,10.314761790520002
573,3.3554044378800003,0.0,5.840889206680001,8.077825498600001,6.95935735264,4.72242106072,6.95935735264,8.077825498600001,6.95935735264,4.72242106072,6.95935735264,16.09351387798,12.7381094401,20.8159349387,19.697466792740002,6.95935735264,5.840889206680001,9.19629364456,11.43322993648,10.314761790520002,6.95935735264,9.19629364456,12.7381094401,10.314761790520002
574,29.950091464040003,35.79098067072,32.18702775596,33.305495901920004,31.06855961,27.713155172120004,28.831623318080002,27.713155172120004,24.17133937658,18.3304501699,23.052871230620003,20.8159349387,21.934403084659998,17.21198202394,20.8159349387,18.3304501699,16.09351387798,14.975045732020002,16.09351387798,13.856577586060002,19.697466792740002,10.314761790520002,16.09351387798,18.3304501699
575,6.95935735264,6.95935735264,8.077825498600001,5.840889206680001,11.43322993648,11.43322993648,11.43322993648,11.43322993648,10.314761790520002,10.314761790520002,11.43322993648,13.856577586060002,11.43322993648,8.077825498600001,9.19629364456,17.21198202394,11.43322993648,6.95935735264,6.95935735264,9.19629364456,6.95935735264,19.697466792740002,12.427423844,13.856577586060002
576,0.0,9.19629364456,3.3554044378800003,0.0,3.3554044378800003,8.077825498600001,8.077825498600001,12.7381094401,5.840889206680001,14.975045732020002,14.975045732020002,13.856577586060002,13.856577586060002,16.09351387798,10.314761790520002,8.077825498600001,14.975045732020002,6.95935735264,16.09351387798,12.7381094401,23.052871230620003,17.21198202394,14.975045732020002,19.697466792740002
577,0.0,3.3554044378800003,4.72242106072,0.0,4.72242106072,0.0,3.3554044378800003,3.3554044378800003,5.840889206680001,0.0,3.3554044378800003,0.0,0.0,0.0,0.0,0.0,3.3554044378800003,6.95935735264,0.0,8.077825498600001,0.0,12.7381094401,9.19629364456,4.72242106072
578,10.314761790520002,11.43322993648,14.975045732020002,9.19629364456,12.7381094401,28.831623318080002,26.4082756685,19.697466792740002,27.713155172120004,21.934403084659998,28.831623318080002,33.305495901920004,32.18702775596,29.950091464040003,27.713155172120004,25.289807522540002,27.713155172120004,27.713155172120004,28.831623318080002,19.697466792740002,25.289807522540002,23.052871230620003,20.8159349387,19.697466792740002
579,12.696684693953332,9.631253479100002,10.729009251986668,13.421617751520001,6.938644979566668,10.811858744280002,8.429935840846667,13.421617751520001,16.549186085593334,16.487048966373333,17.294831516233334,18.786122377513333,13.131644528493334,14.250112674453334,11.474654682626669,16.569898458666668,16.487048966373333,8.88560804846,13.504467243813332,14.16726318216,14.622935389773337,18.040476946873333,17.667654231553332,16.176363370273336
580,10.314761790520002,12.7381094401,14.975045732020002,9.19629364456,9.19629364456,13.856577586060002,5.840889206680001,4.72242106072,3.3554044378800003,3.3554044378800003,3.3554044378800003,0.0,3.3554044378800003,0.0,0.0,8.077825498600001,6.95935735264,9.19629364456,3.3554044378800003,3.3554044378800003,0.0,0.0,0.0,0.0
581,11.743915532580003,11.122544340380001,12.468848590146669,11.081119594233334,10.542597894326667,10.708296878913336,6.793658368053333,6.255136668146666,7.290755321813335,5.012394283746667,2.941156976413333,5.136668522186667,5.882313952826667,2.941156976413333,4.556722076133334,2.402635276506667,4.929544791453334,2.9825817225600004,3.8110766454933334,1.0356186536666667,3.6039529147600002,1.6569898458666668,2.1540867996266666,2.3197857842133334
582,18.3304501699,17.21198202394,12.7381094401,13.856577586060002,11.43322993648,6.95935735264,4.72242106072,5.840889206680001,5.840889206680001,8.077825498600001,6.95935735264,6.95935735264,4.72242106072,5.840889206680001,5.840889206680001,5.840889206680001,3.3554044378800003,5.840889206680001,0.0,0.0,0.0,3.3554044378800003,3.3554044378800003,0.0
583,17.21198202394,20.8159349387,17.21198202394,18.3304501699,13.856577586060002,9.19629364456,9.19629364456,4.72242106072,6.503685145026668,4.72242106072,4.72242106072,3.3554044378800003,4.72242106072,0.0,6.95935735264,6.95935735264,3.3554044378800003,0.0,0.0,3.3554044378800003,4.72242106072,0.0,0.0,0.0
584,6.95935735264,4.72242106072,0.0,4.72242106072,3.3554044378800003,8.077825498600001,8.077825498600001,0.0,5.840889206680001,3.3554044378800003,0.0,0.0,0.0,4.72242106072,3.3554044378800003,3.3554044378800003,5.840889206680001,8.077825498600001,8.077825498600001,4.72242106072,4.72242106072,9.19629364456,6.95935735264,5.840889206680001
585,7.33218006796,8.82347092924,9.19629364456,8.077825498600001,6.9593573526400005,8.450648213920001,7.705002783280001,10.00407619442,10.31476179052,10.74972162506,9.56911635988,10.376898909740001,9.941939075200002,8.82347092924,8.077825498600001,8.077825498600001,7.705002783280001,9.56911635988,7.70500278328,6.9593573526400005,6.9593573526400005,6.58653463732,5.385216999066667,5.758039714386666
586,8.409223467773332,8.077825498600001,8.492072960066666,6.9593573526400005,7.33218006796,5.84088920668,7.33218006796,8.077825498600001,6.9593573526400005,7.705002783280001,9.941939075199999,8.82347092924,10.086925686713334,8.906320421533334,8.077825498600001,9.69339059832,10.687584505840002,8.45064821392,8.533497706213334,9.092731779193334,5.840889206680001,7.290755321813333,6.9593573526400005,6.917932606493333
587,3.3554044378800003,6.95935735264,4.72242106072,6.95935735264,4.72242106072,4.72242106072,3.3554044378800003,3.3554044378800003,3.3554044378800003,0.0,3.3554044378800003,5.840889206680001,4.72242106072,8.077825498600001,5.840889206680001,5.840889206680001,6.95935735264,5.840889206680001,5.840889206680001,5.840889206680001,4.72242106072,5.840889206680001,4.72242106072,0.0
588,11.43322993648,12.7381094401,13.856577586060002,11.43322993648,11.43322993648,12.7381094401,9.19629364456,13.856577586060002,12.7381094401,12.7381094401,12.7381094401,10.314761790520002,11.43322993648,6.95935735264,5.840889206680001,6.95935735264,10.314761790520002,6.95935735264,6.95935735264,3.3554044378800003,8.077825498600001,4.72242106072,5.840889206680001,6.95935735264
589,3.5211034224666675,2.6926084995333337,2.6926084995333337,2.23693629192,3.2173219507244446,3.811076645493334,2.6926084995333337,4.266748853106667,1.11846814596,2.6926084995333337,1.5741403535733334,1.5741403535733334,3.0654312148533336,1.11846814596,1.11846814596,2.23693629192,0.0,0.0,0.0,2.5683342610933337,4.266748853106667,4.391023091546667,3.3554044378800003,5.468066491360001
590,20.8159349387,18.3304501699,16.09351387798,17.21198202394,13.856577586060002,12.7381094401,12.7381094401,10.314761790520002,11.43322993648,11.43322993648,10.314761790520002,8.077825498600001,8.077825498600001,6.95935735264,6.95935735264,6.95935735264,10.314761790520002,5.840889206680001,4.72242106072,6.95935735264,5.840889206680001,6.95935735264,6.95935735264,9.19629364456
591,10.314761790520002,12.7381094401,12.7381094401,12.7381094401,11.43322993648,11.43322993648,6.95935735264,6.95935735264,8.077825498600001,4.72242106072,4.72242106072,4.72242106072,5.840889206680001,5.840889206680001,4.72242106072,3.3554044378800003,3.3554044378800003,4.72242106072,5.840889206680001,3.3554044378800003,4.72242106072,6.95935735264,5.840889206680001,5.840889206680001
592,13.856577586060002,17.21198202394,18.3304501699,16.09351387798,12.7381094401,18.3304501699,13.856577586060002,17.21198202394,12.7381094401,10.314761790520002,16.09351387798,14.975045732020002,13.856577586060002,17.21198202394,14.975045732020002,16.09351387798,11.43322993648,13.856577586060002,13.856577586060002,10.314761790520002,8.077825498600001,8.077825498600001,6.95935735264,20.8159349387
593,5.840889206680001,9.19629364456,8.077825498600001,5.840889206680001,0.0,0.0,0.0,0.0,4.72242106072,5.840889206680001,5.840889206680001,3.3554044378800003,3.3554044378800003,3.3554044378800003,5.840889206680001,0.0,4.72242106072,5.840889206680001,4.72242106072,0.0,3.3554044378800003,9.19629364456,12.7381094401,18.3304501699
594,2.6926084995333337,2.6926084995333337,5.095243776040001,1.11846814596,13.131644528493334,6.938644979566668,6.938644979566668,7.9949760063066675,8.450648213920001,5.758039714386666,11.474654682626669,11.930326890240002,5.758039714386666,11.474654682626669,8.347086348553333,10.618543262262223,9.175581271486667,11.122544340380001,6.876507860346667,14.167263182160001,11.288243324966666,13.877289959133334,9.631253479100002,11.937231014597778
595,4.72242106072,4.72242106072,5.840889206680001,0.0,19.697466792740002,14.975045732020002,4.72242106072,9.19629364456,6.95935735264,11.43322993648,13.856577586060002,21.934403084659998,11.43322993648,18.3304501699,12.30314960556,23.052871230620003,18.3304501699,10.314761790520002,11.43322993648,18.3304501699,21.934403084659998,20.8159349387,19.697466792740002,17.21198202394
596,4.72242106072,0.0,0.0,4.72242106072,5.840889206680001,16.09351387798,8.077825498600001,5.840889206680001,5.840889206680001,9.19629364456,5.840889206680001,3.3554044378800003,5.840889206680001,3.3554044378800003,12.7381094401,9.19629364456,6.95935735264,20.8159349387,10.314761790520002,6.95935735264,10.314761790520002,14.975045732020002,10.314761790520002,4.72242106072
597,2.6926084995333337,2.6926084995333337,5.095243776040001,1.11846814596,10.086925686713334,6.938644979566668,6.938644979566667,7.9949760063066675,6.9593573526400005,5.758039714386666,11.474654682626666,11.930326890240002,5.758039714386666,11.474654682626669,8.347086348553333,8.802758556166667,9.175581271486667,11.122544340380001,7.249330575666668,16.19707574334667,11.930326890240002,13.877289959133336,9.631253479100002,13.877289959133334
598,34.42396404788,34.42396404788,31.06855961,28.831623318080002,26.4082756685,14.975045732020002,18.3304501699,27.713155172120004,20.8159349387,23.052871230620003,16.09351387798,17.21198202394,8.077825498600001,9.19629364456,11.43322993648,14.975045732020002,14.975045732020002,12.7381094401,19.697466792740002,14.975045732020002,24.17133937658,26.4082756685,23.052871230620003,16.09351387798
599,34.42396404788,22.659336142226664,26.0975900724,16.922008800913332,24.171339376580004,16.549186085593334,18.3304501699,16.549186085593334,18.49614915448667,21.10590816172667,15.720691162659998,17.294831516233334,8.077825498600001,11.495367055700001,12.158162994046668,17.667654231553335,14.9129086128,11.930326890240002,19.697466792740002,15.34786844734,25.724767357079998,23.05287123062,17.68836660462667,15.720691162660001
600,21.934403084659998,10.314761790520002,4.72242106072,4.72242106072,8.077825498600001,10.314761790520002,4.72242106072,16.09351387798,13.856577586060002,24.17133937658,18.3304501699,5.840889206680001,6.95935735264,0.0,5.840889206680001,8.077825498600001,4.72242106072,4.72242106072,8.077825498600001,10.314761790520002,11.43322993648,8.077825498600001,6.95935735264,17.21198202394
601,3.3554044378800003,6.95935735264,9.19629364456,16.09351387798,17.21198202394,20.8159349387,18.3304501699,18.3304501699,18.3304501699,13.856577586060002,8.077825498600001,11.43322993648,20.8159349387,14.975045732020002,17.21198202394,16.09351387798,24.17133937658,23.052871230620003,19.697466792740002,9.19629364456,9.19629364456,10.314761790520002,19.697466792740002,11.43322993648
602,17.21198202394,18.3304501699,12.7381094401,24.17133937658,26.4082756685,21.934403084659998,18.3304501699,17.21198202394,14.975045732020002,16.09351387798,11.43322993648,23.052871230620003,16.09351387798,19.697466792740002,17.21198202394,13.856577586060002,11.43322993648,0.0,4.72242106072,12.7381094401,12.7381094401,11.43322993648,14.975045732020002,11.43322993648
603,19.98744001576667,16.487048966373333,15.34786844734,16.487048966373333,21.085195788653333,29.950091464040003,27.21605821836,19.24179458512667,16.922008800913336,15.741403535733332,11.930326890240002,18.723985258293336,16.09351387798,18.475436781413336,13.0487950362,11.122544340380001,13.048795036200003,14.250112674453336,15.741403535733335,14.250112674453334,21.851553592366667,19.158945092833335,13.504467243813332,12.385999097853336
604,21.934403084659998,24.17133937658,26.4082756685,31.06855961,26.4082756685,29.950091464040003,27.713155172120004,25.289807522540002,21.934403084659998,25.289807522540002,16.09351387798,14.975045732020002,16.09351387798,14.975045732020002,14.975045732020002,8.077825498600001,6.95935735264,12.7381094401,8.077825498600001,8.077825498600001,12.7381094401,10.314761790520002,13.856577586060002,9.19629364456
605,12.30314960556,13.794440466840001,11.474654682626666,16.922008800913336,17.294831516233334,23.287611458784443,18.413299662193335,15.368580820413333,12.040792879964444,12.675972320880001,10.37689890974,10.31476179052,14.084413689866665,11.1846814596,8.802758556166667,8.802758556166667,10.832571117353334,10.004076194420001,11.847477397946667,8.864895675386668,16.34206235486,9.175581271486667,5.840889206680001,6.213711921999999
606,17.667654231553335,16.114226251053335,12.675972320880001,17.21198202394,16.83915930862,23.860653780480003,15.368580820413333,14.540085897480003,12.67597232088,9.631253479100002,8.429935840846667,12.98665791698,13.79444046684,14.229400301380002,13.79444046684,11.930326890240002,12.986657916979999,11.205393832673336,11.205393832673336,9.941939075200002,12.696684693953332,12.61383520166,15.430717939633334,15.741403535733335
607,16.09351387798,17.21198202394,12.7381094401,9.19629364456,3.3554044378800003,8.077825498600001,0.0,9.19629364456,9.19629364456,10.314761790520002,5.840889206680001,11.43322993648,8.077825498600001,0.0,5.840889206680001,5.840889206680001,6.95935735264,8.077825498600001,8.077825498600001,6.95935735264,6.95935735264,8.077825498600001,0.0,0.0
608,5.840889206680001,3.3554044378800003,8.077825498600001,0.0,5.840889206680001,3.3554044378800003,4.72242106072,0.0,0.0,0.0,0.0,0.0,0.0,0.0,0.0,0.0,0.0,4.72242106072,3.3554044378800003,4.72242106072,6.95935735264,4.72242106072,0.0,0.0
609,8.077825498600001,10.314761790520002,4.72242106072,0.0,0.0,1.11846814596,0.0,0.0,5.840889206680001,3.3554044378800003,10.314761790520002,8.077825498600001,6.95935735264,4.72242106072,0.0,3.3554044378800003,8.077825498600001,3.3554044378800003,0.0,4.72242106072,4.72242106072,5.840889206680001,0.0,4.72242106072
610,5.343792252920001,5.343792252920001,4.984777786315555,4.9709695376,3.590144666044445,2.9825817225600004,4.32198184796889,2.23693629192,0.0,0.5247134511911111,1.1737011408222224,1.8641135766,2.789266240542222,1.4912908612800002,0.37282271532000005,1.4912908612800002,2.872115732835556,4.446256086408889,3.120664209715556,6.4760686475955564,4.611955070995556,3.617761163475556,5.343792252920001,2.8444992354044447
611,5.468066491360001,6.9593573526400005,8.077825498600001,6.565822264246667,7.311467694886667,7.311467694886669,7.311467694886667,6.938644979566668,8.429935840846667,10.376898909740001,10.376898909740001,7.311467694886669,8.88560804846,13.421617751520001,7.994976006306668,13.877289959133334,9.25843076378,10.729009251986668,8.429935840846667,11.101831967306666,6.565822264246667,9.983363821346668,3.8939261377866674,11.930326890240002
612,6.95935735264,8.077825498600001,5.840889206680001,6.95935735264,8.077825498600001,12.7381094401,17.21198202394,17.21198202394,10.314761790520002,6.95935735264,9.19629364456,17.21198202394,8.077825498600001,13.856577586060002,10.314761790520002,8.077825498600001,11.43322993648,10.314761790520002,6.95935735264,9.19629364456,12.7381094401,13.856577586060002,13.856577586060002,21.934403084659998
613,6.95935735264,5.840889206680001,6.95935735264,6.95935735264,5.840889206680001,3.3554044378800003,3.3554044378800003,3.3554044378800003,0.0,0.0,0.0,0.0,0.0,0.0,0.0,0.0,0.0,0.0,0.0,0.0,0.0,0.0,4.72242106072,0.0
614,3.3554044378800003,0.0,0.0,0.0,0.0,0.0,0.0,0.0,0.0,0.0,0.0,0.0,0.0,0.0,0.0,0.0,8.077825498600001,5.840889206680001,4.72242106072,0.0,5.840889206680001,0.0,3.3554044378800003,0.0
615,0.0,4.722421060720001,4.72242106072,0.0,4.72242106072,3.3554044378800003,0.0,3.3554044378800003,3.3554044378800003,0.0,5.840889206680001,3.3554044378800003,4.72242106072,6.95935735264,9.19629364456,8.077825498600001,5.840889206680001,8.077825498600001,8.077825498600001,4.72242106072,5.840889206680001,5.840889206680001,5.840889206680001,5.840889206680001
616,10.749721625060003,11.847477397946667,12.593122828586665,6.130862429706667,8.82347092924,7.622153290986668,6.130862429706667,6.130862429706667,6.130862429706667,3.8939261377866665,7.249330575666668,6.213711922000001,6.130862429706667,5.385216999066667,7.33218006796,4.266748853106667,1.11846814596,1.11846814596,3.0654312148533336,6.503685145026668,5.385216999066667,3.5211034224666675,1.11846814596,1.5741403535733334
617,10.418323655886667,7.739523405068891,6.99387797442889,7.95355126016,7.953551260160001,6.724617124475556,8.0778254986,4.736229309435555,4.736229309435555,2.0160043124711113,3.8801178890711117,5.219518014480001,5.109052024755556,4.736229309435555,8.20209973704,3.617761163475555,2.0988538047644445,0.0,1.4912908612800002,2.471676520084445,4.487680832555556,0.5247134511911111,0.37282271532000005,2.6235672559555554
618,10.314761790520002,13.856577586060002,14.975045732020002,9.19629364456,8.077825498600001,6.95935735264,8.077825498600001,7.705002783280001,3.3554044378800003,4.72242106072,3.3554044378800003,5.840889206680001,0.0,0.0,0.0,0.0,3.3554044378800003,3.3554044378800003,0.0,4.72242106072,0.0,0.0,0.0,0.0
619,17.21198202394,13.856577586060002,9.19629364456,13.856577586060002,8.077825498600001,11.43322993648,8.077825498600001,3.3554044378800003,0.0,5.840889206680001,3.3554044378800003,3.3554044378800003,0.0,5.840889206680001,3.3554044378800003,4.72242106072,5.840889206680001,0.0,10.314761790520002,4.72242106072,3.3554044378800003,4.72242106072,3.3554044378800003,9.19629364456
620,6.938644979566667,8.802758556166667,11.122544340380001,9.631253479100002,8.429935840846667,9.631253479100002,7.228618202593334,8.802758556166667,10.294049417446667,10.74972162506,11.122544340380001,5.737327341313333,11.122544340380001,11.951039263313334,9.548403986806667,11.930326890240002,10.356186536666668,11.847477397946667,12.220300113266667,8.139962617820002,5.7373273413133345,9.548403986806667,7.684290410206667,10.459748402033334
621,9.19629364456,8.077825498600001,12.7381094401,11.43322993648,14.975045732020002,11.43322993648,10.314761790520002,9.19629364456,9.19629364456,11.43322993648,8.077825498600001,8.077825498600001,10.314761790520002,12.7381094401,13.856577586060002,11.43322993648,13.856577586060002,14.975045732020002,14.975045732020002,13.856577586060002,13.856577586060002,17.21198202394,12.7381094401,12.7381094401
622,3.3554044378800003,3.3554044378800003,0.0,0.0,0.0,0.0,0.0,0.0,0.0,0.0,0.0,0.0,0.0,0.0,0.0,3.3554044378800003,8.077825498600001,9.19629364456,11.43322993648,9.19629364456,10.314761790520002,11.43322993648,9.19629364456,9.19629364456
623,9.320567883,6.835083114200001,5.840889206680001,3.0654312148533336,4.72242106072,4.183899360813334,1.5741403535733334,2.23693629192,2.6926084995333337,3.8939261377866665,3.5211034224666675,1.11846814596,3.8110766454933334,5.012394283746667,5.758039714386666,5.5923407298,4.3495983454000005,4.3495983454000005,5.385216999066667,6.835083114200001,4.3495983454000005,5.5923407298,3.0654312148533336,4.3495983454000005
624,12.61383520166,14.995758105093332,9.9419390752,13.421617751520001,7.33218006796,5.758039714386666,5.012394283746667,1.9469630688933337,4.266748853106667,4.266748853106667,4.72242106072,4.639571568426667,5.09524377604,3.8939261377866674,2.6926084995333337,0.0,3.1482807071466667,2.6926084995333337,4.266748853106667,2.23693629192,4.72242106072,1.5741403535733334,1.11846814596,2.6926084995333337
625,13.856577586060002,14.975045732020002,13.856577586060002,17.21198202394,10.314761790520002,14.975045732020002,18.3304501699,10.314761790520002,4.72242106072,3.3554044378800003,9.19629364456,6.95935735264,6.95935735264,10.314761790520002,6.95935735264,8.077825498600001,3.3554044378800003,3.3554044378800003,0.0,3.3554044378800003,5.840889206680001,4.72242106072,4.72242106072,3.3554044378800003
626,9.19629364456,9.19629364456,17.21198202394,10.314761790520002,9.19629364456,8.077825498600001,8.077825498600001,8.077825498600001,4.72242106072,4.72242106072,5.840889206680001,5.840889206680001,4.72242106072,0.0,0.0,0.0,3.3554044378800003,3.3554044378800003,3.3554044378800003,4.72242106072,0.0,0.0,0.0,4.72242106072
627,14.975045732020002,19.697466792740002,11.43322993648,8.077825498600001,9.19629364456,6.95935735264,4.72242106072,4.72242106072,6.95935735264,6.95935735264,4.72242106072,3.3554044378800003,3.3554044378800003,0.0,3.3554044378800003,3.3554044378800003,3.3554044378800003,3.3554044378800003,3.3554044378800003,0.0,9.19629364456,0.0,3.3554044378800003,0.0
628,11.495367055700001,11.122544340380001,13.421617751520001,12.241012486340002,11.495367055700001,11.122544340380001,8.0778254986,8.45064821392,6.130862429706667,6.586534637320001,7.70500278328,6.586534637320001,2.6926084995333337,1.5741403535733334,1.11846814596,0.0,3.0654312148533336,1.8641135766,3.3554044378800003,3.1482807071466667,3.8939261377866665,1.9469630688933337,1.9469630688933337,3.1482807071466667
629,14.9129086128,11.391805190333335,9.610541106026668,8.036400752453334,7.787852275573333,13.504467243813332,12.61383520166,10.31476179052,8.699196690800001,8.0778254986,6.8350831142,8.077825498600001,5.5923407298,1.9469630688933337,5.468066491360001,4.3495983454000005,9.320567883,5.5923407298,11.8060526518,6.835083114200001,6.835083114200001,3.7282271532,4.3495983454000005,4.3495983454000005
630,13.028082663126668,14.174167306517779,13.95323532706889,11.481558806984445,10.735913376344447,13.75991984505111,13.753015720693332,10.687584505840002,9.81766483676,8.0778254986,6.08943768356,8.077825498600001,4.556722076133334,1.9469630688933337,5.468066491360001,5.34379225292,5.799464460533334,5.675190222093334,8.202099737040001,6.172287175853334,6.172287175853334,4.391023091546667,3.024006468706667,1.4498661151333334
631,10.314761790520002,8.077825498600001,4.72242106072,0.0,0.0,0.0,0.0,0.0,0.0,0.0,0.0,5.840889206680001,8.077825498600001,14.975045732020002,11.43322993648,10.314761790520002,10.314761790520002,12.7381094401,16.09351387798,14.975045732020002,11.43322993648,12.7381094401,6.95935735264,5.840889206680001
632,4.72242106072,0.0,4.72242106072,3.3554044378800003,6.95935735264,8.077825498600001,8.077825498600001,8.077825498600001,0.0,4.72242106072,0.0,4.72242106072,0.0,0.0,3.3554044378800003,3.3554044378800003,0.0,0.0,0.0,3.3554044378800003,4.72242106072,4.72242106072,3.3554044378800003,5.840889206680001
633,6.9593573526400005,2.5683342610933337,0.5247134511911111,1.4912908612800002,2.595950758524445,2.0160043124711113,2.2645527893511113,2.0988538047644445,1.4498661151333334,1.4498661151333334,3.686802407053334,2.9825817225600004,2.6926084995333337,0.0,1.11846814596,2.6926084995333337,4.087241619804445,2.9825817225600004,2.9825817225600004,5.09524377604,7.95355126016,8.88560804846,9.258430763780002,9.341280256073334
634,2.1402785509111113,8.284949229333334,4.515297329986667,5.882313952826667,6.034204688697778,5.0814355273244445,1.11846814596,1.5741403535733334,3.0654312148533336,1.9469630688933337,4.418639588977778,2.595950758524445,4.363406594115556,1.5741403535733334,1.5741403535733334,2.319785784213334,5.758039714386666,2.9687734738444447,4.266748853106667,3.3968291840266667,5.716614968240001,5.34379225292,8.802758556166667,12.323861978633332
635,5.840889206680001,4.72242106072,0.0,3.3554044378800003,3.3554044378800003,0.0,0.0,0.0,0.0,0.0,0.0,5.840889206680001,0.0,3.3554044378800003,0.0,3.3554044378800003,0.0,3.3554044378800003,0.0,5.840889206680001,4.72242106072,4.72242106072,3.3554044378800003,4.72242106072
636,3.3554044378800003,4.72242106072,0.0,0.0,0.0,0.0,0.0,0.0,0.0,3.3554044378800003,3.3554044378800003,8.077825498600001,9.19629364456,6.95935735264,8.077825498600001,0.0,0.0,0.0,5.840889206680001,3.3554044378800003,8.077825498600001,4.72242106072,5.840889206680001,3.3554044378800003
637,0.0,0.0,5.840889206680001,5.840889206680001,3.3554044378800003,3.3554044378800003,4.72242106072,4.72242106072,4.72242106072,0.0,3.3554044378800003,0.0,3.3554044378800003,4.72242106072,5.840889206680001,0.0,5.840889206680001,0.0,4.72242106072,0.0,6.95935735264,5.840889206680001,4.72242106072,3.3554044378800003
638,3.3554044378800003,0.0,3.3554044378800003,9.19629364456,3.3554044378800003,10.314761790520002,8.077825498600001,9.19629364456,6.95935735264,5.840889206680001,9.19629364456,8.077825498600001,6.95935735264,10.314761790520002,9.19629364456,6.95935735264,5.840889206680001,4.72242106072,0.0,8.077825498600001,9.19629364456,6.95935735264,12.7381094401,18.3304501699
639,6.213711922000002,6.213711922000001,3.0654312148533336,3.8110766454933334,4.266748853106667,4.266748853106667,4.639571568426667,3.0654312148533336,3.5211034224666675,5.840889206680001,4.556722076133333,5.385216999066667,4.639571568426667,4.639571568426668,5.012394283746667,3.5211034224666675,1.9469630688933337,3.811076645493334,3.4382539301733335,5.0123942837466675,8.45064821392,5.3852169990666665,11.474654682626669,11.55750417492
640,5.840889206680001,5.840889206680001,10.314761790520002,6.95935735264,6.95935735264,11.122544340380003,11.868189771019999,6.95935735264,5.840889206680001,9.19629364456,12.7381094401,10.314761790520002,13.856577586060002,13.856577586060002,14.975045732020002,16.09351387798,14.975045732020002,17.21198202394,21.934403084659998,19.697466792740002,19.697466792740002,19.697466792740002,14.975045732020002,14.975045732020002
641,5.840889206680001,8.077825498600001,8.077825498600001,6.95935735264,10.314761790520002,8.077825498600001,10.314761790520002,12.7381094401,14.975045732020002,9.19629364456,6.95935735264,11.43322993648,11.43322993648,8.077825498600001,9.19629364456,12.7381094401,17.21198202394,18.3304501699,11.43322993648,14.975045732020002,14.975045732020002,14.975045732020002,11.43322993648,13.856577586060002
642,1.11846814596,0.0,3.3554044378800003,0.0,1.9469630688933337,0.0,0.0,0.0,0.0,0.0,0.0,0.0,4.72242106072,3.3554044378800003,3.3554044378800003,6.95935735264,4.72242106072,5.840889206680001,5.840889206680001,3.3554044378800003,3.3554044378800003,3.3554044378800003,0.0,12.7381094401
643,5.840889206680001,5.840889206680001,5.840889206680001,6.95935735264,5.840889206680001,9.19629364456,11.43322993648,11.43322993648,8.077825498600001,5.840889206680001,4.72242106072,8.077825498600001,3.3554044378800003,0.0,3.3554044378800003,4.72242106072,6.95935735264,6.95935735264,8.077825498600001,8.077825498600001,8.077825498600001,5.840889206680001,6.95935735264,4.72242106072
644,8.82347092924,6.503685145026666,5.84088920668,5.09524377604,5.468066491360001,1.11846814596,1.5741403535733334,1.11846814596,1.11846814596,1.11846814596,2.23693629192,4.929544791453334,1.11846814596,2.6926084995333337,2.3197857842133334,0.0,0.0,7.705002783280001,7.70500278328,6.586534637320001,5.095243776040001,5.468066491360001,1.11846814596,0.0
645,11.43322993648,8.077825498600001,11.43322993648,6.95935735264,6.95935735264,4.72242106072,0.0,0.0,3.3554044378800003,3.3554044378800003,3.3554044378800003,0.0,0.0,0.0,5.840889206680001,3.3554044378800003,4.72242106072,5.840889206680001,4.72242106072,0.0,4.72242106072,4.72242106072,5.840889206680001,3.3554044378800003
646,6.213711922000001,7.3321800679599995,8.077825498600001,7.33218006796,6.503685145026666,4.639571568426667,2.6926084995333337,2.23693629192,1.11846814596,1.11846814596,1.11846814596,4.266748853106667,3.4382539301733335,3.5211034224666675,4.556722076133334,5.758039714386668,2.23693629192,4.266748853106667,0.0,1.11846814596,1.11846814596,0.0,0.0,0.0
647,9.19629364456,8.077825498600001,8.077825498600001,9.19629364456,12.7381094401,9.19629364456,9.19629364456,6.95935735264,6.95935735264,4.72242106072,8.077825498600001,9.19629364456,0.0,4.72242106072,6.95935735264,8.077825498600001,9.19629364456,6.95935735264,6.95935735264,4.72242106072,4.72242106072,4.72242106072,6.95935735264,3.3554044378800003
648,4.72242106072,11.495367055700001,2.23693629192,0.0,0.0,2.23693629192,1.11846814596,0.0,2.23693629192,3.3554044378800003,2.23693629192,1.11846814596,1.11846814596,1.11846814596,0.0,2.23693629192,1.11846814596,1.11846814596,3.3554044378800003,3.3554044378800003,4.72242106072,10.314761790520002,11.43322993648,9.19629364456
649,4.72242106072,4.72242106072,0.0,4.72242106072,5.840889206680001,6.95935735264,6.95935735264,0.0,5.840889206680001,0.0,4.72242106072,5.840889206680001,3.3554044378800003,0.0,4.72242106072,0.0,0.0,4.72242106072,0.0,0.0,0.0,0.0,0.0,3.3554044378800003
650,0.0,0.0,3.3554044378800003,0.0,0.0,0.0,3.3554044378800003,0.0,4.72242106072,4.72242106072,4.72242106072,4.72242106072,0.0,0.0,0.0,5.840889206680001,5.840889206680001,3.3554044378800003,0.0,3.3554044378800003,5.840889206680001,0.0,0.0,12.7381094401
651,1.5741403535733334,1.5741403535733334,2.23693629192,2.6926084995333337,1.9469630688933337,3.8939261377866665,3.4382539301733335,2.23693629192,1.9469630688933337,2.23693629192,2.6926084995333337,4.639571568426667,1.11846814596,0.0,1.5741403535733334,1.5741403535733334,1.5741403535733334,3.1482807071466667,0.0,0.0,1.9469630688933337,1.11846814596,2.3197857842133334,2.6926084995333337
652,5.385216999066667,5.758039714386668,7.33218006796,7.33218006796,8.077825498600001,7.33218006796,7.622153290986668,6.130862429706667,7.249330575666668,6.503685145026668,6.876507860346668,6.503685145026668,6.130862429706667,8.077825498600001,7.705002783280001,9.25843076378,9.983363821346668,12.67597232088,14.54008589748,14.995758105093332,15.451430312706668,10.729009251986668,11.930326890240002,10.004076194420001
653,4.72242106072,0.0,4.72242106072,8.077825498600001,4.72242106072,6.95935735264,5.840889206680001,5.840889206680001,8.077825498600001,13.856577586060002,16.09351387798,17.21198202394,16.09351387798,11.43322993648,10.314761790520002,13.856577586060002,16.09351387798,20.8159349387,24.17133937658,21.934403084659998,18.3304501699,17.21198202394,14.975045732020002,11.43322993648
654,1.5741403535733334,1.5741403535733334,0.0,0.0,0.0,1.11846814596,0.0,1.5741403535733334,0.0,0.0,1.11846814596,0.0,0.0,0.0,0.0,3.4382539301733335,1.5741403535733334,5.758039714386666,7.33218006796,7.33218006796,7.705002783280001,7.33218006796,8.45064821392,6.9593573526400005
655,0.0,1.11846814596,0.0,5.840889206680001,1.5741403535733334,5.840889206680001,6.95935735264,3.3554044378800003,8.077825498600001,8.077825498600001,9.19629364456,8.077825498600001,8.077825498600001,5.840889206680001,11.43322993648,6.95935735264,12.7381094401,14.975045732020002,16.09351387798,13.856577586060002,18.3304501699,16.09351387798,14.975045732020002,13.856577586060002
656,8.077825498600001,5.758039714386666,6.95935735264,5.840889206680001,5.840889206680001,3.3554044378800003,3.3554044378800003,0.0,3.3554044378800003,3.3554044378800003,4.72242106072,4.72242106072,5.840889206680001,6.95935735264,0.0,3.3554044378800003,4.72242106072,3.3554044378800003,4.72242106072,5.840889206680001,4.72242106072,9.19629364456,6.95935735264,4.72242106072
657,6.95935735264,6.95935735264,3.3554044378800003,4.72242106072,4.72242106072,0.0,0.0,0.0,0.0,3.3554044378800003,3.3554044378800003,4.72242106072,0.0,0.0,0.0,0.0,3.3554044378800003,0.0,0.0,0.0,0.0,6.95935735264,4.72242106072,4.72242106072
658,0.0,0.0,0.0,0.0,0.0,0.0,3.3554044378800003,0.0,0.0,0.0,0.0,0.0,0.0,4.72242106072,0.0,1.5741403535733334,0.0,3.3554044378800003,0.0,0.0,0.0,0.0,0.0,0.0
659,0.0,0.0,0.0,0.0,0.0,0.0,0.0,4.72242106072,0.0,0.0,0.0,0.0,0.0,3.3554044378800003,0.0,0.0,0.0,0.0,3.3554044378800003,0.0,0.0,0.0,0.0,0.0
660,0.0,0.0,0.0,0.0,0.0,0.0,0.0,0.0,0.0,4.72242106072,0.0,0.0,5.840889206680001,3.3554044378800003,0.0,3.3554044378800003,3.3554044378800003,3.3554044378800003,0.0,0.0,0.0,0.0,0.0,0.0
661,0.0,2.6926084995333337,2.23693629192,2.23693629192,3.5211034224666675,3.5211034224666675,4.556722076133334,6.503685145026666,5.820176833606666,6.565822264246667,7.7050027832799985,6.213711922000001,3.5211034224666675,1.5741403535733334,1.11846814596,2.3197857842133334,3.8939261377866665,5.3852169990666665,4.266748853106667,3.0654312148533336,5.095243776040001,4.639571568426668,3.0654312148533336,2.6926084995333337
662,1.1391805190333335,3.1551848315044446,3.3968291840266667,3.7696518993466674,5.046914905535557,4.674092190215556,4.9709695376,5.212613890122223,5.813272709248889,7.201001705162223,7.187193456446667,6.938644979566668,4.674092190215556,4.397927215904445,3.4175415571000003,4.618859195353333,5.916834574615556,3.7213230288422223,2.954965225128889,3.3208838160911114,5.571628356726667,6.938644979566668,5.267846884984444,4.770749931224445
663,0.0,3.3554044378800003,0.0,3.3554044378800003,5.840889206680001,5.840889206680001,3.3554044378800003,5.840889206680001,6.95935735264,4.72242106072,0.0,5.840889206680001,4.72242106072,5.840889206680001,4.72242106072,8.077825498600001,3.3554044378800003,0.0,0.0,0.0,0.0,5.840889206680001,3.3554044378800003,6.95935735264
664,4.556722076133334,3.8939261377866674,4.266748853106667,5.0123942837466675,8.45064821392,8.077825498600001,8.82347092924,7.705002783280001,6.213711922000001,3.811076645493334,6.503685145026666,6.213711922000002,7.705002783280001,4.266748853106667,4.639571568426668,2.6926084995333337,2.23693629192,1.9469630688933337,1.9469630688933337,1.9469630688933337,1.5741403535733334,3.0654312148533336,1.5741403535733334,2.6926084995333337
665,5.233326263195556,6.558918139888889,8.202099737040001,8.202099737040001,8.82347092924,8.202099737040001,9.04440290868889,8.17448323960889,8.54730595492889,8.67158019336889,9.168677147128891,8.671580193368891,7.056015093648889,9.56911635988,8.45064821392,10.770433998133333,13.311151761795557,17.667654231553332,17.21198202394,17.301735640591108,18.654944014715557,14.305345669315557,13.960139451426668,11.764627905653334
666,8.077825498600001,9.19629364456,5.840889206680001,5.840889206680001,0.0,3.3554044378800003,4.72242106072,8.077825498600001,6.95935735264,5.840889206680001,6.95935735264,3.3554044378800003,5.840889206680001,4.72242106072,4.72242106072,4.72242106072,0.0,0.0,3.3554044378800003,0.0,4.72242106072,3.3554044378800003,0.0,5.840889206680001
667,9.19629364456,11.43322993648,10.314761790520002,10.314761790520002,9.19629364456,12.7381094401,8.077825498600001,11.43322993648,11.43322993648,10.314761790520002,9.19629364456,8.077825498600001,9.19629364456,5.840889206680001,8.077825498600001,13.856577586060002,10.314761790520002,6.95935735264,12.7381094401,21.934403084659998,18.3304501699,16.09351387798,20.8159349387,20.8159349387
668,11.43322993648,9.19629364456,11.43322993648,10.314761790520002,10.314761790520002,8.077825498600001,9.19629364456,4.72242106072,8.077825498600001,5.840889206680001,6.95935735264,6.95935735264,8.077825498600001,6.95935735264,4.72242106072,4.72242106072,4.72242106072,4.72242106072,4.72242106072,0.0,6.95935735264,0.0,0.0,5.840889206680001
669,10.314761790520002,10.314761790520002,8.077825498600001,6.95935735264,9.19629364456,9.19629364456,8.077825498600001,8.077825498600001,6.95935735264,5.840889206680001,8.077825498600001,3.3554044378800003,0.0,3.3554044378800003,3.3554044378800003,0.0,4.72242106072,3.3554044378800003,0.0,0.0,4.72242106072,0.0,0.0,0.0
670,9.19629364456,16.09351387798,19.697466792740002,17.21198202394,14.975045732020002,16.09351387798,8.077825498600001,12.7381094401,12.7381094401,9.19629364456,11.43322993648,10.314761790520002,4.72242106072,6.95935735264,9.19629364456,6.95935735264,8.077825498600001,11.43322993648,3.3554044378800003,5.840889206680001,9.19629364456,8.077825498600001,0.0,0.0
671,11.122544340380001,9.19629364456,10.37689890974,11.06040722116,11.930326890240002,9.19629364456,10.004076194420001,8.82347092924,9.56911635988,7.705002783280001,10.004076194420001,8.077825498600001,7.33218006796,6.9593573526400005,8.0778254986,8.0778254986,6.58653463732,6.213711922000001,4.266748853106667,6.58653463732,6.213711921999999,4.266748853106667,3.5211034224666675,5.385216999066667
672,5.840889206680001,6.95935735264,5.840889206680001,5.840889206680001,4.72242106072,5.840889206680001,6.95935735264,5.840889206680001,0.0,4.72242106072,3.3554044378800003,6.95935735264,6.95935735264,3.3554044378800003,3.3554044378800003,0.0,0.0,0.0,0.0,0.0,0.0,0.0,0.0,4.72242106072
673,4.3495983454000005,4.3495983454000005,4.3495983454000005,9.320567883,5.385216999066667,5.5923407298,4.3495983454000005,5.5923407298,5.5923407298,4.3495983454000005,4.3495983454000005,4.3495983454000005,8.077825498600001,4.266748853106667,3.1482807071466667,4.3495983454000005,5.5923407298,1.11846814596,4.3495983454000005,3.7282271532,2.6926084995333337,5.5923407298,5.5923407298,4.3495983454000005
674,0.0,0.0,0.0,0.0,0.0,0.0,3.3554044378800003,6.95935735264,4.72242106072,4.72242106072,0.0,3.3554044378800003,0.0,3.3554044378800003,3.3554044378800003,4.72242106072,0.0,4.72242106072,4.72242106072,6.95935735264,3.3554044378800003,0.0,0.0,3.3554044378800003
675,8.077825498600001,4.72242106072,4.72242106072,4.72242106072,5.840889206680001,5.840889206680001,5.840889206680001,4.72242106072,3.3554044378800003,3.3554044378800003,3.3554044378800003,3.3554044378800003,3.3554044378800003,0.0,0.0,3.3554044378800003,3.3554044378800003,0.0,3.3554044378800003,4.72242106072,5.840889206680001,6.95935735264,8.077825498600001,9.19629364456
676,5.840889206680001,4.72242106072,3.3554044378800003,0.0,3.3554044378800003,3.3554044378800003,0.0,0.0,0.0,4.72242106072,4.72242106072,3.3554044378800003,4.72242106072,3.3554044378800003,3.3554044378800003,0.0,3.3554044378800003,0.0,3.3554044378800003,0.0,3.3554044378800003,3.3554044378800003,3.3554044378800003,3.3554044378800003
677,6.95935735264,10.314761790520002,11.43322993648,10.314761790520002,9.19629364456,10.314761790520002,10.314761790520002,11.43322993648,10.314761790520002,11.43322993648,10.314761790520002,9.19629364456,10.314761790520002,8.077825498600001,6.95935735264,6.95935735264,0.0,4.72242106072,4.72242106072,4.72242106072,6.95935735264,6.95935735264,5.840889206680001,5.840889206680001
678,8.077825498600001,8.077825498600001,0.0,0.0,5.820176833606666,5.840889206680001,5.840889206680001,0.0,4.72242106072,4.72242106072,3.3554044378800003,3.3554044378800003,5.840889206680001,4.72242106072,8.077825498600001,12.7381094401,11.43322993648,9.19629364456,11.43322993648,6.95935735264,6.95935735264,6.95935735264,5.840889206680001,4.72242106072
679,5.840889206680001,5.840889206680001,0.0,3.3554044378800003,0.0,4.72242106072,6.95935735264,9.19629364456,9.19629364456,6.95935735264,5.840889206680001,8.077825498600001,4.72242106072,0.0,4.72242106072,5.840889206680001,6.95935735264,9.19629364456,6.95935735264,9.19629364456,5.840889206680001,9.19629364456,3.3554044378800003,4.72242106072
680,5.840889206680001,4.266748853106667,6.95935735264,6.95935735264,6.130862429706667,6.95935735264,5.840889206680001,6.95935735264,4.72242106072,8.077825498600001,6.95935735264,4.72242106072,3.3554044378800003,4.72242106072,6.95935735264,5.840889206680001,8.077825498600001,10.314761790520002,12.7381094401,8.077825498600001,3.3554044378800003,8.077825498600001,4.72242106072,4.72242106072
681,1.2427423844,1.11846814596,0.0,0.0,1.11846814596,0.0,0.0,0.0,0.0,1.11846814596,1.11846814596,1.11846814596,2.6926084995333337,2.6926084995333337,3.5211034224666675,1.11846814596,2.23693629192,2.6926084995333337,2.6926084995333337,2.6926084995333337,2.6926084995333337,1.5741403535733334,1.11846814596,3.0654312148533336
682,4.72242106072,3.3554044378800003,4.72242106072,0.0,0.0,3.3554044378800003,0.0,0.0,0.0,0.0,0.0,3.3554044378800003,0.0,6.95935735264,8.077825498600001,3.3554044378800003,3.3554044378800003,6.95935735264,8.077825498600001,5.840889206680001,8.077825498600001,6.95935735264,5.840889206680001,3.3554044378800003
683,5.840889206680001,4.72242106072,3.3554044378800003,0.0,3.3554044378800003,0.0,0.0,0.0,0.0,3.3554044378800003,3.3554044378800003,0.0,0.0,0.0,3.3554044378800003,4.72242106072,8.077825498600001,5.840889206680001,4.72242106072,5.840889206680001,4.72242106072,6.95935735264,4.72242106072,5.840889206680001
684,8.077825498600001,6.95935735264,6.95935735264,5.840889206680001,8.077825498600001,5.840889206680001,6.95935735264,6.95935735264,6.95935735264,6.95935735264,5.840889206680001,6.95935735264,6.95935735264,8.077825498600001,11.43322993648,12.7381094401,13.856577586060002,10.314761790520002,9.19629364456,13.856577586060002,11.43322993648,10.314761790520002,11.43322993648,11.43322993648
685,0.0,3.3554044378800003,6.95935735264,0.0,0.0,0.0,0.0,0.0,0.0,0.0,0.0,0.0,0.0,0.0,0.0,4.72242106072,5.840889206680001,8.077825498600001,5.840889206680001,8.077825498600001,4.72242106072,9.19629364456,3.3554044378800003,3.3554044378800003
686,0.0,0.0,0.0,0.0,0.0,0.0,0.0,0.0,0.0,0.0,3.3554044378800003,0.0,0.0,0.0,0.0,4.72242106072,8.077825498600001,5.840889206680001,3.3554044378800003,6.95935735264,5.840889206680001,3.3554044378800003,3.3554044378800003,0.0
687,4.72242106072,0.0,0.0,0.0,0.0,4.72242106072,0.0,0.0,6.95935735264,5.840889206680001,11.43322993648,4.72242106072,3.3554044378800003,3.3554044378800003,5.840889206680001,4.72242106072,0.0,0.0,0.0,4.72242106072,5.840889206680001,0.0,0.0,3.3554044378800003
688,0.0,0.0,0.0,0.0,0.0,0.0,0.0,0.0,0.0,0.0,3.3554044378800003,4.72242106072,6.95935735264,5.840889206680001,4.72242106072,3.7282271532,3.3554044378800003,4.72242106072,4.72242106072,8.077825498600001,4.72242106072,5.840889206680001,0.0,4.72242106072
689,3.3554044378800003,3.3554044378800003,3.3554044378800003,4.72242106072,3.3554044378800003,5.840889206680001,5.840889206680001,4.72242106072,4.72242106072,4.72242106072,0.0,0.0,0.0,3.3554044378800003,0.0,5.468066491360001,5.840889206680001,6.95935735264,4.72242106072,3.3554044378800003,4.72242106072,6.95935735264,3.3554044378800003,3.3554044378800003
690,3.3554044378800003,5.840889206680001,3.5211034224666675,5.758039714386668,0.0,2.6926084995333337,0.0,0.0,0.0,3.3554044378800003,3.3554044378800003,4.72242106072,5.840889206680001,4.72242106072,4.72242106072,4.72242106072,4.72242106072,5.840889206680001,4.72242106072,8.077825498600001,9.19629364456,9.19629364456,6.95935735264,5.840889206680001
691,4.556722076133334,8.077825498600001,3.0654312148533336,8.077825498600001,5.840889206680001,4.72242106072,4.72242106072,4.72242106072,0.0,5.840889206680001,6.95935735264,5.840889206680001,5.840889206680001,4.72242106072,3.3554044378800003,4.72242106072,5.385216999066667,5.385216999066667,6.586534637320001,7.33218006796,8.450648213920001,8.077825498600001,7.70500278328,5.840889206680001
692,3.1482807071466667,2.23693629192,4.639571568426667,2.6926084995333337,1.11846814596,1.11846814596,3.5211034224666675,2.6926084995333337,2.6926084995333337,1.5741403535733334,0.0,0.0,0.0,0.0,0.0,1.11846814596,6.9593573526400005,6.213711922000002,6.213711921999999,6.58653463732,6.213711922000001,7.705002783280001,5.840889206680001,4.556722076133334
693,4.72242106072,5.840889206680001,5.840889206680001,4.72242106072,5.840889206680001,4.72242106072,3.3554044378800003,3.3554044378800003,0.0,0.0,4.72242106072,3.3554044378800003,3.3554044378800003,3.3554044378800003,3.3554044378800003,4.72242106072,0.0,0.0,0.0,3.3554044378800003,0.0,3.3554044378800003,0.0,4.72242106072
694,7.042206844933333,4.970969537599999,5.3852169990666665,3.1068559610000004,1.8641135766,1.8641135766,2.0712373073333334,2.4854847688,0.8284949229333334,1.4498661151333334,2.899732230266667,2.6926084995333333,4.556722076133334,2.6926084995333333,3.9353508839333333,6.006588191266668,6.627959383466667,6.006588191266666,8.906320421533334,10.5633102674,10.977557728866666,7.4564543064,6.4208356527333335,7.870701767866667
695,5.5923407298,5.840889206680001,5.5923407298,6.835083114200001,8.077825498600001,6.835083114200001,6.95935735264,8.077825498600001,4.3495983454000005,8.45064821392,6.58653463732,6.130862429706667,5.0123942837466675,3.8939261377866665,6.9593573526400005,3.7282271532,3.3554044378800003,3.7282271532,3.3554044378800003,5.840889206680001,5.5923407298,8.077825498600001,0.0,8.82347092924
696,6.876507860346667,5.012394283746667,6.048012937413334,5.34379225292,6.58653463732,7.290755321813333,7.33218006796,8.450648213920001,6.835083114200001,6.876507860346667,5.012394283746667,6.130862429706667,7.33218006796,2.3197857842133334,6.9593573526400005,3.1897054532933335,2.6926084995333337,5.1366685221866675,4.929544791453334,8.077825498600001,6.130862429706667,9.19629364456,5.758039714386666,9.817664836760002
697,6.876507860346667,5.012394283746667,6.048012937413334,5.34379225292,6.58653463732,7.290755321813333,7.33218006796,8.450648213920001,6.835083114200001,6.876507860346667,5.012394283746667,6.130862429706667,8.367798721626668,2.3197857842133334,6.9593573526400005,4.9709695376,2.6926084995333337,5.1366685221866675,4.929544791453334,8.077825498600001,6.130862429706667,9.19629364456,5.758039714386666,9.817664836760002
698,5.302367506773334,5.840889206680001,4.556722076133334,3.8525013916400006,8.45064821392,8.409223467773336,8.82347092924,7.705002783280001,6.08943768356,3.811076645493334,6.503685145026666,6.213711922000002,13.421617751520001,4.266748853106667,4.639571568426668,11.1846814596,2.23693629192,3.1897054532933335,3.0654312148533336,3.8939261377866674,1.8641135766,4.639571568426668,1.5741403535733334,5.633765475946667
699,7.953551260160001,9.548403986806667,7.58072854484,5.564724232368889,7.684290410206667,6.814370741126667,4.736229309435556,5.136668522186667,5.385216999066667,5.233326263195557,8.202099737040001,4.5843385735644455,2.6926084995333337,5.095243776040001,1.9469630688933337,5.385216999066667,5.564724232368889,7.470262555115556,5.012394283746667,6.545109891173333,5.385216999066667,6.337986160440001,5.840889206680001,6.213711922000002
700,9.175581271486667,8.057113125526667,6.462260398880001,5.109052024755556,7.684290410206667,7.64286566406,5.5647242323688895,3.5625281686133334,5.385216999066667,7.18028933208889,9.320567883,4.5843385735644455,5.758039714386666,6.586534637320001,3.0654312148533336,5.012394283746667,4.363406594115556,8.588730701075557,7.622153290986667,7.290755321813333,5.758039714386666,5.758039714386668,5.385216999066667,5.840889206680001
701,2.23693629192,8.450648213920001,8.45064821392,8.057113125526667,7.33218006796,6.586534637320001,5.468066491360001,2.3197857842133334,6.213711922000001,4.266748853106667,7.33218006796,3.1482807071466667,5.385216999066667,5.758039714386666,4.639571568426667,2.23693629192,2.23693629192,4.929544791453334,4.47387258384,4.266748853106667,3.4382539301733335,2.23693629192,6.876507860346667,6.9593573526400005
702,4.3495983454000005,5.5923407298,4.3495983454000005,5.012394283746667,5.5923407298,4.3495983454000005,5.0123942837466675,3.7282271532,5.385216999066667,5.385216999066667,8.450648213920001,3.438253930173334,0.0,6.441548025806668,3.0654312148533336,2.23693629192,5.012394283746667,7.373604814106667,2.23693629192,6.835083114200001,5.5923407298,4.3495983454000005,8.077825498600001,8.077825498600001
703,9.348184380431112,6.5243975181,5.695902595166667,4.998586035031112,4.9709695376,4.929544791453334,5.357600501635556,2.3819229034333333,5.77875208746,4.142474614666667,6.648671756540001,1.9124424471044446,2.9825817225600004,5.633765475946667,5.405929372140001,2.23693629192,4.045816873657778,6.192999548926667,6.862699611631112,5.7373273413133345,6.15157480278,5.21951801448,6.586534637320001,6.192999548926667
704,15.65855404344,6.897220233420001,5.778752087460001,4.47387258384,4.59814682228,4.59814682228,4.47387258384,3.4175415571000003,3.4175415571000003,2.29907341114,2.29907341114,2.29907341114,4.47387258384,2.29907341114,2.29907341114,2.23693629192,3.4175415571000003,3.4175415571000003,8.94774516768,3.4175415571000003,3.4175415571000003,8.94774516768,4.59814682228,5.778752087460001
705,4.47387258384,6.441548025806667,5.447354118286667,6.710808875760001,4.246036480033333,4.991681910673334,4.246036480033333,4.618859195353334,3.8732137647133342,8.94774516768,3.500391049393334,5.447354118286668,6.710808875760001,4.618859195353334,4.991681910673335,2.23693629192,6.95935735264,6.835083114200001,2.23693629192,4.680996314573334,2.651183753386667,4.47387258384,4.6602839415,4.3495983454000005
706,8.077825498600001,6.835083114200001,5.695902595166667,6.2965614142933335,6.462260398880001,4.929544791453334,5.081435527324445,2.3819229034333333,5.405929372140001,3.990583878795556,6.648671756540001,1.9124424471044446,2.7892662405422226,5.405929372140001,0.7663578037133334,2.23693629192,5.364504625993334,3.7282271532,8.077825498600001,6.835083114200001,8.077825498600001,12.427423844,11.8060526518,8.077825498600001
707,15.65855404344,10.356186536666668,6.462260398880001,6.2965614142933335,9.175581271486667,7.64286566406,5.537107734937778,3.5625281686133334,5.385216999066667,6.662480005255556,9.320567883,4.5843385735644455,3.686802407053334,6.441548025806668,0.0,3.438253930173334,6.565822264246667,7.6359615397022225,4.47387258384,9.113444152266668,8.492072960066666,4.47387258384,9.320567883,11.1846814596
708,6.835083114200001,4.266748853106667,3.8939261377866674,7.311467694886669,5.385216999066667,5.3852169990666665,5.758039714386666,3.1482807071466667,5.012394283746667,5.385216999066667,5.012394283746667,5.012394283746667,5.840889206680001,5.012394283746667,3.811076645493334,5.012394283746667,8.077825498600001,5.5923407298,6.835083114200001,4.639571568426667,3.0654312148533336,5.758039714386666,0.0,1.5741403535733334
709,8.94774516768,18.641135766,6.462260398880001,6.710808875760001,9.175581271486667,7.64286566406,5.537107734937778,3.5625281686133334,5.405929372140001,6.662480005255556,9.320567883,4.5843385735644455,3.686802407053334,6.441548025806668,0.0,2.23693629192,9.320567883,11.8060526518,4.47387258384,13.670166228400001,11.8060526518,6.710808875760001,11.8060526518,17.398393381600002
710,10.149062805933333,10.791146371206667,6.814370741126669,7.166481083373334,6.462260398880001,6.793658368053333,5.758039714386666,4.701708687646667,4.6602839415,4.2874612261800005,3.583240541686667,1.9124424471044446,3.9767756300800006,4.515297329986667,0.7663578037133334,2.23693629192,6.034204688697778,3.956063257006667,7.166481083373334,7.974263633233335,7.767139902500001,4.47387258384,8.160674990893334,10.418323655886669
711,6.710808875760001,6.938644979566668,6.482972771953334,7.318371819244445,8.036400752453334,5.34379225292,5.730423216955555,3.4589663032466667,3.086143587926667,3.7696518993466674,0.7663578037133334,0.7663578037133334,4.47387258384,2.713320872606667,0.7663578037133334,2.23693629192,1.1391805190333335,2.713320872606667,5.371408750351112,4.6602839415,5.77875208746,4.47387258384,6.172287175853334,6.938644979566668
712,4.47387258384,6.33798616044,4.970969537600001,4.47387258384,9.320567883,6.58653463732,4.618859195353334,5.0745314029666675,6.192999548926667,6.855795487273334,5.820176833606666,6.938644979566668,4.47387258384,5.7373273413133345,4.72242106072,2.23693629192,8.077825498600001,8.077825498600001,2.23693629192,5.5923407298,6.835083114200001,2.23693629192,9.320567883,9.320567883
713,6.917932606493333,6.08943768356,5.34379225292,8.119250244746667,9.320567883,8.0778254986,7.684290410206668,5.0745314029666675,6.938644979566668,7.311467694886669,6.938644979566668,6.938644979566668,7.705002783280001,6.938644979566668,4.618859195353334,4.142474614666667,6.938644979566668,4.639571568426667,3.3139796917333335,4.888120045306667,5.675190222093334,6.048012937413334,5.923738698973334,3.8110766454933334
714,9.320567883,12.427423844,4.3495983454000005,11.8060526518,11.8060526518,8.077825498600001,5.778752087460001,5.778752087460001,5.778752087460001,5.778752087460001,5.778752087460001,5.778752087460001,10.5633102674,5.778752087460001,5.778752087460001,4.3495983454000005,5.778752087460001,2.4854847688,4.3495983454000005,4.3495983454000005,6.835083114200001,5.5923407298,3.7282271532,5.5923407298
715,10.149062805933335,9.734815344466668,7.4564543064,3.3139796917333335,3.3139796917333335,2.6926084995333333,1.8641135766,1.8641135766,2.4854847688,3.5211034224666666,4.3495983454000005,2.899732230266667,5.178093268333334,5.3852169990666665,4.3495983454000005,3.3139796917333335,1.4498661151333334,1.4498661151333334,0.8284949229333334,4.142474614666667,5.799464460533334,6.835083114200001,6.006588191266666,4.763845806866667
716,6.213711922000001,5.468066491360001,5.385216999066667,3.5211034224666675,5.012394283746667,4.639571568426668,3.5211034224666675,3.4382539301733335,2.6926084995333337,3.4382539301733335,2.3197857842133334,3.0654312148533336,2.23693629192,2.6926084995333337,6.9593573526400005,11.06040722116,10.31476179052,10.687584505840002,11.495367055700001,10.74972162506,9.56911635988,9.56911635988,9.19629364456,6.58653463732
717,4.72242106072,5.468066491360001,5.385216999066667,3.5211034224666675,5.012394283746667,4.639571568426668,3.5211034224666675,3.4382539301733335,2.6926084995333337,3.4382539301733335,2.3197857842133334,3.0654312148533336,3.3554044378800003,2.6926084995333337,6.95935735264,10.314761790520002,9.19629364456,10.314761790520002,10.314761790520002,9.19629364456,9.19629364456,8.077825498600001,8.077825498600001,4.72242106072
718,6.213711922000001,5.468066491360001,5.385216999066667,3.5211034224666675,5.012394283746667,4.639571568426668,3.5211034224666675,3.4382539301733335,2.6926084995333337,3.4382539301733335,2.3197857842133334,3.0654312148533336,2.23693629192,2.6926084995333337,6.9593573526400005,11.06040722116,10.31476179052,10.687584505840002,11.495367055700001,10.74972162506,9.56911635988,9.56911635988,9.19629364456,6.58653463732
719,8.45064821392,5.385216999066667,6.130862429706667,3.8939261377866674,6.130862429706667,3.8939261377866674,4.266748853106667,4.639571568426667,5.012394283746667,4.639571568426667,4.266748853106667,5.3852169990666665,5.012394283746667,5.385216999066667,9.19629364456,12.675972320880001,12.241012486340002,10.687584505840002,10.74972162506,12.675972320880001,10.68758450584,10.314761790520002,10.68758450584,8.82347092924
720,7.166481083373333,5.468066491360001,5.882313952826667,4.432447837693334,3.438253930173333,3.8110766454933334,3.6039529147600002,4.47387258384,2.9825817225600004,4.84669529916,3.6453776609066666,2.402635276506667,2.4854847688,4.266748853106667,3.8525013916400006,1.0356186536666667,3.3968291840266667,3.438253930173333,3.8110766454933334,3.3968291840266667,2.9825817225600004,4.3495983454000005,3.065431214853333,2.2369362919199998
721,2.402635276506667,4.432447837693334,4.018200376226667,2.9825817225600004,0.7456454306400001,1.11846814596,1.11846814596,2.60975900724,1.7398393381600001,1.11846814596,1.98838781504,1.7812640843066667,0.8284949229333334,1.7812640843066667,1.5741403535733334,0.0,1.7398393381600001,0.7456454306400001,1.11846814596,1.7398393381600001,3.1897054532933335,1.2427423844,1.4084413689866668,1.4084413689866668
722,3.3139796917333335,2.899732230266667,1.8641135766,2.0712373073333334,1.0356186536666667,1.6569898458666668,1.6569898458666668,1.0356186536666667,1.2427423844,1.4498661151333334,0.0,0.0,0.0,0.0,0.0,0.0,0.8284949229333334,1.4498661151333334,1.2427423844,1.0356186536666667,1.4498661151333334,1.2427423844,1.0356186536666667,1.0356186536666667
723,5.675190222093334,5.716614968240001,2.402635276506667,3.6039529147600002,1.8641135766,2.402635276506667,2.9825817225600004,3.6039529147600002,3.438253930173333,2.402635276506667,3.8110766454933334,4.432447837693334,6.503685145026668,6.089437683560001,4.556722076133334,4.142474614666667,5.923738698973334,4.2253241069600005,3.8110766454933334,5.012394283746667,5.012394283746667,4.018200376226667,4.2253241069600005,5.633765475946667
724,6.876507860346667,9.548403986806667,7.705002783280001,9.56911635988,6.876507860346667,4.639571568426667,2.6926084995333337,1.11846814596,0.0,0.0,2.23693629192,3.811076645493334,0.0,5.095243776040001,1.5741403535733334,3.0654312148533336,2.6926084995333337,2.6926084995333337,3.1482807071466667,4.183899360813334,4.72242106072,2.6926084995333337,1.11846814596,1.11846814596
725,9.56911635988,6.58653463732,6.9593573526400005,8.45064821392,6.58653463732,6.130862429706667,3.5211034224666675,5.385216999066667,6.130862429706667,5.012394283746667,6.503685145026668,6.503685145026668,4.929544791453334,3.8939261377866665,0.0,3.811076645493334,1.11846814596,0.0,0.0,1.11846814596,1.11846814596,0.0,0.0,1.11846814596
726,1.11846814596,0.6489876896311112,1.0218104049511112,0.37282271532000005,1.5741403535733334,4.183899360813334,3.811076645493334,2.23693629192,3.3554044378800003,2.6926084995333337,3.1482807071466667,3.8939261377866665,1.9469630688933337,3.811076645493334,1.5741403535733334,2.6926084995333337,3.1482807071466667,1.5741403535733334,0.0,2.6926084995333337,3.0654312148533336,3.8110766454933334,2.23693629192,2.6926084995333337
727,6.130862429706667,6.503685145026668,6.130862429706667,6.586534637320001,6.9593573526400005,6.9593573526400005,6.503685145026668,6.213711922000001,3.8110766454933334,5.012394283746667,3.1482807071466667,4.639571568426667,4.639571568426668,3.811076645493334,3.811076645493334,3.8939261377866665,5.012394283746667,1.5741403535733334,4.556722076133334,3.0654312148533336,3.4382539301733335,3.8939261377866665,5.84088920668,7.705002783280001
728,3.7282271532,3.7282271532,3.106855961,4.3495983454000005,7.4564543064,7.4564543064,6.835083114200001,6.213711922,4.3495983454000005,6.213711922,4.3495983454000005,8.077825498600001,6.835083114200001,10.5633102674,7.4564543064,7.4564543064,9.9419390752,12.427423844,9.9419390752,12.427423844,11.8060526518,10.5633102674,8.699196690800001,8.077825498600001
729,24.150627003506667,27.651018052900003,24.958409553366668,21.47873087704667,24.58558683804667,20.360262731086667,24.212764122726668,25.72476735708,28.417375856613337,17.294831516233334,20.73308544640667,20.733085446406665,22.659336142226667,16.09351387798,14.250112674453334,14.16726318216,8.429935840846667,12.675972320880001,12.303149605560002,13.794440466840001,13.877289959133336,9.19629364456,10.356186536666668,14.167263182160001
730,7.33218006796,11.495367055700001,11.930326890240002,10.68758450584,13.856577586060004,15.720691162660001,14.229400301380002,12.675972320880001,11.55750417492,10.31476179052,9.631253479100002,6.213711922000001,6.586534637320001,5.840889206680001,6.58653463732,11.495367055700001,14.602223016700002,14.975045732020002,14.975045732020002,14.975045732020002,14.97504573202,14.229400301380002,11.495367055700001,9.56911635988
731,5.302367506773334,5.965163445120001,4.059625122373333,5.488778864433333,6.3586985335133335,9.161773022771113,7.518591425620002,8.85799155102889,9.85218545854889,11.27443507625111,9.203197768917777,9.520787489375556,9.189389520202221,11.032790723728889,12.075313501753334,9.962651448273334,12.344574351706667,10.632351510977779,13.877289959133336,11.522983553131112,11.598928921066667,8.492072960066666,7.8776058922244445,8.429935840846667
732,6.213711922,4.3495983454000005,0.0,2.4854847688,3.106855961,2.4854847688,3.106855961,4.3495983454000005,3.106855961,2.4854847688,4.9709695376,7.4564543064,9.320567883,8.077825498600001,8.077825498600001,9.320567883,8.077825498600001,6.835083114200001,5.5923407298,4.9709695376,5.5923407298,3.7282271532,3.7282271532,3.106855961
733,4.9709695376,2.4854847688,3.106855961,3.7282271532,2.6926084995333333,3.5211034224666666,2.6926084995333337,1.0356186536666667,4.142474614666667,2.6926084995333333,4.3495983454000005,5.799464460533334,7.4564543064,0.0,6.213711922,5.5923407298,5.5923407298,6.213711922,6.213711922,6.213711922,8.699196690800001,7.4564543064,6.835083114200001,5.5923407298
734,11.122544340380001,10.31476179052,10.74972162506,9.9419390752,8.82347092924,10.004076194420001,8.82347092924,8.0778254986,8.077825498600001,7.33218006796,7.705002783280001,8.0778254986,8.450648213920001,6.58653463732,4.639571568426667,6.58653463732,5.84088920668,5.840889206680001,7.705002783280001,4.639571568426668,6.58653463732,5.385216999066667,2.6926084995333337,10.004076194420001
735,5.771847963102222,2.457868271368889,3.134472458431111,1.6569898458666668,2.554526012377778,3.244938448155555,0.6213711922,0.3452062178888889,3.6591859096222223,1.0356186536666667,3.1068559610000004,3.7972683967777776,2.4854847688,0.0,4.22532410696,1.6569898458666668,3.962967381364445,5.053819029893334,2.899732230266667,4.308173599253333,5.4404499939288895,2.0712373073333334,3.949159132648889,3.7558436506311117
736,3.7282271532,6.213711922,6.213711922,6.876507860346667,7.4564543064,8.077825498600001,11.1846814596,9.9419390752,9.320567883,11.1846814596,11.1846814596,10.5633102674,11.1846814596,9.9419390752,7.4564543064,13.048795036200001,14.9129086128,15.534279805,11.8060526518,16.155650997200002,13.048795036200001,13.670166228400001,14.291537420600001,8.699196690800001
737,0.0,0.0,0.0,0.0,0.0,0.0,0.0,0.0,0.0,0.0,0.0,0.0,0.0,0.0,0.0,0.0,0.0,0.0,0.0,0.0,0.0,0.0,0.0,0.0
738,5.468066491360001,6.034204688697778,4.791462304297778,2.775457991826667,2.0021960637555556,3.7558436506311117,1.9469630688933333,3.493486925035556,1.7536475868755559,1.5741403535733334,3.7696518993466674,3.1482807071466667,2.5683342610933337,5.495682988791111,4.556722076133334,2.4854847688,7.7602357781422215,8.39541521905778,5.882313952826667,10.825666992995556,11.170873210884444,5.2609427606266665,7.152672834657778,8.754429685662222
739,8.450648213920001,8.88560804846,9.941939075200002,10.376898909740001,11.122544340380003,9.56911635988,8.885608048460002,5.840889206680001,11.122544340380001,9.548403986806667,8.82347092924,7.705002783280001,5.3852169990666665,11.205393832673336,9.631253479100002,8.077825498600001,7.311467694886667,9.610541106026668,13.131644528493334,16.114226251053335,14.622935389773334,18.040476946873337,17.667654231553332,15.368580820413335
740,6.337986160440001,7.912126514013333,4.84669529916,3.6039529147600007,1.2427423844,1.0356186536666667,2.1955115457733334,2.8168827379733337,2.8168827379733337,3.6453776609066666,4.639571568426667,3.6039529147600002,4.680996314573334,5.716614968240001,4.84669529916,6.048012937413333,2.5683342610933337,4.059625122373333,2.36121053036,4.888120045306667,5.5094912375066665,6.503685145026668,5.5094912375066665,5.302367506773334
741,1.9469630688933337,4.183899360813334,0.0,0.0,1.11846814596,2.6926084995333337,3.4382539301733335,2.6926084995333337,2.6926084995333337,2.23693629192,1.11846814596,2.6926084995333337,4.556722076133334,2.6926084995333337,0.0,2.23693629192,3.1482807071466667,1.5741403535733334,0.0,2.6926084995333337,1.11846814596,2.3197857842133334,2.3197857842133334,3.8939261377866665
742,4.239132355675556,5.813272709248889,5.813272709248889,3.962967381364445,3.7972683967777776,3.1206642097155552,1.7536475868755554,4.542913827417778,4.294365350537778,2.7340332456800005,4.680996314573334,2.8168827379733337,2.8583074841200005,8.340182224195557,5.799464460533334,3.1068559610000004,9.47245861887111,12.89690430032889,6.724617124475556,12.869287802897778,12.109834123542223,9.486266867586666,11.65416191592889,9.96955557263111
743,7.70500278328,7.39431718718,5.758039714386666,1.5741403535733334,5.09524377604,3.5211034224666675,1.5741403535733334,1.11846814596,1.11846814596,4.183899360813334,3.4658704276044445,1.5741403535733334,2.1402785509111113,1.11846814596,1.5741403535733334,3.1482807071466667,1.11846814596,0.0,3.0654312148533336,1.11846814596,1.11846814596,4.611955070995556,1.11846814596,4.266748853106667
744,3.811076645493334,2.23693629192,4.72242106072,3.811076645493334,3.5211034224666675,5.012394283746667,5.3852169990666665,5.468066491360001,6.213711922000001,8.139962617820002,6.482972771953334,9.631253479100002,8.802758556166667,6.876507860346667,8.367798721626668,8.864895675386668,10.74972162506,15.368580820413333,18.434012035266665,16.487048966373333,16.83915930862,15.34786844734,15.34786844734,11.06040722116
745,2.899732230266667,3.3139796917333335,1.2427423844,1.4498661151333334,1.0356186536666667,0.0,0.6213711922,0.8284949229333334,0.6213711922,0.8284949229333334,1.0356186536666667,1.2427423844,1.4498661151333334,1.4498661151333334,1.8641135766,3.1068559610000004,1.4498661151333334,3.5211034224666666,2.899732230266667,2.4854847688,2.278361038066667,2.6926084995333333,2.0712373073333334,2.899732230266667
746,3.3139796917333335,2.0712373073333334,3.5211034224666666,2.0712373073333334,1.8641135766,1.0356186536666667,2.899732230266667,6.006588191266666,5.799464460533334,6.627959383466667,6.006588191266668,7.042206844933335,6.006588191266666,6.835083114200001,6.835083114200001,8.284949229333334,8.906320421533334,7.4564543064,8.492072960066666,9.527691613733333,7.663578037133334,7.042206844933333,6.627959383466667,5.3852169990666665
747,10.004076194420001,7.3321800679599995,7.33218006796,6.876507860346667,11.122544340380001,5.840889206680001,4.72242106072,3.438253930173334,2.6097590072400005,1.4912908612800002,2.9825817225600004,1.8641135766,2.3197857842133334,3.0654312148533336,3.8110766454933334,2.23693629192,1.5741403535733334,3.4382539301733335,3.1482807071466667,4.639571568426667,5.758039714386666,5.385216999066667,3.8939261377866665,1.11846814596
748,5.799464460533334,4.3495983454,4.142474614666667,3.7282271532,3.3139796917333335,2.2783610380666666,1.4498661151333334,0.0,1.4498661151333334,2.0712373073333334,3.5211034224666666,3.7282271532,2.6926084995333333,0.6213711922,3.7282271532,3.7282271532,2.278361038066667,4.3495983454000005,4.9709695376,3.7282271532,3.3139796917333335,4.142474614666667,2.6926084995333333,3.3139796917333335
749,9.19629364456,11.122544340380001,8.077825498600001,13.0487950362,8.82347092924,12.61383520166,11.930326890240002,18.786122377513333,14.995758105093335,15.368580820413333,10.37689890974,9.56911635988,19.24179458512667,18.868971869806668,16.19707574334667,16.19707574334667,14.167263182160001,17.667654231553335,25.351944641760003,27.651018052900003,20.360262731086667,19.24179458512667,18.868971869806668,12.241012486340002
750,0.0,0.0,1.11846814596,1.11846814596,1.11846814596,2.23693629192,1.11846814596,0.0,2.6926084995333337,0.0,0.0,0.0,0.0,0.0,0.0,0.0,0.0,1.9469630688933337,0.0,0.0,0.0,0.0,1.11846814596,1.5741403535733334
751,4.432447837693334,4.432447837693334,4.183899360813333,2.9825817225600004,4.018200376226667,6.793658368053333,5.550915983653334,6.4208356527333335,6.4208356527333335,5.799464460533334,6.58653463732,10.086925686713334,11.122544340380001,11.702490786433332,10.708296878913332,11.951039263313334,12.61383520166,12.1167382479,12.1167382479,12.945233170833333,11.702490786433335,10.480460775106668,10.646159759693333,9.0098822869
752,3.2311301994400004,2.60975900724,1.6569898458666668,2.0298125611866666,1.6569898458666668,2.60975900724,3.024006468706667,2.8168827379733337,0.8284949229333334,2.775457991826667,2.775457991826667,1.8641135766,3.3968291840266667,2.8168827379733337,4.018200376226667,3.6453776609066666,1.2427423844,6.627959383466667,7.622153290986667,4.432447837693334,4.59814682228,4.183899360813333,2.1540867996266666,2.1955115457733334
753,5.468066491360001,4.22532410696,1.7812640843066667,1.4084413689866668,3.189705453293333,4.018200376226667,4.639571568426667,5.2609427606266665,3.4382539301733335,3.6453776609066666,3.8525013916400006,5.302367506773334,5.882313952826667,5.882313952826667,7.912126514013333,8.160674990893334,10.5633102674,11.35038044418667,11.598928921066667,10.5633102674,9.776240090613333,8.367798721626668,8.947745167679999,4.22532410696
754,4.556722076133333,2.0712373073333334,4.556722076133333,4.3495983454000005,6.4208356527333335,6.627959383466667,6.627959383466667,6.835083114200001,6.835083114200001,7.663578037133334,7.4564543064,7.249330575666666,5.799464460533334,6.4208356527333335,4.763845806866667,3.9353508839333338,6.4208356527333335,6.627959383466667,5.3852169990666665,3.3139796917333335,3.5211034224666666,3.3139796917333335,5.3852169990666665,5.799464460533334
755,1.11846814596,1.9469630688933337,3.0654312148533336,1.5741403535733334,1.11846814596,2.23693629192,2.23693629192,2.6926084995333337,3.0654312148533336,3.5211034224666675,2.6926084995333337,4.639571568426668,3.811076645493334,3.811076645493334,3.811076645493334,3.5211034224666675,3.811076645493334,2.6926084995333337,1.11846814596,2.23693629192,2.6926084995333337,3.0654312148533336,3.0654312148533336,2.6926084995333337
756,5.5923407298,8.699196690800001,5.5923407298,6.213711922,4.3495983454000005,4.3495983454000005,6.006588191266668,3.9353508839333338,3.521103422466666,7.539303798693333,5.178093268333334,6.213711922000001,7.4564543064,8.699196690800001,8.699196690800001,5.5923407298,8.077825498600001,8.077825498600001,6.835083114200001,7.4564543064,8.077825498600001,9.320567883,6.835083114200001,6.835083114200001
757,7.33218006796,4.183899360813334,3.8110766454933334,6.2965614142933335,5.5923407298,7.415029560253334,8.036400752453334,1.11846814596,5.5923407298,2.5683342610933337,0.6213711922,1.9469630688933333,2.1955115457733334,4.183899360813334,3.9353508839333338,4.888120045306667,5.260942760626667,5.675190222093334,7.912126514013333,8.533497706213334,7.0836315910800005,7.82927702172,8.284949229333334,6.08943768356
758,11.1846814596,11.868189771019999,12.241012486340002,13.48375487074,12.675972320880001,11.930326890240002,9.941939075200002,8.82347092924,9.941939075200002,7.33218006796,8.077825498600001,7.33218006796,8.0778254986,8.077825498600001,7.33218006796,8.450648213920001,10.74972162506,10.31476179052,10.74972162506,9.19629364456,9.9419390752,9.25843076378,12.303149605560002,9.56911635988
759,5.675190222093334,3.7282271532,4.722421060720001,3.8939261377866674,4.3495983454000005,2.1540867996266666,1.9469630688933333,1.5741403535733334,1.11846814596,1.11846814596,0.7456454306400001,1.3670166228400003,0.8284949229333334,3.1482807071466667,3.5625281686133334,2.775457991826667,4.515297329986667,3.7282271532,4.515297329986667,3.7282271532,2.36121053036,0.8284949229333334,0.37282271532000005,1.2013176382533335
760,16.487048966373333,14.250112674453334,19.241794585126666,11.101831967306666,14.995758105093335,13.421617751519998,16.83915930862,13.421617751520001,10.811858744280002,15.741403535733335,20.360262731086667,20.360262731086664,8.51278533314,13.421617751520001,17.667654231553332,15.28573132812,19.614617300446668,23.11500834984,26.159727191620004,19.614617300446668,16.859871681693335,20.360262731086667,13.131644528493334,16.94272117398667
761,17.688366604626665,21.168045280946668,26.0975900724,16.859871681693335,18.413299662193335,14.250112674453334,16.569898458666668,11.930326890240002,16.466336593300003,18.040476946873337,13.0487950362,11.930326890240002,12.30314960556,9.25843076378,11.101831967306666,9.25843076378,9.548403986806667,10.811858744280002,13.877289959133334,9.6312534791,18.868971869806668,11.557504174919998,8.802758556166667,11.930326890240002
762,12.30314960556,13.794440466840001,11.474654682626666,16.922008800913336,17.294831516233334,23.287611458784443,18.413299662193335,15.368580820413335,12.040792879964444,12.675972320880001,10.376898909740001,10.31476179052,14.084413689866665,11.1846814596,8.802758556166667,8.802758556166667,10.832571117353334,10.00407619442,11.847477397946667,8.864895675386668,16.34206235486,9.175581271486667,5.84088920668,6.213711921999999
763,5.5923407298,6.006588191266666,5.799464460533334,4.556722076133333,3.5211034224666666,3.3139796917333335,3.1068559609999995,4.3495983454000005,2.6926084995333333,1.2427423844,2.4854847688,3.7282271532,4.556722076133333,2.899732230266667,2.6926084995333333,3.3139796917333335,7.8707017678666675,6.213711922000001,6.627959383466667,10.356186536666668,10.977557728866666,8.906320421533335,7.663578037133334,7.456454306400001
764,8.6991966908,8.492072960066666,6.420835652733334,3.3139796917333335,3.3139796917333335,3.3139796917333335,2.899732230266667,3.1068559610000004,3.1068559610000004,4.763845806866667,5.5923407298,3.1068559609999995,5.3852169990666665,4.9709695376,3.1068559610000004,2.6926084995333333,1.6569898458666668,0.8284949229333334,1.0356186536666667,4.763845806866667,5.5923407298,6.627959383466667,6.006588191266666,4.763845806866667
765,4.266748853106667,5.468066491360001,5.675190222093335,4.639571568426667,2.402635276506667,2.1540867996266666,1.9469630688933333,2.60975900724,1.7398393381600001,1.11846814596,1.98838781504,2.402635276506667,1.6569898458666668,2.60975900724,2.8168827379733337,1.6569898458666668,3.1897054532933335,1.7812640843066667,2.5683342610933337,2.7754579918266664,4.432447837693334,2.0712373073333334,1.4084413689866668,2.2369362919199998
766,5.799464460533334,4.763845806866667,2.899732230266667,2.6926084995333333,2.899732230266667,4.3495983454000005,4.556722076133334,4.763845806866667,3.5211034224666666,2.899732230266667,4.142474614666667,5.3852169990666665,6.420835652733334,6.213711922000001,9.9419390752,9.527691613733333,11.1846814596,12.427423844000002,13.463042497666668,13.670166228400001,11.806052651800002,9.734815344466668,9.941939075199999,5.799464460533334
767,0.0,1.11846814596,0.0,0.0,1.11846814596,1.11846814596,0.0,1.11846814596,2.6926084995333337,3.0654312148533336,1.11846814596,0.0,0.0,0.0,0.0,0.0,0.0,0.0,0.0,1.5741403535733334,0.0,1.11846814596,0.0,0.0
768,5.5923407298,5.799464460533334,4.9709695376,4.9709695376,4.556722076133333,4.9709695376,3.5211034224666666,2.899732230266667,2.899732230266667,2.6926084995333337,1.0356186536666667,1.8641135766,0.6213711922,0.6213711922,1.2427423844,1.0356186536666667,1.4498661151333334,2.6926084995333337,3.3139796917333335,2.4854847688,2.899732230266667,1.2427423844,2.0712373073333334,2.0712373073333334
769,10.376898909740001,6.9593573526400005,8.51278533314,8.077825498600001,2.3197857842133334,2.6926084995333337,7.622153290986668,4.639571568426668,5.758039714386666,4.639571568426668,4.266748853106667,4.639571568426668,6.58653463732,5.012394283746667,6.586534637320001,7.249330575666666,6.130862429706667,3.5211034224666675,5.012394283746667,8.0778254986,4.183899360813334,5.468066491360001,4.639571568426667,3.811076645493334
770,5.178093268333334,5.178093268333334,2.899732230266667,2.278361038066667,1.0356186536666667,0.0,1.4498661151333334,1.4498661151333334,1.6569898458666668,1.4498661151333334,1.6569898458666668,2.0712373073333334,2.278361038066667,2.4854847688,3.3139796917333335,4.142474614666667,2.899732230266667,3.5211034224666666,3.1068559610000004,3.5211034224666666,3.5211034224666666,3.5211034224666666,2.899732230266667,4.3495983454000005
771,3.0654312148533336,1.9469630688933337,2.6926084995333337,3.8939261377866665,0.0,2.23693629192,1.11846814596,2.6926084995333337,1.11846814596,0.0,0.0,1.11846814596,1.11846814596,0.0,0.0,0.0,0.0,0.0,1.11846814596,1.5741403535733334,0.0,1.5741403535733334,0.0,0.0
772,3.3554044378800003,4.72242106072,1.5741403535733334,1.5741403535733334,1.9469630688933337,0.0,1.11846814596,2.6926084995333337,1.11846814596,3.0654312148533336,2.6926084995333337,2.6926084995333337,5.012394283746667,5.012394283746667,4.266748853106667,0.0,2.23693629192,0.0,1.9469630688933337,3.0654312148533336,6.58653463732,4.266748853106667,5.468066491360001,5.3852169990666665
773,6.006588191266668,7.8707017678666675,6.835083114200001,5.3852169990666665,3.9353508839333333,3.9353508839333338,3.1068559610000004,4.9709695376,3.1068559610000004,1.4498661151333334,1.8641135766,3.7282271532,4.763845806866667,5.178093268333334,4.763845806866667,3.9353508839333333,8.492072960066666,6.835083114200001,13.670166228400001,15.534279805000002,16.569898458666668,14.705784882066666,12.841671305466667,10.97755772886667
774,6.9593573526400005,5.012394283746667,4.639571568426668,3.8939261377866674,3.5211034224666675,3.5211034224666675,3.0654312148533336,2.6926084995333337,2.6926084995333337,1.5741403535733334,1.5741403535733334,1.11846814596,2.23693629192,0.0,0.0,2.6926084995333337,1.11846814596,5.012394283746667,5.758039714386666,6.213711922000001,4.266748853106667,4.929544791453334,7.705002783280001,7.70500278328
775,1.9262506958200003,1.9262506958200003,3.0447188417800004,5.0745314029666675,3.500391049393334,4.991681910673335,1.5327156074266668,1.5327156074266668,1.5327156074266668,1.1391805190333335,2.713320872606667,1.1391805190333335,1.1391805190333335,1.1391805190333335,1.1391805190333335,0.7663578037133334,1.1391805190333335,1.1391805190333335,0.7663578037133334,1.1391805190333335,1.1391805190333335,1.1391805190333335,3.086143587926667,2.651183753386667
776,13.794440466840001,14.250112674453334,13.877289959133336,15.34786844734,16.114226251053335,12.98665791698,13.85657758606,12.675972320880001,9.631253479100002,14.933620985873333,11.122544340380001,11.868189771019999,10.376898909740001,15.368580820413333,14.560798270553335,13.794440466840001,15.368580820413335,16.197075743346666,25.7869044763,24.2334764958,19.987440015766666,18.434012035266665,13.048795036200003,11.868189771019999
777,1.11846814596,2.23693629192,3.3554044378800003,1.5741403535733334,3.3554044378800003,2.6926084995333337,2.23693629192,0.0,1.11846814596,2.6926084995333337,1.11846814596,1.11846814596,1.11846814596,1.11846814596,3.1482807071466667,2.23693629192,7.33218006796,6.213711922000002,6.58653463732,4.639571568426667,5.385216999066667,3.811076645493334,5.095243776040001,4.72242106072
778,2.6926084995333337,1.5741403535733334,1.5741403535733334,3.8110766454933334,3.0654312148533336,5.468066491360001,5.3852169990666665,4.266748853106667,1.11846814596,4.266748853106667,3.438253930173334,3.8110766454933334,2.6926084995333337,4.183899360813334,4.639571568426667,3.0654312148533336,2.6926084995333337,4.639571568426668,5.385216999066667,3.4382539301733335,0.0,0.0,1.11846814596,2.23693629192
779,5.840889206680001,5.840889206680001,7.705002783280001,6.876507860346668,7.33218006796,6.503685145026668,8.077825498600001,9.56911635988,9.25843076378,8.450648213920001,7.311467694886667,7.33218006796,8.0778254986,11.930326890240002,13.0487950362,13.421617751520001,13.794440466840001,15.34786844734,16.487048966373337,17.294831516233334,18.413299662193335,18.413299662193335,15.720691162660001,13.794440466840001
780,16.09351387798,11.43322993648,9.19629364456,9.19629364456,8.077825498600001,8.077825498600001,8.077825498600001,8.077825498600001,9.19629364456,6.95935735264,9.19629364456,5.840889206680001,4.72242106072,4.72242106072,5.840889206680001,8.077825498600001,5.840889206680001,5.840889206680001,6.95935735264,6.95935735264,4.72242106072,1.11846814596,2.23693629192,3.3554044378800003
781,8.077825498600001,7.705002783280001,8.802758556166667,7.249330575666669,6.876507860346668,7.622153290986667,4.266748853106667,4.266748853106667,4.639571568426668,3.1482807071466667,2.6926084995333337,2.6926084995333337,2.3197857842133334,5.012394283746667,1.9469630688933337,1.11846814596,1.5741403535733334,1.5741403535733334,3.0654312148533336,3.5211034224666675,6.213711922000001,4.556722076133334,4.639571568426667,6.130862429706667
782,12.303149605560002,10.00407619442,8.88560804846,11.951039263313334,8.88560804846,10.832571117353334,5.3852169990666665,5.758039714386666,6.938644979566668,3.438253930173334,9.56911635988,2.6926084995333337,9.631253479100002,10.00407619442,7.9949760063066675,12.696684693953335,11.930326890240002,8.88560804846,8.057113125526667,9.631253479100002,14.995758105093335,16.549186085593334,21.168045280946668,16.487048966373333
783,8.802758556166667,9.25843076378,6.793658368053333,6.089437683560001,8.077825498600001,6.917932606493334,8.0778254986,6.213711922000001,3.3968291840266667,8.450648213920001,6.58653463732,6.130862429706667,5.012394283746667,3.8939261377866665,6.9593573526400005,1.2427423844,2.23693629192,3.1897054532933335,3.811076645493334,5.012394283746667,5.385216999066667,8.077825498600001,3.0654312148533336,8.326373975480001
784,1.5741403535733334,3.0654312148533336,3.1482807071466667,5.012394283746667,3.8939261377866674,6.130862429706667,6.130862429706667,2.3197857842133334,1.9469630688933337,1.11846814596,3.1482807071466667,0.0,1.11846814596,1.11846814596,2.6926084995333337,3.0654312148533336,1.11846814596,1.5741403535733334,1.11846814596,5.385216999066667,5.012394283746667,3.811076645493334,5.468066491360001,2.6926084995333337
785,2.23693629192,3.3554044378800003,3.3554044378800003,3.3554044378800003,2.23693629192,3.3554044378800003,3.3554044378800003,4.72242106072,3.3554044378800003,3.3554044378800003,2.23693629192,2.23693629192,0.0,2.23693629192,2.23693629192,0.0,3.3554044378800003,2.23693629192,3.3554044378800003,3.3554044378800003,3.3554044378800003,0.0,1.11846814596,1.11846814596
786,9.527691613733333,8.699196690800001,7.042206844933333,3.9353508839333333,3.3139796917333335,2.4854847688,1.6569898458666668,1.8641135766,1.4498661151333334,3.1068559609999995,3.1068559610000004,2.6926084995333337,4.9709695376,4.9709695376,4.556722076133334,3.7282271532,2.0712373073333334,3.3139796917333335,2.4854847688,3.7282271532,5.178093268333334,5.799464460533334,4.3495983454000005,2.899732230266667
787,8.160674990893334,5.2609427606266665,4.888120045306667,2.8583074841199996,2.9825817225600004,2.9825817225600004,3.1897054532933335,3.6039529147600002,1.5741403535733334,2.1955115457733334,3.6453776609066666,4.266748853106667,5.053819029893334,3.8110766454933334,5.633765475946666,5.882313952826667,8.284949229333334,8.036400752453334,9.113444152266668,11.1846814596,11.433229936479998,7.746427529426668,7.497879052546668,7.746427529426668
788,3.7282271532,2.6926084995333333,1.6569898458666668,0.8284949229333334,1.0356186536666667,0.0,0.8284949229333334,0.6213711922,1.0356186536666667,0.6213711922,0.6213711922,0.8284949229333334,0.8284949229333334,1.0356186536666667,1.4498661151333334,2.278361038066667,1.4498661151333334,2.899732230266667,2.4854847688,2.0712373073333334,1.8641135766,1.6569898458666668,1.4498661151333334,2.6926084995333337
789,4.515297329986667,5.965163445120001,4.142474614666667,3.1897054532933335,1.4084413689866668,0.99419390752,0.0,0.0,0.37282271532000005,2.6926084995333337,2.3197857842133334,4.391023091546667,4.142474614666667,4.391023091546667,2.0298125611866666,3.024006468706667,1.4084413689866668,1.11846814596,2.6926084995333337,3.7282271532,5.178093268333334,3.4796786763200003,3.9353508839333338,4.142474614666667
790,3.3554044378800003,5.840889206680001,2.23693629192,1.11846814596,1.11846814596,1.11846814596,0.0,0.0,1.11846814596,3.3554044378800003,2.23693629192,4.72242106072,4.72242106072,4.72242106072,1.11846814596,4.72242106072,1.11846814596,3.3554044378800003,3.3554044378800003,4.72242106072,4.72242106072,3.3554044378800003,3.3554044378800003,4.72242106072
791,5.840889206680001,3.3554044378800003,2.23693629192,1.11846814596,3.3554044378800003,3.3554044378800003,3.3554044378800003,3.3554044378800003,2.23693629192,2.23693629192,2.23693629192,4.72242106072,3.3554044378800003,3.3554044378800003,6.95935735264,5.840889206680001,8.077825498600001,9.19629364456,8.077825498600001,8.077825498600001,6.95935735264,5.840889206680001,6.95935735264,3.3554044378800003
792,3.686802407053334,4.929544791453334,3.3554044378800003,2.3197857842133334,0.99419390752,0.37282271532000005,0.0,0.0,0.37282271532000005,1.11846814596,2.6926084995333333,2.402635276506667,3.5211034224666666,2.1955115457733334,1.4084413689866668,2.402635276506667,0.37282271532000005,2.36121053036,2.1540867996266666,2.60975900724,3.5211034224666666,1.7398393381600001,2.6926084995333337,3.8939261377866665
793,2.23693629192,2.23693629192,3.3554044378800003,1.11846814596,3.3554044378800003,2.23693629192,1.11846814596,2.23693629192,2.23693629192,3.3554044378800003,3.3554044378800003,3.3554044378800003,4.72242106072,3.3554044378800003,3.3554044378800003,5.840889206680001,5.840889206680001,6.95935735264,6.95935735264,4.72242106072,6.95935735264,6.95935735264,4.72242106072,4.72242106072
794,7.580728544840002,4.680996314573334,4.639571568426667,3.7282271532,2.6926084995333333,3.5211034224666666,2.6926084995333337,1.0356186536666667,4.142474614666667,2.6926084995333333,4.3495983454,5.799464460533334,6.255136668146666,0.0,6.462260398880001,5.053819029893334,5.053819029893334,6.048012937413333,5.675190222093334,5.053819029893334,6.58653463732,7.08363159108,5.633765475946667,5.468066491360001
795,9.113444152266666,6.835083114200001,6.627959383466667,3.9353508839333333,3.9353508839333333,4.142474614666667,3.7282271532,4.763845806866667,3.5211034224666666,6.006588191266668,5.385216999066667,3.3139796917333335,4.763845806866667,5.5923407298,3.5211034224666666,2.0712373073333334,1.6569898458666668,0.8284949229333334,2.0712373073333334,3.9353508839333333,3.3139796917333335,6.627959383466667,5.385216999066667,4.763845806866667
796,5.302367506773334,5.799464460533334,6.172287175853334,7.705002783280001,5.758039714386666,5.550915983653334,6.669384129613334,8.574922452360001,11.495367055700001,14.312249793673336,11.909614517166668,10.294049417446667,9.610541106026668,10.335474163593334,10.086925686713334,10.770433998133333,10.791146371206667,11.536791801846668,12.779534186246666,11.516079428773333,11.163969086526668,9.092731779193334,8.533497706213334,5.385216999066667
797,0.0,1.1046598972444446,1.1046598972444446,1.4498661151333334,2.9687734738444447,2.209319794488889,1.2427423844,2.9687734738444447,3.3139796917333335,1.4498661151333334,2.4854847688000006,1.8641135766,0.6213711922,0.5523299486222223,2.347402281644445,1.6569898458666668,3.3139796917333335,2.554526012377778,1.0356186536666667,2.0021960637555556,2.1402785509111113,0.6213711922,1.6569898458666668,1.2427423844
798,4.3495983454000005,6.006588191266668,5.3852169990666665,4.9709695376,3.9353508839333338,5.178093268333334,4.556722076133333,3.3139796917333335,4.3495983454000005,3.5211034224666666,1.6569898458666668,3.1068559610000004,1.8641135766,2.899732230266667,2.899732230266667,2.899732230266667,3.1068559610000004,1.8641135766,2.6926084995333333,1.8641135766,2.4854847688,2.0712373073333334,2.278361038066667,1.2427423844
799,6.95935735264,5.840889206680001,4.72242106072,5.840889206680001,16.09351387798,6.95935735264,4.72242106072,2.23693629192,1.11846814596,2.23693629192,2.23693629192,2.23693629192,1.11846814596,1.11846814596,2.23693629192,2.23693629192,4.72242106072,6.95935735264,4.72242106072,6.95935735264,6.95935735264,8.077825498600001,4.72242106072,1.11846814596
800,7.4564543064,7.4564543064,6.213711922000001,3.3139796917333335,3.3139796917333335,2.0712373073333334,0.0,0.0,0.0,0.0,0.8284949229333334,2.899732230266667,3.7282271532,3.7282271532,4.9709695376,4.142474614666667,3.1068559610000004,2.0712373073333334,2.0712373073333334,2.4854847688,3.7282271532,4.3495983454000005,3.7282271532,3.7282271532
801,7.249330575666668,5.5923407298,5.3852169990666665,3.521103422466666,2.6926084995333333,3.3139796917333335,3.7282271532,4.142474614666667,3.5211034224666666,4.556722076133334,3.5211034224666666,2.899732230266667,3.1068559609999995,3.9353508839333338,3.9353508839333338,2.4854847688,3.1068559610000004,1.8641135766,2.899732230266667,3.1068559609999995,2.0712373073333334,4.556722076133333,3.7282271532,4.142474614666667
802,3.3139796917333335,2.6926084995333337,2.4854847688,3.7282271532,4.142474614666667,3.3139796917333335,2.2783610380666666,3.7282271532,4.9709695376,4.142474614666667,2.0712373073333334,2.899732230266667,2.6926084995333333,0.6213711922,2.0712373073333334,2.4854847688,3.9353508839333333,3.5211034224666666,2.899732230266667,2.2783610380666666,3.7282271532,2.278361038066667,1.8641135766,0.6213711922
803,4.72242106072,6.95935735264,3.3554044378800003,3.3554044378800003,0.0,0.0,2.23693629192,2.23693629192,2.23693629192,2.23693629192,3.3554044378800003,3.3554044378800003,4.72242106072,4.72242106072,5.840889206680001,6.95935735264,3.3554044378800003,4.72242106072,3.3554044378800003,4.72242106072,4.72242106072,5.840889206680001,4.72242106072,4.72242106072
804,0.0,0.0,1.11846814596,0.0,0.0,0.0,0.0,0.0,3.1482807071466667,2.6926084995333337,1.5741403535733334,1.11846814596,1.9469630688933337,1.11846814596,2.6926084995333337,1.9469630688933337,2.6926084995333337,1.5741403535733334,3.0654312148533336,6.213711922000001,1.9469630688933337,3.8939261377866674,0.0,0.0
805,2.6926084995333337,2.6926084995333337,0.0,2.6926084995333337,4.639571568426667,4.266748853106667,2.3197857842133334,3.0654312148533336,2.6926084995333337,4.266748853106667,0.0,1.11846814596,3.1482807071466667,3.0654312148533336,1.9469630688933337,4.183899360813334,2.6926084995333337,2.23693629192,1.5741403535733334,1.11846814596,0.0,2.23693629192,0.0,0.0
806,3.3139796917333335,2.899732230266667,1.8641135766,2.0712373073333334,1.0356186536666667,1.6569898458666668,1.6569898458666668,1.0356186536666667,1.2427423844,1.4498661151333334,0.0,0.0,0.0,0.0,0.0,0.0,0.8284949229333334,1.4498661151333334,1.2427423844,1.0356186536666667,1.4498661151333334,1.2427423844,1.0356186536666667,1.0356186536666667
807,8.657771944653334,9.527691613733333,7.249330575666668,8.409223467773336,5.3852169990666665,6.006588191266666,9.527691613733333,8.077825498600001,8.284949229333334,12.096025874826665,9.527691613733333,11.598928921066667,11.495367055700001,7.8707017678666675,6.006588191266668,3.1482807071466667,4.763845806866667,4.763845806866667,7.000782098786668,5.178093268333334,5.385216999066667,5.178093268333334,5.385216999066667,6.006588191266666
808,3.3139796917333335,2.899732230266667,1.8641135766,2.0712373073333334,1.0356186536666667,1.6569898458666668,1.6569898458666668,1.0356186536666667,1.2427423844,1.4498661151333334,0.0,0.0,0.0,0.0,0.0,0.0,0.8284949229333334,1.4498661151333334,1.2427423844,1.0356186536666667,1.4498661151333334,1.2427423844,1.0356186536666667,1.0356186536666667
809,0.8284949229333334,0.0,0.0,0.0,0.6213711922,0.0,0.0,0.0,0.0,0.6213711922,0.0,0.0,0.0,0.8284949229333334,1.4498661151333334,1.6569898458666668,1.8641135766,2.6926084995333333,3.5211034224666675,3.5211034224666666,2.6926084995333333,3.1068559610000004,2.6926084995333337,2.6926084995333333
810,2.3197857842133334,3.5211034224666675,4.639571568426667,3.5211034224666675,3.8939261377866665,4.929544791453334,4.266748853106667,4.639571568426668,4.266748853106667,6.213711922000002,6.213711921999999,4.72242106072,6.213711922000001,3.5211034224666675,1.9469630688933337,4.639571568426667,3.0654312148533336,3.4382539301733335,1.11846814596,4.72242106072,4.639571568426667,5.840889206680001,4.639571568426667,5.095243776040001
811,4.556722076133333,2.0712373073333334,4.556722076133333,4.3495983454000005,6.4208356527333335,6.627959383466667,6.627959383466667,6.835083114200001,6.835083114200001,7.663578037133334,7.4564543064,7.249330575666666,5.799464460533334,6.4208356527333335,4.763845806866667,3.9353508839333338,6.4208356527333335,6.627959383466667,5.3852169990666665,3.3139796917333335,3.5211034224666666,3.3139796917333335,5.3852169990666665,5.799464460533334
812,5.385216999066667,2.23693629192,2.6926084995333337,1.5741403535733334,1.11846814596,2.6926084995333337,3.811076645493334,4.556722076133333,3.5211034224666675,3.8939261377866674,4.266748853106667,4.266748853106667,4.639571568426668,6.130862429706667,4.639571568426668,5.3852169990666665,8.077825498600001,7.249330575666668,9.19629364456,9.19629364456,7.33218006796,5.84088920668,5.09524377604,5.09524377604
813,5.5923407298,3.7282271532,4.9709695376,6.835083114200001,6.835083114200001,3.106855961,1.8641135766,4.3495983454000005,4.3495983454000005,5.5923407298,4.9709695376,4.3495983454000005,6.213711922,7.4564543064,9.9419390752,9.9419390752,8.699196690800001,8.077825498600001,8.699196690800001,10.5633102674,17.398393381600002,11.8060526518,10.5633102674,9.320567883
814,5.9858758181933345,5.847793331037778,6.917932606493334,5.1435726465444445,5.861601579753334,5.77875208746,3.3001714430177778,4.018200376226667,4.915736542737778,1.6707980945822223,2.0160043124711113,2.7478414943955554,1.960771317608889,1.5327156074266668,2.347402281644445,1.6569898458666668,3.921542635217778,3.7558436506311117,2.3059775354977776,2.1402785509111113,2.927348727697778,0.5523299486222223,1.5465238561422223,1.394633120271111
815,4.47387258384,3.6453776609066666,2.9825817225600004,3.2311301994400004,3.6039529147600007,4.639571568426667,3.2311301994400004,2.1955115457733334,1.9469630688933333,1.9469630688933337,3.6453776609066666,4.639571568426667,5.550915983653333,5.136668522186667,8.492072960066666,6.710808875760001,9.424129748366667,11.246818578820003,10.68758450584,12.945233170833333,11.66106604028667,9.838377209833334,7.497879052546668,6.793658368053333
816,4.1010498685200005,5.053819029893334,5.426641745213334,8.077825498600001,5.012394283746667,4.722421060720001,7.042206844933335,10.894708236573335,12.613835201660002,16.984145920133333,13.835865212986667,11.412517563406666,11.909614517166668,12.634547574733332,13.131644528493334,13.007370290053336,14.208687928306666,13.77372809376667,14.643647762846669,14.560798270553335,14.581510643626666,11.785340278726666,9.279143136853333,6.503685145026668
817,4.266748853106667,3.244938448155556,1.3946331202711113,3.0654312148533336,2.9135404789822226,2.872115732835556,5.840889206680001,3.120664209715556,2.4164435252222223,4.542913827417778,1.5465238561422225,2.0160043124711113,2.8721157328355553,3.742035401915556,4.087241619804445,3.120664209715556,1.4912908612800002,3.0654312148533336,1.9469630688933333,2.664992002102222,1.6431815971511112,1.3946331202711113,1.6431815971511112,0.7456454306400001
818,6.503685145026666,6.130862429706667,5.758039714386666,5.302367506773334,8.802758556166667,5.385216999066667,4.266748853106667,4.266748853106667,2.6097590072400005,1.8641135766,2.60975900724,2.60975900724,1.9469630688933333,2.6926084995333333,3.438253930173334,1.4912908612800002,2.6926084995333337,3.438253930173333,2.6926084995333337,4.183899360813334,6.130862429706667,3.438253930173334,3.5211034224666666,0.7456454306400001
819,6.793658368053333,6.006588191266668,3.7282271532,7.787852275573333,4.3495983454000005,4.3495983454000005,6.006588191266668,3.9353508839333338,3.521103422466666,7.539303798693335,5.178093268333334,6.213711922000001,9.424129748366669,8.077825498600001,7.663578037133334,6.462260398880001,7.042206844933335,7.249330575666668,8.036400752453334,6.4208356527333335,7.4564543064,8.906320421533335,6.213711922000001,6.213711922000001
820,3.5211034224666666,5.799464460533334,3.7282271532,3.3139796917333335,1.6569898458666668,5.178093268333334,3.5211034224666666,1.0356186536666667,2.6926084995333333,2.4854847688,0.8284949229333334,1.6569898458666668,0.8284949229333334,2.2783610380666666,0.0,2.6926084995333337,3.1068559610000004,2.6926084995333333,2.6926084995333333,1.8641135766,2.6926084995333333,2.0712373073333334,1.2427423844,0.0
821,3.1482807071466667,3.811076645493334,5.09524377604,4.266748853106667,3.0654312148533336,5.385216999066667,4.556722076133334,6.503685145026668,7.705002783280001,8.0778254986,8.077825498600001,9.56911635988,7.705002783280001,5.758039714386668,6.9593573526400005,8.450648213920001,9.25843076378,13.48375487074,11.86818977102,13.421617751520001,14.602223016700002,14.602223016700002,11.868189771019999,8.82347092924
822,5.468066491360001,6.034204688697778,4.791462304297778,2.775457991826667,2.0021960637555556,3.7558436506311117,1.9469630688933333,3.493486925035556,1.7536475868755559,1.5741403535733334,3.7696518993466674,3.1482807071466667,2.5683342610933337,5.495682988791111,4.556722076133334,2.4854847688,7.7602357781422215,8.39541521905778,5.882313952826667,10.825666992995556,11.170873210884444,5.2609427606266665,7.152672834657778,8.754429685662222
823,5.302367506773334,6.876507860346666,3.8110766454933334,3.811076645493334,1.0356186536666667,0.6213711922,1.3670166228400003,1.5741403535733334,1.3670166228400003,1.5741403535733334,2.1540867996266666,3.6039529147600002,4.47387258384,4.266748853106667,5.468066491360001,6.255136668146666,3.6039529147600007,3.2311301994400004,2.36121053036,4.059625122373333,4.888120045306667,5.053819029893334,4.266748853106667,4.680996314573334
824,1.5741403535733334,1.4084413689866668,0.37282271532000005,0.37282271532000005,0.37282271532000005,1.2013176382533335,1.2013176382533335,2.0298125611866666,1.4084413689866668,0.37282271532000005,0.8284949229333334,0.8284949229333334,0.0,0.0,0.8284949229333334,2.0298125611866666,0.37282271532000005,0.8284949229333334,0.0,0.8284949229333334,1.0356186536666667,0.8284949229333334,1.0356186536666667,0.0
825,15.28573132812,16.922008800913332,14.97504573202,13.794440466840001,11.495367055700001,10.00407619442,6.586534637320001,5.095243776040001,5.233326263195557,5.385216999066667,5.012394283746667,3.4382539301733335,4.266748853106667,1.9469630688933337,4.266748853106667,6.9593573526400005,4.556722076133333,5.012394283746667,1.11846814596,2.23693629192,1.5741403535733334,1.11846814596,1.11846814596,0.0
826,7.249330575666666,5.5923407298,5.385216999066667,3.5211034224666666,2.6926084995333333,3.3139796917333335,3.7282271532,4.142474614666667,3.5211034224666666,4.556722076133334,3.5211034224666666,2.899732230266667,3.1068559610000004,3.9353508839333333,3.9353508839333333,2.4854847688,3.1068559610000004,1.8641135766,2.899732230266667,3.1068559610000004,2.0712373073333334,4.556722076133334,3.7282271532,4.142474614666667
827,8.699196690800001,9.320567883,7.4564543064,6.835083114200001,6.835083114200001,6.213711922,9.9419390752,8.699196690800001,8.077825498600001,11.8060526518,11.8060526518,9.9419390752,10.5633102674,6.213711922,3.7282271532,0.0,3.106855961,3.106855961,6.213711922,3.7282271532,3.7282271532,4.3495983454000005,4.3495983454000005,5.5923407298
828,5.758039714386666,8.450648213920001,5.09524377604,1.5741403535733334,2.23693629192,2.6926084995333337,3.0654312148533336,3.5211034224666675,6.9593573526400005,5.840889206680001,7.33218006796,7.249330575666669,7.33218006796,4.266748853106667,1.9469630688933337,5.468066491360001,7.33218006796,8.45064821392,7.70500278328,6.213711922000001,4.639571568426667,5.84088920668,6.213711922000002,6.130862429706667
829,6.58653463732,4.639571568426667,5.468066491360001,5.840889206680001,5.840889206680001,8.077825498600001,5.468066491360001,7.33218006796,6.213711922000002,6.58653463732,6.213711922000001,5.3852169990666665,5.468066491360001,5.840889206680001,6.213711922000001,8.82347092924,10.376898909740001,12.241012486340002,9.19629364456,9.19629364456,8.82347092924,8.077825498600001,6.213711922000001,4.639571568426668
830,1.9469630688933337,3.0654312148533336,1.11846814596,2.23693629192,2.3197857842133334,1.5741403535733334,4.639571568426667,4.183899360813334,3.0654312148533336,5.3852169990666665,1.9469630688933337,4.266748853106667,2.6926084995333337,1.11846814596,2.6926084995333337,3.0654312148533336,3.4382539301733335,5.758039714386666,6.213711922000001,5.758039714386666,5.840889206680001,6.9593573526400005,1.11846814596,2.6926084995333337
831,3.7282271532,4.3495983454000005,0.0,0.0,0.0,0.0,0.0,0.0,0.0,0.0,0.0,0.0,4.3495983454000005,1.8641135766,4.3495983454000005,5.5923407298,7.4564543064,6.213711922,8.699196690800001,4.9709695376,4.3495983454000005,4.3495983454000005,3.7282271532,3.106855961
832,3.106855961,2.4854847688,0.0,0.0,0.0,2.4854847688,2.4854847688,2.4854847688,0.0,3.106855961,3.106855961,0.0,3.106855961,2.4854847688,3.106855961,2.4854847688,0.0,8.077825498600001,11.1846814596,5.5923407298,6.835083114200001,5.5923407298,3.106855961,2.4854847688
833,8.802758556166667,6.192999548926667,5.012394283746667,7.33218006796,5.012394283746667,6.959357352640001,5.012394283746667,5.3852169990666665,7.684290410206667,5.385216999066667,10.31476179052,2.6926084995333337,7.33218006796,6.503685145026668,7.249330575666668,8.45064821392,7.311467694886667,3.1482807071466667,0.0,5.385216999066667,9.631253479100002,9.25843076378,16.176363370273336,16.487048966373333
834,0.8284949229333334,1.0356186536666667,0.0,0.0,0.0,0.8284949229333334,0.8284949229333334,1.6569898458666668,1.0356186536666667,0.0,0.8284949229333334,0.8284949229333334,0.0,0.0,0.8284949229333334,1.6569898458666668,0.0,0.8284949229333334,0.0,0.8284949229333334,1.0356186536666667,0.8284949229333334,1.0356186536666667,0.0
835,11.495367055700001,9.631253479100002,8.45064821392,5.012394283746667,7.39431718718,7.311467694886667,5.012394283746667,3.8939261377866665,5.385216999066667,5.385216999066667,8.450648213920001,3.438253930173334,3.962967381364445,6.586534637320001,3.0654312148533336,7.705002783280001,5.012394283746667,8.82347092924,7.705002783280001,6.58653463732,5.840889206680001,6.462260398880001,4.266748853106667,5.095243776040001
836,3.024006468706667,2.8168827379733337,2.7754579918266664,3.6453776609066666,5.675190222093334,5.2609427606266665,4.47387258384,4.680996314573334,4.639571568426667,6.917932606493333,5.302367506773334,7.539303798693335,8.450648213920001,10.107638059786666,8.699196690800001,8.574922452360001,10.8739958635,12.696684693953335,10.894708236573335,13.152356901566668,13.110932155420002,11.495367055700001,8.119250244746667,7.82927702172
837,5.34379225292,5.799464460533334,4.3495983454000005,3.748939526273334,2.29907341114,4.41173546462,3.376116810953334,1.5327156074266668,2.36121053036,2.1747991727000002,1.9676754419666669,1.5948527266466668,1.5948527266466668,1.8019764573800001,0.7663578037133334,2.216223918846667,2.7961703649,3.003294095633333,3.2104178263666667,2.1747991727000002,2.7961703649,2.589046634166667,1.7605517112333333,0.7663578037133334
838,2.3197857842133334,3.0654312148533336,2.3197857842133334,4.639571568426667,9.56911635988,6.503685145026668,11.06040722116,13.0487950362,11.122544340380001,8.82347092924,9.631253479100002,3.4382539301733335,1.11846814596,1.11846814596,2.6926084995333337,4.639571568426667,9.19629364456,8.82347092924,9.941939075200002,9.19629364456,9.9419390752,6.503685145026668,3.8939261377866665,3.8939261377866665
839,4.266748853106667,1.11846814596,1.5741403535733334,1.11846814596,3.4382539301733335,5.385216999066667,5.012394283746667,3.811076645493334,1.11846814596,2.6926084995333337,3.4382539301733335,3.8939261377866665,1.5741403535733334,2.6926084995333337,1.11846814596,2.6926084995333337,1.11846814596,0.0,1.11846814596,3.3554044378800003,3.811076645493334,2.6926084995333337,1.11846814596,5.840889206680001
840,5.675190222093334,3.7282271532,4.722421060720001,3.8939261377866674,4.3495983454000005,2.1540867996266666,1.9469630688933333,1.5741403535733334,1.11846814596,1.11846814596,0.7456454306400001,1.3670166228400003,0.8284949229333334,3.1482807071466667,3.5625281686133334,2.775457991826667,4.515297329986667,3.7282271532,4.515297329986667,3.7282271532,2.36121053036,0.8284949229333334,0.37282271532000005,1.2013176382533335
841,24.523449718826665,22.659336142226667,26.0975900724,16.922008800913332,24.171339376579997,16.549186085593334,13.794440466840001,16.549186085593334,18.49614915448667,21.10590816172667,15.720691162660001,17.294831516233334,9.19629364456,11.495367055700001,12.158162994046668,17.667654231553335,14.9129086128,11.930326890240002,16.94272117398667,15.34786844734,25.724767357079998,23.05287123062,17.68836660462667,15.720691162659998
842,7.4564543064,7.4564543064,6.213711922000001,3.3139796917333335,3.3139796917333335,2.0712373073333334,0.0,0.0,0.0,0.0,0.8284949229333334,2.899732230266667,3.7282271532,3.7282271532,4.9709695376,4.142474614666667,3.1068559610000004,2.0712373073333334,2.0712373073333334,2.4854847688,3.7282271532,4.3495983454000005,3.7282271532,3.7282271532
843,0.8284949229333334,1.0356186536666667,0.0,0.0,0.0,0.8284949229333334,0.8284949229333334,1.6569898458666668,1.0356186536666667,0.0,0.8284949229333334,0.8284949229333334,0.0,0.0,0.8284949229333334,1.6569898458666668,0.0,0.8284949229333334,0.0,0.8284949229333334,1.0356186536666667,0.8284949229333334,1.0356186536666667,0.0
844,5.523299486222224,5.34379225292,6.089437683560001,8.492072960066666,5.840889206680001,6.130862429706667,5.716614968240001,5.302367506773334,5.012394283746667,4.9709695376,5.716614968239999,4.142474614666667,6.213711922000001,4.266748853106667,3.1482807071466667,5.34379225292,4.556722076133334,1.11846814596,4.59814682228,2.36121053036,2.6926084995333337,4.556722076133334,4.1010498685200005,4.9709695376
845,2.36121053036,2.5683342610933337,0.0,0.0,0.7456454306400001,0.0,0.7456454306400001,0.0,0.0,0.7456454306400001,0.7456454306400001,1.11846814596,1.4498661151333334,1.3670166228400003,4.142474614666667,4.556722076133334,4.805270553013333,4.639571568426667,6.8350831142,4.805270553013333,3.1897054532933335,3.3968291840266667,2.8168827379733337,3.3554044378799994
846,5.012394283746667,4.639571568426668,4.639571568426668,4.266748853106667,3.0654312148533336,5.09524377604,2.3197857842133334,4.183899360813334,4.183899360813334,5.012394283746667,3.5211034224666675,5.758039714386668,5.468066491360001,4.266748853106667,5.09524377604,6.213711922000002,6.58653463732,6.58653463732,8.450648213920001,8.45064821392,6.586534637320001,9.196293644559999,2.23693629192,1.5741403535733334
847,24.523449718826665,22.659336142226667,26.0975900724,16.922008800913332,24.171339376579997,16.549186085593334,13.794440466840001,16.549186085593334,18.49614915448667,21.10590816172667,15.720691162660001,17.294831516233334,9.19629364456,11.495367055700001,12.158162994046668,17.667654231553335,14.9129086128,11.930326890240002,16.94272117398667,15.34786844734,25.724767357079998,23.05287123062,17.68836660462667,15.720691162659998
848,8.45064821392,8.45064821392,7.33218006796,8.057113125526667,6.876507860346668,10.31476179052,10.06621331364,8.88560804846,11.495367055700001,9.941939075200002,9.19629364456,8.45064821392,12.241012486340002,7.767139902499999,6.9593573526400005,5.758039714386666,5.385216999066667,12.323861978633332,13.131644528493332,17.294831516233334,15.824253028026668,12.323861978633333,15.575704551146666,8.45064821392
849,4.639571568426668,6.938644979566668,8.82347092924,5.7373273413133345,6.503685145026668,5.820176833606666,4.556722076133334,6.565822264246667,4.556722076133334,6.503685145026668,9.175581271486669,10.37689890974,8.51278533314,9.19629364456,10.729009251986668,9.610541106026668,15.720691162660001,14.16726318216,14.540085897480003,14.54008589748,14.6022230167,13.442330124593335,10.376898909740001,8.51278533314
850,5.5094912375066665,7.497879052546668,5.053819029893334,3.6039529147600007,1.2427423844,0.6213711922,1.3670166228400003,1.5741403535733334,1.3670166228400003,1.5741403535733334,2.9825817225600004,3.1897054532933335,4.266748853106667,4.47387258384,5.2609427606266665,6.048012937413333,4.018200376226667,4.680996314573334,3.6039529147600002,3.8525013916400006,4.266748853106667,5.675190222093334,4.47387258384,4.680996314573334
851,0.8284949229333334,0.0,0.0,0.0,0.6213711922,0.0,0.0,0.0,0.0,0.6213711922,0.0,0.0,0.0,0.8284949229333334,1.4498661151333334,1.6569898458666668,1.8641135766,2.6926084995333333,3.5211034224666666,3.5211034224666675,2.6926084995333333,3.1068559610000004,2.6926084995333337,2.6926084995333333
852,4.432447837693334,6.08943768356,6.462260398880001,7.760235778142223,6.917932606493334,8.45064821392,10.521885521253333,9.320567883,8.906320421533335,10.149062805933333,10.521885521253333,12.779534186246666,13.193781647713331,12.738109440099999,10.708296878913332,14.436524032113335,15.306443701193336,14.6022230167,12.1167382479,15.016470478166667,12.945233170833333,12.55169808244,13.338768259226669,10.045500940566667
853,5.675190222093334,3.6039529147600002,5.2609427606266665,9.113444152266668,6.213711922000001,3.5211034224666666,2.0712373073333334,3.7282271532,3.3139796917333335,4.142474614666667,4.556722076133333,4.763845806866667,6.08943768356,7.290755321813333,10.06621331364,9.69339059832,8.492072960066666,8.077825498600001,8.864895675386668,10.480460775106668,17.33625626238,12.1167382479,10.480460775106668,9.279143136853333
854,5.3852169990666665,5.385216999066667,6.130862429706667,6.213711922000001,6.9593573526400005,6.876507860346668,6.876507860346668,6.586534637320001,4.639571568426667,3.811076645493334,6.213711922000001,5.385216999066667,5.012394283746667,5.468066491360001,4.639571568426668,6.503685145026668,2.3197857842133334,7.33218006796,5.09524377604,5.468066491360001,3.493486925035556,3.3968291840266667,5.468066491360001,4.183899360813334
855,4.22532410696,3.3968291840266667,2.6097590072400005,1.2013176382533335,2.7754579918266664,1.9469630688933333,2.5683342610933337,4.018200376226667,4.4738725838399995,5.509491237506668,5.302367506773334,6.752233621906666,5.2609427606266665,5.882313952826667,7.08363159108,7.539303798693335,8.906320421533335,8.657771944653334,9.113444152266666,10.977557728866666,8.947745167679999,8.160674990893334,8.32637397548,6.503685145026668
856,8.51278533314,8.057113125526667,9.631253479100002,7.7050027832799985,6.130862429706667,4.183899360813334,3.811076645493334,4.639571568426667,3.4382539301733335,4.183899360813334,4.183899360813334,8.429935840846667,6.938644979566667,9.175581271486667,9.175581271486667,7.228618202593334,10.729009251986668,14.250112674453334,13.421617751520003,13.0487950362,14.54008589748,13.048795036200003,8.429935840846667,8.429935840846667
857,27.298907710653335,27.671730425973333,27.671730425973337,29.908666717893336,28.39666348354,28.417375856613333,26.55326228001333,25.72476735708,26.843235503040002,25.72476735708,23.79851666126,24.606299211120003,18.413299662193335,21.10590816172667,19.531767808153337,16.19707574334667,18.413299662193335,16.549186085593334,17.294831516233334,13.442330124593333,15.824253028026666,11.930326890240002,10.729009251986668,10.74972162506
858,1.5741403535733334,0.0,1.5741403535733334,3.3554044378800003,1.11846814596,4.266748853106667,2.3197857842133334,1.9469630688933337,0.0,1.5741403535733334,1.9469630688933337,2.23693629192,4.266748853106667,4.183899360813334,4.183899360813334,3.0654312148533336,3.811076645493334,5.012394283746667,3.8110766454933334,3.0654312148533336,1.5741403535733334,1.11846814596,1.11846814596,1.11846814596
859,5.385216999066667,3.811076645493334,6.192999548926667,3.0654312148533336,5.3852169990666665,3.8939261377866665,3.5211034224666675,1.5741403535733334,3.1482807071466667,2.23693629192,3.5211034224666675,3.8939261377866665,3.8939261377866674,4.639571568426667,5.012394283746667,7.33218006796,6.503685145026668,9.9419390752,9.941939075200002,8.077825498600001,5.012394283746667,10.31476179052,10.31476179052,7.33218006796
860,13.794440466840001,14.250112674453334,13.877289959133336,15.34786844734,16.114226251053335,12.98665791698,13.85657758606,12.675972320880001,9.631253479100002,14.933620985873333,11.122544340380001,11.868189771019999,10.376898909740001,15.368580820413333,14.560798270553335,13.794440466840001,15.368580820413335,16.197075743346666,25.7869044763,24.2334764958,19.987440015766666,18.434012035266665,13.048795036200003,11.868189771019999
861,13.421617751520001,12.98665791698,15.34786844734,12.67597232088,9.25843076378,10.004076194420001,10.376898909740001,11.122544340380001,10.376898909740001,9.548403986806667,10.376898909740001,10.00407619442,10.004076194420001,6.565822264246667,7.249330575666668,8.82347092924,8.45064821392,8.0778254986,11.86818977102,10.74972162506,6.959357352640001,7.70500278328,9.19629364456,6.565822264246667
862,6.565822264246667,4.639571568426667,1.5741403535733334,1.5741403535733334,1.11846814596,0.0,2.3197857842133334,1.11846814596,4.639571568426668,2.6926084995333337,1.11846814596,3.1482807071466667,3.0654312148533336,4.266748853106667,1.9469630688933337,4.639571568426667,3.811076645493334,3.811076645493334,5.3852169990666665,3.8939261377866665,5.385216999066667,1.5741403535733334,3.0654312148533336,1.11846814596
863,1.11846814596,0.7732619280711112,1.2427423844000003,0.0,2.2645527893511113,3.1551848315044446,2.5683342610933337,3.369212686595556,4.135570490308889,2.941156976413333,5.585436605442223,6.579630512962223,2.941156976413333,7.532399674335555,7.684290410206667,3.5625281686133334,8.374702845984444,8.181387363966666,3.6868024070533334,8.029496628095558,7.780948151215557,3.5625281686133334,6.883411984704445,6.386315030944445
864,0.0,1.5741403535733334,0.0,0.0,2.6926084995333337,2.23693629192,1.11846814596,1.11846814596,0.0,0.0,2.6926084995333337,0.0,0.0,0.0,1.11846814596,3.8939261377866665,3.5211034224666675,2.6926084995333337,0.0,0.0,0.0,0.0,0.0,1.11846814596
865,0.0,0.7663578037133334,0.0,1.5741403535733334,1.11846814596,0.0,3.0654312148533336,1.9469630688933337,2.6926084995333337,1.9469630688933337,1.11846814596,5.012394283746667,3.0654312148533336,2.6926084995333337,2.6926084995333337,3.3554044378800003,1.11846814596,1.11846814596,1.5741403535733334,1.5741403535733334,1.5741403535733334,2.3197857842133334,1.11846814596,1.9469630688933337
866,8.0778254986,6.58653463732,6.586534637320001,6.130862429706667,8.057113125526667,5.385216999066667,3.1482807071466667,2.6926084995333337,1.4912908612800002,0.7456454306400001,1.8641135766,1.8641135766,1.9469630688933333,1.9469630688933333,2.6926084995333337,2.6097590072400005,3.1482807071466667,3.8110766454933334,1.5741403535733334,3.0654312148533336,6.58653463732,4.556722076133334,4.266748853106667,0.37282271532000005
867,2.278361038066667,5.5923407298,5.3852169990666665,6.006588191266666,8.492072960066666,7.95355126016,5.2609427606266665,6.710808875760001,6.690096502686667,5.882313952826667,5.861601579753334,5.799464460533334,6.006588191266666,4.556722076133334,7.042206844933333,5.5923407298,4.142474614666667,4.142474614666667,4.142474614666667,7.249330575666668,9.527691613733333,8.492072960066666,9.9419390752,7.4564543064
868,7.622153290986667,4.680996314573334,5.675190222093335,4.432447837693334,4.639571568426668,1.8641135766,1.4498661151333334,0.6213711922,0.0,1.0356186536666667,1.2427423844,1.2427423844,2.278361038066667,3.6453776609066666,4.059625122373334,3.8110766454933334,4.84669529916,4.84669529916,5.053819029893334,4.059625122373333,3.1068559610000004,2.4854847688,0.8284949229333334,0.8284949229333334
869,6.130862429706667,3.2311301994400004,4.22532410696,3.7282271532,2.6926084995333333,3.5211034224666666,2.6926084995333337,1.0356186536666667,4.142474614666667,2.6926084995333333,4.3495983454000005,5.799464460533334,6.669384129613333,0.0,6.462260398880001,5.468066491360001,5.2609427606266665,6.255136668146666,5.468066491360001,5.468066491360001,7.622153290986667,6.876507860346667,6.255136668146666,5.675190222093334
870,6.048012937413334,8.077825498600001,10.376898909740001,11.495367055700001,13.421617751520001,14.16726318216,8.82347092924,10.128350432860001,10.376898909740001,11.86818977102,8.077825498600001,9.9419390752,10.31476179052,9.56911635988,10.687584505840002,13.421617751520001,11.86818977102,12.98665791698,14.975045732020002,15.720691162660001,13.0487950362,17.667654231553332,12.61383520166,11.122544340380001
871,2.775457991826667,2.60975900724,0.37282271532000005,0.37282271532000005,0.0,1.2013176382533335,1.2013176382533335,2.0298125611866666,1.4084413689866668,0.37282271532000005,1.2013176382533335,1.2013176382533335,0.0,0.37282271532000005,0.8284949229333334,2.0298125611866666,0.37282271532000005,0.8284949229333334,1.5741403535733334,1.9469630688933333,2.60975900724,1.5741403535733334,2.60975900724,1.11846814596
872,1.9469630688933337,3.8939261377866674,3.4382539301733335,3.0654312148533336,5.3852169990666665,3.5211034224666675,6.213711921999999,5.302367506773334,4.183899360813334,5.3852169990666665,1.9469630688933337,5.385216999066667,2.6926084995333337,1.11846814596,2.6926084995333337,4.183899360813334,3.4382539301733335,6.586534637320001,6.58653463732,6.9593573526400005,5.09524377604,6.586534637320001,2.6926084995333337,4.266748853106667
873,0.0,0.7663578037133334,0.0,1.5741403535733334,0.0,2.23693629192,4.639571568426667,3.5211034224666675,3.811076645493334,5.09524377604,1.5741403535733334,2.6926084995333337,3.3554044378800003,2.3197857842133334,3.0654312148533336,4.183899360813334,1.11846814596,2.23693629192,4.266748853106667,3.1482807071466667,3.5211034224666675,3.4382539301733335,1.11846814596,2.6926084995333337
874,1.6569898458666668,3.3139796917333335,2.899732230266667,1.8641135766,0.0,0.0,0.0,1.0356186536666667,0.6213711922,0.0,1.2427423844,1.0356186536666667,0.8284949229333334,1.0356186536666667,0.8284949229333334,0.0,0.6213711922,0.0,0.0,0.6213711922,2.0712373073333334,1.2427423844,1.0356186536666667,1.0356186536666667
875,13.918714705280001,8.947745167679999,10.5633102674,8.699196690800001,9.900514329053335,6.337986160440001,5.302367506773334,3.85250139164,3.6039529147600002,3.024006468706667,4.1010498685200005,2.5683342610933337,3.6039529147600002,5.675190222093334,2.1540867996266666,3.0240064687066663,1.0356186536666667,3.3139796917333335,3.1482807071466667,3.5211034224666666,1.7812640843066667,4.142474614666667,1.5741403535733334,3.1068559610000004
876,5.178093268333334,6.462260398880001,4.888120045306667,8.505881208782222,8.782046183093334,10.376898909740001,11.702490786433335,8.947745167679999,10.832571117353334,13.566604363033335,13.939427078353333,13.525179616886668,14.395099285966666,14.312249793673336,12.282437232486666,10.356186536666668,17.999052200726666,19.158945092833335,16.300637608713334,18.454724408340002,17.12913253164667,16.797734562473334,17.58480473926,13.85657758606
877,8.077825498600001,6.586534637320001,6.586534637320001,6.130862429706667,8.057113125526667,5.385216999066667,3.1482807071466667,2.6926084995333337,1.4912908612800002,0.7456454306400001,1.8641135766,1.8641135766,1.9469630688933333,1.9469630688933333,2.6926084995333337,2.60975900724,3.1482807071466667,3.8110766454933334,1.5741403535733334,3.0654312148533336,6.58653463732,4.556722076133334,4.266748853106667,0.37282271532000005
878,1.8641135766,5.5923407298,4.9709695376,5.5923407298,8.077825498600001,9.320567883,4.9709695376,7.4564543064,6.835083114200001,6.835083114200001,6.213711922,4.9709695376,5.5923407298,3.7282271532,6.213711922,5.5923407298,3.7282271532,3.7282271532,3.7282271532,6.835083114200001,8.699196690800001,9.320567883,8.699196690800001,7.4564543064
879,17.667654231553332,18.868971869806668,18.413299662193335,16.859871681693335,16.4663365933,14.250112674453336,20.339550358013337,18.868971869806668,19.98744001576667,11.474654682626669,14.250112674453334,18.786122377513333,21.47873087704666,13.421617751520001,14.995758105093335,11.930326890240002,8.802758556166667,9.631253479100002,13.421617751520001,14.540085897480003,15.803540654953332,10.004076194420001,16.466336593300003,14.975045732020002
880,8.82347092924,8.367798721626668,8.45064821392,6.58653463732,7.622153290986668,6.503685145026668,5.840889206680001,2.6926084995333337,3.1482807071466667,1.5741403535733334,4.639571568426668,3.1482807071466667,2.6926084995333337,5.0123942837466675,4.929544791453334,5.468066491360001,4.72242106072,5.468066491360001,5.385216999066667,3.0654312148533336,3.1482807071466667,2.23693629192,0.0,1.11846814596
881,2.6926084995333337,1.11846814596,1.5741403535733334,1.5741403535733334,3.5211034224666675,6.482972771953334,3.811076645493334,3.0654312148533336,5.0123942837466675,3.0654312148533336,3.0654312148533336,1.11846814596,1.9469630688933337,1.11846814596,4.246036480033333,3.0654312148533336,3.4382539301733335,9.25843076378,3.438253930173334,6.130862429706667,3.438253930173334,9.237718390706668,8.077825498600001,3.1482807071466667
882,10.004076194420001,7.3321800679599995,7.33218006796,6.876507860346667,11.122544340380001,5.840889206680001,4.72242106072,3.438253930173334,2.6097590072400005,1.4912908612800002,2.9825817225600004,1.8641135766,2.3197857842133334,3.0654312148533336,3.8110766454933334,2.23693629192,1.5741403535733334,3.4382539301733335,3.1482807071466667,4.639571568426667,5.758039714386666,5.385216999066667,3.8939261377866665,1.11846814596
883,9.983363821346668,11.888902144093334,12.61383520166,14.6022230167,14.9129086128,15.368580820413335,9.983363821346666,10.74972162506,11.122544340380003,11.122544340380001,13.856577586060004,12.61383520166,12.61383520166,10.74972162506,10.74972162506,10.74972162506,11.122544340380001,13.0487950362,10.74972162506,7.249330575666669,8.802758556166667,7.249330575666669,4.639571568426667,8.429935840846667
884,7.000782098786668,7.042206844933335,5.965163445120001,5.923738698973334,5.136668522186667,2.5683342610933337,2.36121053036,3.6039529147600002,2.36121053036,0.8284949229333334,1.0356186536666667,3.2311301994400004,6.213711922000002,7.1457687103000005,6.420835652733334,4.391023091546667,5.5923407298,7.33218006796,13.794440466840001,16.735597443253337,21.665142234706668,16.34206235486,13.214494020786667,12.593122828586667
885,11.930326890240002,14.975045732020002,17.667654231553332,18.413299662193335,17.58480473926,19.15894509283333,17.21198202394,16.549186085593334,16.176363370273336,15.803540654953332,13.794440466840001,16.09351387798,16.839159308619998,16.549186085593334,17.21198202394,16.83915930862,18.040476946873337,19.531767808153333,17.667654231553332,14.602223016700002,15.720691162660003,14.602223016700002,13.421617751520001,14.229400301380002
886,3.0654312148533336,5.840889206680001,6.503685145026668,7.767139902500001,5.364504625993334,6.192999548926667,4.246036480033333,4.991681910673334,5.737327341313333,3.8110766454933334,5.364504625993334,5.7373273413133345,8.139962617820002,8.51278533314,5.758039714386666,6.938644979566668,6.855795487273333,6.938644979566668,8.057113125526667,7.311467694886666,6.565822264246667,8.057113125526667,1.9469630688933337,11.205393832673332
887,11.8060526518,11.1846814596,14.291537420600001,9.320567883,9.9419390752,4.3495983454000005,5.5923407298,3.7282271532,2.4854847688,3.106855961,3.106855961,4.3495983454000005,4.9709695376,5.5923407298,3.106855961,3.7282271532,3.106855961,4.3495983454000005,0.0,2.4854847688,3.106855961,1.8641135766,2.4854847688,3.7282271532
888,20.733085446406665,23.032158857546666,26.843235503039995,18.040476946873333,17.605517112333334,11.55750417492,15.368580820413333,14.602223016700002,17.294831516233334,17.294831516233334,11.101831967306666,9.983363821346666,9.25843076378,6.9593573526400005,9.175581271486667,11.930326890240002,9.921226702126667,10.06621331364,15.451430312706668,10.81185874428,19.98744001576667,16.114226251053335,12.241012486340002,12.303149605560002
889,7.580728544840002,4.680996314573334,4.639571568426667,3.7282271532,2.6926084995333333,3.5211034224666666,2.6926084995333337,1.0356186536666667,4.142474614666667,2.6926084995333333,4.3495983454,5.799464460533334,6.255136668146666,0.0,6.462260398880001,5.053819029893334,5.053819029893334,6.048012937413333,5.675190222093334,5.053819029893334,6.58653463732,7.08363159108,5.633765475946667,5.468066491360001
890,3.3139796917333335,2.0712373073333334,3.5211034224666666,2.0712373073333334,1.8641135766,1.0356186536666667,2.899732230266667,6.006588191266666,5.799464460533334,6.627959383466667,6.006588191266668,7.042206844933335,6.006588191266666,6.835083114200001,6.835083114200001,8.284949229333334,8.906320421533335,7.4564543064,8.492072960066666,9.527691613733333,7.663578037133334,7.042206844933333,6.627959383466667,5.3852169990666665
891,7.249330575666666,5.5923407298,5.385216999066667,3.5211034224666666,2.6926084995333333,3.3139796917333335,3.7282271532,4.142474614666667,3.5211034224666666,4.556722076133334,3.5211034224666666,2.899732230266667,3.1068559610000004,3.9353508839333333,3.9353508839333333,2.4854847688,3.1068559610000004,1.8641135766,2.899732230266667,3.1068559610000004,2.0712373073333334,4.556722076133334,3.7282271532,4.142474614666667
892,8.45064821392,6.503685145026668,5.758039714386666,3.8939261377866674,5.758039714386666,3.8939261377866674,4.639571568426667,4.266748853106667,3.4382539301733335,5.012394283746667,3.0654312148533336,4.639571568426667,3.4382539301733335,4.639571568426668,9.196293644559999,12.675972320880001,11.495367055700001,11.495367055700001,10.74972162506,14.229400301380002,11.868189771019999,10.687584505840002,11.06040722116,9.56911635988
893,3.8939261377866674,4.639571568426668,6.9593573526400005,7.3321800679599995,7.33218006796,6.9593573526400005,6.213711922000001,6.130862429706667,6.58653463732,6.9593573526400005,6.58653463732,7.70500278328,6.9593573526400005,5.385216999066667,6.213711922000001,5.012394283746667,7.622153290986668,7.705002783280001,5.840889206680001,6.503685145026666,4.639571568426668,5.3852169990666665,4.266748853106667,3.5211034224666675
894,0.0,0.0,0.0,0.0,0.0,0.0,0.0,0.0,0.0,0.0,0.0,0.0,0.0,0.0,0.0,0.0,0.0,0.0,0.0,0.0,0.0,0.0,0.0,0.0
895,2.775457991826667,2.775457991826667,1.7812640843066667,0.99419390752,1.4084413689866668,0.99419390752,0.6213711922,0.0,0.99419390752,1.11846814596,1.3670166228400003,3.024006468706667,4.059625122373333,1.5741403535733334,2.4440600226533333,4.059625122373333,2.2369362919199998,4.22532410696,3.8110766454933334,3.6453776609066666,4.47387258384,3.6039529147600002,3.3968291840266667,3.4382539301733335
896,5.840889206680001,3.3554044378800003,0.0,0.0,0.0,3.3554044378800003,0.0,0.0,4.72242106072,0.0,0.0,0.0,0.0,3.3554044378800003,0.0,3.3554044378800003,0.0,0.0,0.0,0.0,3.3554044378800003,0.0,0.0,4.72242106072
897,6.95935735264,3.3554044378800003,4.72242106072,0.0,0.0,3.3554044378800003,3.3554044378800003,3.3554044378800003,5.840889206680001,5.840889206680001,4.72242106072,4.72242106072,4.72242106072,8.077825498600001,5.840889206680001,5.840889206680001,8.077825498600001,9.19629364456,8.077825498600001,10.314761790520002,6.95935735264,3.8939261377866665,4.72242106072,4.72242106072
898,2.23693629192,3.1482807071466667,0.0,3.1482807071466667,3.8939261377866674,3.8939261377866665,4.183899360813334,3.4382539301733335,5.758039714386668,5.758039714386666,4.556722076133334,1.5741403535733334,0.0,1.11846814596,1.5741403535733334,2.23693629192,0.0,1.9469630688933337,4.639571568426668,5.012394283746667,2.3197857842133334,1.11846814596,0.0,1.11846814596
899,6.95935735264,9.19629364456,8.077825498600001,9.19629364456,6.95935735264,9.19629364456,8.077825498600001,5.840889206680001,8.077825498600001,6.95935735264,6.95935735264,6.95935735264,8.077825498600001,6.95935735264,5.840889206680001,6.95935735264,8.077825498600001,8.077825498600001,4.72242106072,0.0,5.840889206680001,5.840889206680001,3.3554044378800003,3.3554044378800003
900,5.840889206680001,6.95935735264,4.72242106072,0.0,4.72242106072,5.840889206680001,0.0,6.95935735264,0.0,0.0,3.3554044378800003,0.0,0.0,0.0,0.0,0.0,3.3554044378800003,4.72242106072,0.0,6.95935735264,4.72242106072,5.840889206680001,0.0,0.0
901,4.72242106072,4.72242106072,4.72242106072,3.3554044378800003,6.95935735264,13.856577586060002,3.3554044378800003,0.0,4.72242106072,5.840889206680001,4.72242106072,5.840889206680001,3.3554044378800003,0.0,3.3554044378800003,3.3554044378800003,3.3554044378800003,3.3554044378800003,4.72242106072,3.3554044378800003,4.72242106072,4.72242106072,3.3554044378800003,3.3554044378800003
902,0.0,0.0,0.0,3.3554044378800003,0.0,0.0,3.3554044378800003,0.0,4.72242106072,0.0,0.0,0.0,0.0,0.0,0.0,0.0,0.0,5.840889206680001,0.0,0.0,0.0,0.0,0.0,0.0
903,0.0,0.0,0.0,0.0,0.0,0.0,3.3554044378800003,0.0,5.840889206680001,5.840889206680001,3.3554044378800003,0.0,0.0,0.0,0.0,0.0,0.0,0.0,5.840889206680001,8.077825498600001,6.95935735264,0.0,0.0,0.0
904,0.0,0.0,0.0,0.0,0.0,0.0,0.0,0.0,0.0,0.0,0.0,0.0,0.0,0.0,0.0,0.0,0.0,0.0,0.0,0.0,0.0,0.0,0.0,0.0
905,8.077825498600001,4.72242106072,5.840889206680001,0.0,0.0,0.0,0.0,0.0,3.3554044378800003,3.3554044378800003,3.3554044378800003,4.72242106072,5.840889206680001,5.840889206680001,4.72242106072,4.72242106072,4.72242106072,0.0,5.840889206680001,3.3554044378800003,4.72242106072,5.840889206680001,0.0,4.72242106072
906,10.314761790520002,13.856577586060002,12.7381094401,9.19629364456,5.840889206680001,4.72242106072,8.077825498600001,6.95935735264,10.314761790520002,6.95935735264,11.43322993648,8.077825498600001,8.077825498600001,8.077825498600001,5.840889206680001,4.72242106072,0.0,0.0,0.0,0.0,0.0,3.3554044378800003,0.0,0.0
907,5.840889206680001,3.5211034224666675,4.266748853106667,3.0654312148533336,2.6926084995333337,2.23693629192,1.11846814596,3.0654312148533336,2.6926084995333337,3.1482807071466667,2.6926084995333337,3.0654312148533336,3.1482807071466667,1.5741403535733334,2.6926084995333337,4.183899360813334,2.6926084995333337,2.23693629192,4.72242106072,3.0654312148533336,3.3554044378800003,5.012394283746667,2.6926084995333337,5.84088920668
908,14.975045732020002,16.09351387798,14.975045732020002,14.975045732020002,16.09351387798,20.8159349387,18.3304501699,18.3304501699,17.21198202394,17.21198202394,17.21198202394,18.3304501699,14.975045732020002,12.7381094401,14.975045732020002,16.09351387798,8.077825498600001,13.856577586060002,9.19629364456,8.077825498600001,6.95935735264,11.43322993648,16.09351387798,20.8159349387
909,3.3554044378800003,0.0,0.0,0.0,0.0,3.3554044378800003,0.0,0.0,0.0,0.0,0.0,0.0,0.0,0.0,0.0,0.0,0.0,0.0,0.0,0.0,0.0,0.0,0.0,0.0
910,0.0,3.3554044378800003,0.0,0.0,0.0,3.3554044378800003,0.0,0.0,3.3554044378800003,5.840889206680001,3.3554044378800003,0.0,0.0,0.0,0.0,0.0,0.0,0.0,0.0,0.0,0.0,3.3554044378800003,0.0,0.0
911,3.0654312148533336,3.5211034224666675,3.5211034224666675,3.5211034224666675,3.8939261377866665,3.5211034224666675,3.5211034224666675,2.6926084995333337,1.11846814596,0.0,0.0,1.11846814596,0.0,0.0,0.0,1.9469630688933337,2.6926084995333337,1.9469630688933337,1.5741403535733334,4.266748853106667,5.385216999066667,3.5211034224666675,2.6926084995333337,1.5741403535733334
912,10.314761790520002,9.19629364456,10.314761790520002,8.077825498600001,12.7381094401,11.43322993648,4.72242106072,5.840889206680001,9.19629364456,3.3554044378800003,5.840889206680001,4.72242106072,6.95935735264,9.19629364456,5.840889206680001,8.077825498600001,5.840889206680001,0.0,5.840889206680001,3.3554044378800003,5.840889206680001,16.09351387798,18.3304501699,19.697466792740002
913,0.0,4.72242106072,5.840889206680001,4.72242106072,0.0,0.0,0.0,0.0,0.0,0.0,0.0,0.0,0.0,0.0,0.0,0.0,0.0,0.0,0.0,0.0,0.0,3.3554044378800003,0.0,4.72242106072
914,3.3554044378800003,3.3554044378800003,0.0,0.0,0.0,0.0,0.0,0.0,0.0,0.0,0.0,3.3554044378800003,0.0,4.72242106072,3.3554044378800003,0.0,3.3554044378800003,3.3554044378800003,0.0,0.0,0.0,3.3554044378800003,0.0,3.3554044378800003
915,1.11846814596,1.5741403535733334,1.5741403535733334,3.8110766454933334,0.0,2.6926084995333337,1.9469630688933337,0.0,1.11846814596,1.9469630688933337,1.9469630688933337,1.11846814596,2.6926084995333337,2.23693629192,3.3554044378800003,1.11846814596,2.6926084995333337,5.468066491360001,2.23693629192,1.9469630688933337,1.5741403535733334,1.11846814596,2.23693629192,1.11846814596
916,0.0,0.0,0.0,0.0,0.0,0.0,0.0,0.0,0.0,0.0,0.0,0.0,0.0,3.3554044378800003,0.0,0.0,0.0,0.0,0.0,0.0,0.0,3.3554044378800003,3.3554044378800003,0.0
917,6.95935735264,0.0,0.0,4.72242106072,4.72242106072,0.0,0.0,0.0,0.0,0.0,4.72242106072,0.0,0.0,0.0,4.72242106072,8.077825498600001,8.077825498600001,11.43322993648,10.314761790520002,12.7381094401,10.314761790520002,11.43322993648,9.19629364456,6.95935735264
918,6.95935735264,9.19629364456,9.19629364456,6.95935735264,5.840889206680001,6.95935735264,5.840889206680001,5.840889206680001,4.72242106072,4.72242106072,5.840889206680001,5.840889206680001,5.840889206680001,6.95935735264,8.077825498600001,5.840889206680001,8.077825498600001,8.077825498600001,4.72242106072,5.840889206680001,3.3554044378800003,3.3554044378800003,3.3554044378800003,6.95935735264
919,3.3554044378800003,0.0,3.3554044378800003,0.0,0.0,0.0,0.0,3.3554044378800003,0.0,0.0,0.0,0.0,0.0,0.0,0.0,0.0,4.72242106072,8.077825498600001,11.43322993648,5.840889206680001,6.95935735264,0.0,3.3554044378800003,0.0
920,3.3554044378800003,5.840889206680001,4.72242106072,4.72242106072,4.72242106072,4.72242106072,5.840889206680001,4.72242106072,0.0,0.0,0.0,0.0,0.0,0.0,0.0,5.840889206680001,3.3554044378800003,0.0,0.0,6.95935735264,8.077825498600001,5.840889206680001,3.3554044378800003,0.0
921,11.495367055700001,10.376898909740001,8.82347092924,8.51278533314,5.840889206680001,5.302367506773334,4.639571568426667,3.8939261377866665,5.758039714386666,2.6926084995333337,5.012394283746667,6.213711922000001,2.6926084995333337,3.5211034224666675,2.6926084995333337,0.0,1.5741403535733334,0.0,2.6926084995333337,1.11846814596,1.9469630688933337,1.5741403535733334,0.0,1.5741403535733334
922,17.21198202394,18.3304501699,12.7381094401,13.856577586060002,9.19629364456,9.19629364456,6.95935735264,5.840889206680001,5.840889206680001,0.0,3.3554044378800003,3.3554044378800003,5.840889206680001,8.077825498600001,8.077825498600001,6.95935735264,8.077825498600001,12.7381094401,13.856577586060002,11.43322993648,13.856577586060002,13.856577586060002,11.43322993648,13.856577586060002
923,1.11846814596,1.11846814596,1.5741403535733334,5.468066491360001,3.5211034224666675,3.811076645493334,2.23693629192,1.5741403535733334,3.0654312148533336,2.6926084995333337,2.6926084995333337,1.11846814596,1.11846814596,1.11846814596,1.5741403535733334,1.11846814596,0.7456454306400001,1.11846814596,1.8641135766,2.6926084995333337,1.8641135766,1.5741403535733334,1.5741403535733334,1.11846814596
924,3.8939261377866665,2.6926084995333337,2.6926084995333337,1.11846814596,0.0,0.0,0.0,1.11846814596,3.1482807071466667,4.639571568426668,1.11846814596,1.11846814596,3.4382539301733335,1.9469630688933337,1.5741403535733334,3.4382539301733335,7.33218006796,5.385216999066667,5.012394283746667,7.33218006796,6.213711922000001,6.586534637320001,3.3554044378800003,0.0
925,0.0,0.0,0.0,0.0,3.3554044378800003,0.0,0.0,0.0,0.0,0.0,0.0,0.0,4.72242106072,4.72242106072,5.840889206680001,4.72242106072,4.72242106072,4.72242106072,3.3554044378800003,4.72242106072,4.72242106072,3.3554044378800003,4.72242106072,0.0
926,4.72242106072,0.0,6.95935735264,3.3554044378800003,0.0,3.3554044378800003,0.0,0.0,0.0,0.0,0.0,4.72242106072,4.72242106072,4.72242106072,5.840889206680001,5.840889206680001,4.72242106072,0.0,0.0,3.3554044378800003,4.72242106072,3.3554044378800003,3.3554044378800003,3.3554044378800003
927,0.0,0.0,4.72242106072,3.3554044378800003,8.077825498600001,6.95935735264,6.95935735264,5.840889206680001,4.72242106072,5.840889206680001,5.840889206680001,9.19629364456,4.72242106072,4.72242106072,5.840889206680001,6.95935735264,8.077825498600001,9.19629364456,9.19629364456,6.95935735264,8.077825498600001,6.95935735264,5.840889206680001,3.3554044378800003
928,4.183899360813334,6.130862429706667,6.58653463732,7.33218006796,6.9593573526400005,6.586534637320001,6.586534637320001,5.095243776040001,3.0654312148533336,1.9469630688933337,1.9469630688933337,4.183899360813334,0.0,0.0,1.11846814596,4.639571568426668,5.840889206680001,6.58653463732,6.9593573526400005,6.58653463732,8.45064821392,8.45064821392,6.213711922000001,4.639571568426668
929,0.0,0.0,0.0,0.0,0.0,0.0,0.0,0.0,0.0,0.0,0.0,0.0,0.0,0.0,0.0,0.0,8.077825498600001,0.0,0.0,0.0,4.72242106072,0.0,5.840889206680001,0.0
930,4.72242106072,8.077825498600001,6.95935735264,9.19629364456,10.314761790520002,6.95935735264,8.077825498600001,5.840889206680001,8.077825498600001,10.314761790520002,10.314761790520002,6.95935735264,6.95935735264,6.95935735264,4.72242106072,4.72242106072,6.95935735264,4.72242106072,4.72242106072,4.72242106072,3.3554044378800003,3.3554044378800003,0.0,0.0
931,7.33218006796,5.840889206680001,3.5211034224666675,2.6926084995333337,2.3197857842133334,0.0,4.556722076133334,1.9469630688933337,2.6926084995333337,1.9469630688933337,1.5741403535733334,3.0654312148533336,3.8939261377866665,4.929544791453334,6.213711921999999,5.302367506773334,3.5211034224666675,3.1482807071466667,3.0654312148533336,5.09524377604,3.0654312148533336,6.213711922000001,3.0654312148533336,3.811076645493334
932,13.421617751520001,12.241012486340002,9.56911635988,10.00407619442,7.705002783280001,6.9593573526400005,7.33218006796,5.012394283746667,6.9593573526400005,6.9593573526400005,5.09524377604,6.213711922000002,4.183899360813334,3.8110766454933334,5.468066491360001,3.5211034224666675,4.266748853106667,3.1482807071466667,2.23693629192,1.11846814596,2.6926084995333337,5.385216999066667,4.639571568426668,8.077825498600001
933,0.0,0.0,0.0,0.0,0.0,0.0,0.0,0.0,3.3554044378800003,0.0,0.0,0.0,0.0,0.0,0.0,0.0,0.0,0.0,0.0,5.840889206680001,4.72242106072,3.3554044378800003,3.3554044378800003,0.0
934,0.0,0.0,0.0,0.0,0.0,0.0,0.0,0.0,0.0,0.0,0.0,4.72242106072,0.0,3.3554044378800003,0.0,0.0,0.0,3.3554044378800003,0.0,4.72242106072,0.0,0.0,0.0,0.0
935,4.47387258384,3.6453776609066666,2.9825817225600004,3.2311301994400004,3.6039529147600007,4.639571568426667,3.2311301994400004,2.1955115457733334,1.9469630688933333,1.9469630688933337,3.6453776609066666,4.639571568426667,5.550915983653333,5.136668522186667,8.492072960066666,6.710808875760001,9.424129748366667,11.246818578820003,10.68758450584,12.945233170833333,11.66106604028667,9.838377209833334,7.497879052546668,6.793658368053333
936,9.19629364456,9.19629364456,12.7381094401,8.077825498600001,6.95935735264,11.43322993648,5.840889206680001,5.840889206680001,8.077825498600001,4.72242106072,8.077825498600001,8.077825498600001,6.95935735264,9.19629364456,5.840889206680001,3.3554044378800003,4.72242106072,4.72242106072,0.0,0.0,4.72242106072,0.0,0.0,3.3554044378800003
937,3.3554044378800003,5.840889206680001,5.840889206680001,3.3554044378800003,0.0,0.0,3.3554044378800003,3.3554044378800003,0.0,0.0,0.0,0.0,0.0,0.0,0.0,0.0,3.3554044378800003,5.840889206680001,0.0,3.3554044378800003,0.0,0.0,0.0,5.840889206680001
938,3.7282271532,4.556722076133333,4.763845806866667,3.949159132648889,4.3495983454000005,4.970969537600001,6.4208356527333335,6.627959383466667,6.627959383466667,7.249330575666666,7.042206844933333,7.249330575666666,8.284949229333334,9.320567883,6.627959383466667,9.113444152266668,9.527691613733333,11.1846814596,9.734815344466668,11.1846814596,9.734815344466666,8.699196690800001,8.699196690800001,7.042206844933333
939,12.7381094401,8.077825498600001,5.840889206680001,9.19629364456,5.840889206680001,6.95935735264,4.72242106072,6.95935735264,8.077825498600001,5.840889206680001,6.95935735264,5.840889206680001,4.72242106072,0.0,5.840889206680001,4.72242106072,3.3554044378800003,0.0,8.077825498600001,3.3554044378800003,0.0,5.840889206680001,0.0,4.72242106072
940,4.72242106072,0.0,3.3554044378800003,0.0,0.0,0.0,4.72242106072,5.840889206680001,0.0,5.840889206680001,0.0,3.3554044378800003,5.840889206680001,5.095243776040001,6.95935735264,3.3554044378800003,3.3554044378800003,0.0,0.0,0.0,4.72242106072,6.95935735264,3.3554044378800003,4.72242106072
941,17.21198202394,28.33452636432,28.189539752806667,21.913690711586668,20.62952358104,15.244306581973333,16.03137675876,13.463042497666668,11.640353667213335,8.719909063873333,5.840889206680001,3.3554044378800003,4.72242106072,8.077825498600001,0.0,7.808564648646667,0.0,3.3554044378800003,4.72242106072,3.3554044378800003,0.0,4.72242106072,0.0,3.3554044378800003
942,13.856577586060002,14.975045732020002,9.19629364456,25.289807522540002,20.8159349387,6.95935735264,6.95935735264,12.7381094401,12.7381094401,11.43322993648,12.7381094401,9.19629364456,6.95935735264,6.95935735264,6.95935735264,8.077825498600001,6.95935735264,5.840889206680001,6.95935735264,4.72242106072,6.95935735264,5.840889206680001,8.077825498600001,0.0
943,0.0,0.0,3.3554044378800003,3.3554044378800003,0.0,4.72242106072,0.0,3.3554044378800003,0.0,3.3554044378800003,0.0,3.3554044378800003,0.0,0.0,0.0,0.0,0.0,4.72242106072,0.0,0.0,0.0,0.0,0.0,0.0
944,2.278361038066667,5.5923407298,5.3852169990666665,6.006588191266666,8.492072960066666,7.95355126016,5.2609427606266665,6.710808875760001,6.690096502686667,5.882313952826667,5.861601579753334,5.799464460533334,6.006588191266666,4.556722076133334,7.042206844933333,5.5923407298,4.142474614666667,4.142474614666667,4.142474614666667,7.249330575666668,9.527691613733333,8.492072960066666,9.9419390752,7.4564543064
945,2.23693629192,5.3852169990666665,6.213711921999999,2.23693629192,5.012394283746667,4.266748853106667,3.811076645493334,4.183899360813334,1.11846814596,2.23693629192,2.3197857842133334,4.639571568426668,1.9469630688933337,3.811076645493334,3.811076645493334,4.183899360813334,4.639571568426668,3.0654312148533336,2.6926084995333337,2.6926084995333337,3.0654312148533336,4.556722076133334,2.6926084995333337,1.11846814596
946,2.3197857842133334,5.840889206680001,4.639571568426668,5.840889206680001,6.503685145026668,5.385216999066667,7.705002783280001,5.0123942837466675,3.1482807071466667,5.302367506773334,5.840889206680001,6.213711922000001,6.130862429706667,5.468066491360001,4.639571568426668,4.639571568426667,1.5741403535733334,6.586534637320001,6.58653463732,6.9593573526400005,3.866309640355555,1.9469630688933337,5.012394283746667,3.3554044378800003
947,6.95935735264,6.95935735264,6.95935735264,5.840889206680001,5.840889206680001,8.077825498600001,8.077825498600001,10.314761790520002,9.19629364456,10.314761790520002,9.19629364456,10.314761790520002,11.43322993648,10.314761790520002,12.7381094401,12.7381094401,14.975045732020002,13.856577586060002,18.3304501699,14.975045732020002,16.09351387798,16.09351387798,10.314761790520002,12.7381094401
948,0.0,0.0,0.0,0.0,3.3554044378800003,3.3554044378800003,3.3554044378800003,0.0,0.0,0.0,3.3554044378800003,0.0,0.0,0.0,3.3554044378800003,4.72242106072,4.72242106072,0.0,0.0,0.0,0.0,0.0,0.0,3.3554044378800003
949,0.0,0.0,0.0,0.0,3.3554044378800003,3.3554044378800003,0.0,0.0,0.0,0.0,4.72242106072,0.0,0.0,0.0,0.0,4.72242106072,0.0,0.0,3.3554044378800003,4.72242106072,6.95935735264,13.856577586060002,17.21198202394,16.09351387798
950,5.840889206680001,5.840889206680001,0.0,3.3554044378800003,0.0,0.0,0.0,0.0,0.0,5.840889206680001,3.3554044378800003,3.3554044378800003,0.0,0.0,3.3554044378800003,0.0,0.0,3.3554044378800003,6.95935735264,0.0,6.95935735264,5.840889206680001,3.3554044378800003,6.95935735264
951,4.72242106072,3.3554044378800003,5.840889206680001,8.077825498600001,6.95935735264,4.72242106072,0.0,5.840889206680001,4.72242106072,0.0,4.72242106072,4.72242106072,10.314761790520002,6.95935735264,6.95935735264,8.077825498600001,11.43322993648,8.077825498600001,8.077825498600001,11.43322993648,9.19629364456,9.19629364456,4.72242106072,4.72242106072
952,0.0,0.0,0.0,0.0,4.72242106072,3.3554044378800003,3.3554044378800003,0.0,3.3554044378800003,4.72242106072,0.0,6.95935735264,5.840889206680001,3.3554044378800003,0.0,3.3554044378800003,0.0,0.0,0.0,3.3554044378800003,3.3554044378800003,3.3554044378800003,0.0,4.72242106072
953,8.077825498600001,6.95935735264,0.0,5.840889206680001,4.72242106072,0.0,0.0,6.95935735264,6.95935735264,5.840889206680001,0.0,0.0,0.0,5.840889206680001,4.72242106072,4.72242106072,0.0,0.0,4.72242106072,0.0,0.0,0.0,0.0,0.0
954,11.43322993648,17.21198202394,17.21198202394,18.3304501699,16.09351387798,17.21198202394,20.8159349387,18.3304501699,18.3304501699,12.7381094401,16.09351387798,13.856577586060002,14.975045732020002,11.43322993648,13.856577586060002,14.975045732020002,12.7381094401,17.21198202394,14.975045732020002,13.856577586060002,16.09351387798,10.314761790520002,11.43322993648,10.314761790520002
955,6.95935735264,9.19629364456,12.7381094401,5.840889206680001,5.840889206680001,6.95935735264,5.840889206680001,6.95935735264,5.840889206680001,5.840889206680001,5.840889206680001,8.077825498600001,5.840889206680001,3.3554044378800003,5.840889206680001,5.840889206680001,5.840889206680001,4.72242106072,6.95935735264,5.840889206680001,5.840889206680001,9.19629364456,6.95935735264,5.840889206680001
956,3.3554044378800003,6.95935735264,6.95935735264,8.077825498600001,5.840889206680001,5.840889206680001,4.72242106072,4.72242106072,4.72242106072,4.72242106072,6.95935735264,9.19629364456,5.840889206680001,4.72242106072,0.0,4.72242106072,4.72242106072,4.72242106072,0.0,0.0,3.3554044378800003,3.3554044378800003,3.3554044378800003,3.3554044378800003
957,4.72242106072,8.077825498600001,10.314761790520002,12.7381094401,11.43322993648,11.43322993648,9.19629364456,11.43322993648,14.975045732020002,13.856577586060002,10.314761790520002,10.314761790520002,8.077825498600001,5.840889206680001,5.840889206680001,10.314761790520002,12.7381094401,12.7381094401,18.3304501699,12.7381094401,14.975045732020002,11.43322993648,9.19629364456,6.95935735264
958,4.72242106072,3.3554044378800003,0.0,0.0,0.0,0.0,3.3554044378800003,0.0,0.0,0.0,0.0,0.0,0.0,0.0,0.0,0.0,0.0,0.0,0.0,0.0,0.0,0.0,0.0,5.840889206680001
959,4.72242106072,0.0,4.72242106072,6.95935735264,0.0,0.0,3.3554044378800003,0.0,3.3554044378800003,3.3554044378800003,4.72242106072,0.0,0.0,3.3554044378800003,0.0,0.0,0.0,0.0,0.0,0.0,0.0,0.0,0.0,3.3554044378800003
960,9.19629364456,9.19629364456,8.82347092924,8.077825498600001,6.95935735264,4.72242106072,5.840889206680001,3.3554044378800003,3.3554044378800003,3.3554044378800003,4.72242106072,5.3852169990666665,9.19629364456,4.266748853106667,1.11846814596,4.266748853106667,3.0654312148533336,4.183899360813334,5.468066491360001,3.3554044378800003,4.266748853106667,1.5741403535733334,4.556722076133333,4.639571568426668
961,9.56911635988,11.868189771019999,9.56911635988,11.122544340380003,11.495367055700001,11.30895569804,11.495367055700001,11.86818977102,11.122544340380003,11.122544340380003,11.930326890240002,9.776240090613335,11.55750417492,10.31476179052,9.19629364456,8.82347092924,7.33218006796,8.82347092924,6.565822264246667,10.37689890974,10.00407619442,7.705002783280001,8.88560804846,12.758821813173334
962,0.0,3.3554044378800003,4.72242106072,11.43322993648,10.314761790520002,11.43322993648,14.975045732020002,14.975045732020002,12.7381094401,9.19629364456,11.43322993648,13.856577586060002,14.975045732020002,13.856577586060002,13.856577586060002,14.975045732020002,14.975045732020002,17.21198202394,19.697466792740002,16.09351387798,16.09351387798,17.21198202394,13.856577586060002,0.0
963,7.3321800679599995,5.840889206680001,3.5211034224666675,2.6926084995333337,2.3197857842133334,0.0,10.314761790520002,5.840889206680001,4.72242106072,0.0,4.72242106072,5.840889206680001,6.95935735264,4.929544791453334,6.213711921999999,5.302367506773334,3.5211034224666675,3.1482807071466667,3.0654312148533336,5.095243776040001,3.0654312148533336,6.213711922000002,0.0,3.811076645493334
964,8.077825498600001,4.72242106072,6.95935735264,8.077825498600001,4.72242106072,4.72242106072,0.0,0.0,3.3554044378800003,0.0,11.43322993648,0.0,5.840889206680001,0.0,9.19629364456,6.95935735264,0.0,0.0,0.0,4.72242106072,5.840889206680001,4.72242106072,16.09351387798,11.43322993648
965,12.7381094401,10.314761790520002,12.7381094401,12.7381094401,13.856577586060002,9.19629364456,16.09351387798,13.856577586060002,12.7381094401,11.43322993648,10.314761790520002,11.43322993648,10.314761790520002,10.314761790520002,10.314761790520002,9.19629364456,8.077825498600001,12.7381094401,9.19629364456,10.314761790520002,11.43322993648,12.7381094401,9.19629364456,9.19629364456
966,4.72242106072,4.72242106072,6.95935735264,6.95935735264,4.72242106072,8.077825498600001,4.72242106072,5.840889206680001,4.72242106072,5.840889206680001,5.840889206680001,6.95935735264,4.72242106072,5.840889206680001,5.840889206680001,9.19629364456,6.95935735264,10.314761790520002,6.95935735264,8.077825498600001,6.95935735264,8.077825498600001,4.266748853106667,3.8110766454933334
967,9.19629364456,10.314761790520002,11.43322993648,10.314761790520002,11.43322993648,13.856577586060002,11.43322993648,12.7381094401,16.09351387798,11.43322993648,14.975045732020002,16.09351387798,11.43322993648,13.856577586060002,18.3304501699,17.21198202394,19.697466792740002,17.21198202394,16.09351387798,18.3304501699,14.975045732020002,11.43322993648,11.43322993648,11.43322993648
968,9.19629364456,14.975045732020002,5.840889206680001,4.72242106072,4.72242106072,8.077825498600001,0.0,0.0,0.0,0.0,0.0,0.0,0.0,0.0,6.95935735264,0.0,0.0,5.012394283746667,5.840889206680001,6.95935735264,8.077825498600001,4.72242106072,0.0,0.0
969,0.0,0.0,6.95935735264,0.0,0.0,0.0,0.0,0.0,0.0,0.0,3.3554044378800003,4.72242106072,4.72242106072,10.314761790520002,16.09351387798,16.09351387798,13.856577586060002,11.43322993648,11.43322993648,9.19629364456,12.7381094401,8.077825498600001,11.43322993648,6.95935735264
970,0.0,0.0,0.0,0.0,0.0,0.0,0.0,0.0,0.0,3.3554044378800003,0.0,0.0,0.0,0.0,0.0,3.3554044378800003,0.0,0.0,0.0,0.0,0.0,0.0,0.0,0.0
971,10.314761790520002,9.19629364456,9.19629364456,8.077825498600001,8.077825498600001,4.72242106072,9.19629364456,8.077825498600001,4.72242106072,9.19629364456,8.077825498600001,6.95935735264,8.077825498600001,3.3554044378800003,4.72242106072,4.72242106072,3.3554044378800003,0.0,3.3554044378800003,3.3554044378800003,0.0,4.72242106072,5.840889206680001,5.840889206680001
972,10.314761790520002,10.314761790520002,8.077825498600001,12.7381094401,12.7381094401,12.7381094401,11.43322993648,12.7381094401,13.856577586060002,14.975045732020002,10.314761790520002,12.7381094401,12.7381094401,10.314761790520002,12.7381094401,14.975045732020002,12.7381094401,17.21198202394,13.856577586060002,13.856577586060002,9.19629364456,11.43322993648,11.43322993648,9.19629364456
973,10.314761790520002,9.19629364456,8.077825498600001,9.19629364456,11.43322993648,14.975045732020002,16.09351387798,14.975045732020002,14.975045732020002,18.3304501699,16.09351387798,13.856577586060002,12.7381094401,11.43322993648,13.856577586060002,16.09351387798,19.697466792740002,25.289807522540002,24.17133937658,27.713155172120004,18.3304501699,18.3304501699,17.21198202394,13.856577586060002
974,3.3554044378800003,0.0,9.19629364456,6.95935735264,6.95935735264,6.95935735264,5.840889206680001,3.3554044378800003,3.3554044378800003,4.72242106072,5.840889206680001,6.95935735264,8.077825498600001,3.3554044378800003,4.72242106072,8.077825498600001,6.95935735264,0.0,0.0,0.0,2.3197857842133334,5.737327341313333,8.429935840846667,3.3554044378800003
975,8.077825498600001,9.19629364456,9.19629364456,8.077825498600001,6.95935735264,13.856577586060002,5.840889206680001,9.19629364456,11.43322993648,8.077825498600001,10.314761790520002,10.314761790520002,10.314761790520002,11.43322993648,11.43322993648,10.314761790520002,12.7381094401,11.43322993648,9.19629364456,8.077825498600001,6.95935735264,6.95935735264,6.95935735264,5.840889206680001
976,0.0,0.0,0.0,0.0,0.0,0.0,4.72242106072,3.3554044378800003,8.077825498600001,3.3554044378800003,3.3554044378800003,4.72242106072,5.840889206680001,4.72242106072,4.72242106072,5.840889206680001,3.3554044378800003,5.840889206680001,4.72242106072,5.840889206680001,3.3554044378800003,0.0,0.0,0.0
977,9.19629364456,11.43322993648,10.314761790520002,11.43322993648,10.314761790520002,10.314761790520002,12.7381094401,16.09351387798,13.856577586060002,14.975045732020002,16.09351387798,12.7381094401,14.975045732020002,14.975045732020002,18.3304501699,17.21198202394,17.21198202394,18.3304501699,17.21198202394,14.975045732020002,16.09351387798,17.21198202394,17.21198202394,12.7381094401
978,11.43322993648,12.7381094401,11.43322993648,8.077825498600001,8.077825498600001,8.077825498600001,11.43322993648,10.314761790520002,6.95935735264,10.314761790520002,6.95935735264,6.95935735264,4.72242106072,5.840889206680001,4.72242106072,4.72242106072,6.95935735264,6.95935735264,5.840889206680001,5.840889206680001,6.95935735264,0.0,4.72242106072,0.0
979,3.3554044378800003,3.3554044378800003,0.0,0.0,0.0,0.0,0.0,0.0,0.0,0.0,0.0,4.72242106072,4.72242106072,3.3554044378800003,0.0,4.72242106072,3.3554044378800003,4.72242106072,0.0,5.840889206680001,5.840889206680001,3.3554044378800003,5.840889206680001,0.0
980,6.95935735264,3.3554044378800003,6.95935735264,5.840889206680001,5.840889206680001,6.95935735264,3.3554044378800003,0.0,0.0,0.0,0.0,0.0,0.0,0.0,0.0,4.72242106072,4.72242106072,5.840889206680001,5.840889206680001,5.840889206680001,5.840889206680001,4.72242106072,5.840889206680001,4.72242106072
981,5.840889206680001,7.39431718718,5.758039714386666,0.0,5.095243776040001,5.840889206680001,1.5741403535733334,0.0,1.11846814596,3.3554044378800003,3.4382539301733335,0.0,3.0654312148533336,1.11846814596,1.5741403535733334,3.1482807071466667,1.11846814596,0.0,3.0654312148533336,1.11846814596,1.11846814596,4.639571568426668,0.0,6.95935735264
982,3.5211034224666675,3.5211034224666675,2.6926084995333337,2.23693629192,4.639571568426667,6.192999548926667,3.0654312148533336,4.183899360813334,3.5211034224666675,3.0654312148533336,1.5741403535733334,3.0654312148533336,1.11846814596,1.5741403535733334,1.11846814596,2.23693629192,2.23693629192,2.23693629192,2.6926084995333337,2.6926084995333337,3.1482807071466667,3.1482807071466667,2.23693629192,2.6926084995333337
983,0.0,0.0,0.0,0.0,5.840889206680001,5.840889206680001,0.0,4.72242106072,0.0,0.0,0.0,3.3554044378800003,5.840889206680001,5.840889206680001,5.840889206680001,0.0,5.840889206680001,4.72242106072,0.0,0.0,0.0,0.0,5.840889206680001,9.19629364456
984,3.3554044378800003,0.0,0.0,0.0,0.0,0.0,3.3554044378800003,3.3554044378800003,3.3554044378800003,3.3554044378800003,4.72242106072,4.72242106072,0.0,0.0,0.0,0.0,0.0,3.3554044378800003,3.3554044378800003,0.0,3.3554044378800003,3.3554044378800003,3.3554044378800003,0.0
985,9.19629364456,8.077825498600001,8.077825498600001,9.19629364456,12.7381094401,16.09351387798,12.7381094401,13.856577586060002,12.7381094401,14.975045732020002,16.09351387798,11.43322993648,13.856577586060002,16.09351387798,12.7381094401,12.7381094401,8.077825498600001,6.95935735264,10.314761790520002,11.43322993648,3.3554044378800003,10.314761790520002,13.856577586060002,10.314761790520002
986,3.3554044378800003,3.3554044378800003,0.0,0.0,3.3554044378800003,3.3554044378800003,0.0,0.0,0.0,3.3554044378800003,4.72242106072,0.0,3.3554044378800003,0.0,4.72242106072,3.3554044378800003,3.3554044378800003,3.3554044378800003,0.0,4.72242106072,3.3554044378800003,3.3554044378800003,0.0,0.0
987,6.95935735264,5.840889206680001,6.95935735264,8.077825498600001,8.077825498600001,6.95935735264,6.95935735264,8.077825498600001,8.077825498600001,9.19629364456,6.95935735264,9.19629364456,6.95935735264,6.95935735264,5.840889206680001,11.43322993648,12.7381094401,10.314761790520002,10.314761790520002,12.7381094401,12.7381094401,10.314761790520002,8.077825498600001,5.840889206680001
988,12.7381094401,10.314761790520002,12.7381094401,12.7381094401,9.19629364456,9.19629364456,6.95935735264,10.314761790520002,11.43322993648,6.95935735264,6.95935735264,9.19629364456,9.19629364456,9.19629364456,11.43322993648,10.314761790520002,9.19629364456,8.077825498600001,4.72242106072,5.840889206680001,8.077825498600001,4.72242106072,6.95935735264,8.077825498600001
989,1.5741403535733334,1.5741403535733334,5.468066491360001,1.11846814596,3.1482807071466667,0.0,0.0,0.0,0.0,0.0,0.0,0.0,3.3554044378800003,4.72242106072,5.840889206680001,3.8110766454933334,5.840889206680001,9.19629364456,7.70500278328,6.9593573526400005,5.5647242323688895,11.43322993648,6.95935735264,9.19629364456
990,0.0,0.0,3.3554044378800003,4.72242106072,0.0,3.3554044378800003,3.3554044378800003,4.72242106072,3.3554044378800003,5.840889206680001,0.0,0.0,3.3554044378800003,3.3554044378800003,3.3554044378800003,4.72242106072,3.3554044378800003,3.3554044378800003,0.0,3.3554044378800003,3.3554044378800003,3.3554044378800003,3.3554044378800003,0.0
991,3.3554044378800003,4.72242106072,5.840889206680001,5.840889206680001,3.3554044378800003,3.3554044378800003,4.72242106072,8.077825498600001,12.7381094401,8.077825498600001,12.7381094401,11.43322993648,9.19629364456,10.314761790520002,8.077825498600001,8.077825498600001,11.43322993648,10.314761790520002,8.077825498600001,11.43322993648,11.43322993648,9.19629364456,8.077825498600001,8.077825498600001
992,6.95935735264,5.840889206680001,6.95935735264,6.95935735264,8.077825498600001,9.19629364456,9.19629364456,9.19629364456,10.314761790520002,9.19629364456,9.19629364456,8.077825498600001,6.95935735264,8.077825498600001,9.19629364456,12.7381094401,12.7381094401,13.856577586060002,10.314761790520002,14.975045732020002,14.975045732020002,10.314761790520002,14.975045732020002,9.19629364456
993,5.840889206680001,0.0,0.0,3.3554044378800003,6.95935735264,5.840889206680001,5.840889206680001,8.077825498600001,5.840889206680001,6.95935735264,8.077825498600001,6.95935735264,6.95935735264,9.19629364456,6.95935735264,6.95935735264,6.95935735264,5.840889206680001,6.95935735264,5.840889206680001,4.72242106072,6.95935735264,5.840889206680001,6.95935735264
994,14.975045732020002,13.856577586060002,4.72242106072,4.72242106072,6.95935735264,5.840889206680001,6.95935735264,6.95935735264,12.7381094401,10.314761790520002,10.314761790520002,0.0,9.19629364456,9.19629364456,3.3554044378800003,11.43322993648,16.09351387798,4.72242106072,0.0,3.3554044378800003,13.856577586060002,16.09351387798,19.697466792740002,19.697466792740002
995,7.33218006796,8.077825498600001,8.45064821392,9.25843076378,10.74972162506,12.303149605560002,11.557504174920004,10.749721625060003,11.1846814596,12.675972320880001,11.122544340380003,8.0778254986,5.840889206680001,6.503685145026668,7.33218006796,8.077825498600001,8.450648213920001,10.00407619442,9.56911635988,11.122544340380003,11.122544340380001,8.450648213920001,6.213711921999999,3.5211034224666675
996,11.43322993648,14.975045732020002,14.975045732020002,12.7381094401,13.856577586060002,14.975045732020002,12.7381094401,14.975045732020002,11.43322993648,8.077825498600001,13.856577586060002,11.43322993648,10.314761790520002,10.314761790520002,11.43322993648,9.19629364456,10.314761790520002,10.314761790520002,8.077825498600001,5.840889206680001,6.95935735264,6.95935735264,5.840889206680001,5.840889206680001
997,4.72242106072,5.840889206680001,6.95935735264,5.840889206680001,5.840889206680001,8.077825498600001,12.7381094401,13.856577586060002,14.975045732020002,16.09351387798,16.09351387798,14.975045732020002,10.314761790520002,6.95935735264,5.840889206680001,8.077825498600001,11.43322993648,10.314761790520002,13.856577586060002,10.314761790520002,9.19629364456,11.43322993648,8.077825498600001,5.840889206680001
998,8.077825498600001,9.19629364456,8.077825498600001,6.95935735264,8.077825498600001,6.95935735264,5.840889206680001,5.840889206680001,0.0,5.840889206680001,5.840889206680001,9.19629364456,6.95935735264,5.840889206680001,9.19629364456,6.95935735264,5.840889206680001,9.19629364456,4.72242106072,5.840889206680001,5.840889206680001,0.0,0.0,0.0
999,5.840889206680001,5.840889206680001,3.3554044378800003,8.077825498600001,5.840889206680001,8.077825498600001,6.95935735264,8.077825498600001,8.077825498600001,0.0,10.314761790520002,5.840889206680001,12.7381094401,11.43322993648,11.43322993648,9.19629364456,6.95935735264,9.19629364456,6.95935735264,5.840889206680001,12.7381094401,11.43322993648,16.09351387798,8.077825498600001
1000,3.3554044378800003,4.72242106072,4.72242106072,0.0,5.840889206680001,0.0,3.3554044378800003,3.3554044378800003,0.0,5.840889206680001,0.0,0.0,0.0,3.3554044378800003,4.72242106072,0.0,3.3554044378800003,0.0,0.0,0.0,4.72242106072,3.3554044378800003,4.72242106072,5.840889206680001
1001,3.3554044378800003,4.72242106072,5.840889206680001,5.840889206680001,4.72242106072,5.840889206680001,4.72242106072,3.3554044378800003,3.3554044378800003,4.72242106072,3.3554044378800003,4.72242106072,4.72242106072,5.840889206680001,5.840889206680001,9.19629364456,13.856577586060002,11.43322993648,10.314761790520002,10.314761790520002,8.077825498600001,6.95935735264,9.19629364456,5.840889206680001
1002,12.323861978633333,10.74972162506,11.122544340380003,10.00407619442,10.004076194420001,11.122544340380001,9.25843076378,6.9593573526400005,8.367798721626668,6.130862429706667,6.048012937413334,8.0778254986,7.3321800679599995,4.929544791453334,5.820176833606666,5.820176833606666,4.929544791453334,6.1101500566333335,5.737327341313333,6.1101500566333335,6.876507860346668,7.705002783280001,6.503685145026666,7.249330575666668
1003,6.95935735264,5.840889206680001,5.840889206680001,8.077825498600001,5.840889206680001,9.19629364456,9.19629364456,4.72242106072,8.077825498600001,8.077825498600001,8.077825498600001,5.840889206680001,8.077825498600001,6.95935735264,3.3554044378800003,5.840889206680001,6.95935735264,3.3554044378800003,3.3554044378800003,4.72242106072,3.3554044378800003,10.314761790520002,4.72242106072,0.0
1004,8.077825498600001,6.95935735264,10.314761790520002,8.077825498600001,6.95935735264,9.19629364456,8.077825498600001,9.19629364456,9.19629364456,8.077825498600001,5.840889206680001,5.840889206680001,3.3554044378800003,3.3554044378800003,6.95935735264,6.95935735264,4.72242106072,9.19629364456,9.19629364456,5.840889206680001,6.95935735264,5.840889206680001,4.72242106072,5.840889206680001
1005,4.639571568426667,3.811076645493334,2.6926084995333333,3.617761163475556,2.471676520084445,2.6649920021022226,3.6591859096222223,1.11846814596,0.37282271532000005,0.0,0.5247134511911111,0.0,0.0,0.0,0.0,0.6489876896311112,2.0436208099022224,1.1737011408222224,0.37282271532000005,0.0,0.5247134511911111,1.9469630688933337,3.493486925035556,3.465870427604445
1006,11.43322993648,19.697466792740002,11.43322993648,14.975045732020002,10.314761790520002,6.95935735264,6.95935735264,0.0,3.3554044378800003,8.077825498600001,4.72242106072,5.840889206680001,4.72242106072,5.840889206680001,3.3554044378800003,0.0,4.72242106072,3.3554044378800003,6.95935735264,3.3554044378800003,4.72242106072,0.0,0.0,0.0
1007,9.19629364456,10.004076194420001,7.705002783280001,8.077825498600001,8.45064821392,8.0778254986,6.58653463732,6.58653463732,6.9593573526400005,7.705002783280001,6.58653463732,6.9593573526400005,7.7050027832799985,6.130862429706667,5.385216999066667,5.468066491360001,6.9593573526400005,4.556722076133333,4.266748853106667,3.5211034224666675,4.639571568426668,5.385216999066667,3.0654312148533336,3.1482807071466667
1008,0.0,3.3554044378800003,4.72242106072,6.95935735264,3.3554044378800003,6.95935735264,9.19629364456,11.43322993648,11.43322993648,16.09351387798,13.856577586060002,18.3304501699,12.7381094401,9.19629364456,6.95935735264,8.077825498600001,12.7381094401,11.43322993648,16.09351387798,14.975045732020002,10.314761790520002,10.314761790520002,6.95935735264,5.840889206680001
1009,6.95935735264,5.840889206680001,0.0,4.72242106072,4.72242106072,4.72242106072,4.72242106072,0.0,0.0,2.6926084995333337,0.0,5.840889206680001,5.840889206680001,5.840889206680001,4.72242106072,5.840889206680001,3.3554044378800003,0.0,0.0,0.0,0.0,3.3554044378800003,3.3554044378800003,5.840889206680001
1010,8.077825498600001,10.314761790520002,11.43322993648,9.19629364456,8.077825498600001,9.19629364456,8.077825498600001,5.840889206680001,4.72242106072,8.077825498600001,6.95935735264,4.72242106072,4.72242106072,3.3554044378800003,5.840889206680001,5.840889206680001,8.077825498600001,8.077825498600001,6.95935735264,5.840889206680001,4.72242106072,4.72242106072,4.72242106072,4.72242106072
1011,8.077825498600001,10.314761790520002,10.314761790520002,11.43322993648,12.7381094401,14.975045732020002,16.09351387798,10.314761790520002,8.077825498600001,9.19629364456,9.19629364456,5.840889206680001,5.840889206680001,6.95935735264,6.95935735264,10.314761790520002,16.09351387798,13.856577586060002,12.7381094401,12.7381094401,14.975045732020002,14.975045732020002,11.43322993648,9.19629364456
1012,0.0,3.3554044378800003,4.72242106072,5.840889206680001,4.72242106072,4.72242106072,5.840889206680001,4.72242106072,5.840889206680001,4.72242106072,4.72242106072,3.3554044378800003,3.3554044378800003,4.72242106072,3.3554044378800003,0.0,5.840889206680001,9.19629364456,10.314761790520002,6.95935735264,4.72242106072,4.72242106072,6.95935735264,5.840889206680001
1013,5.840889206680001,6.95935735264,9.19629364456,6.95935735264,6.95935735264,6.95935735264,9.19629364456,10.314761790520002,10.314761790520002,11.43322993648,8.077825498600001,8.077825498600001,10.314761790520002,9.19629364456,11.43322993648,9.19629364456,9.19629364456,11.43322993648,9.19629364456,6.95935735264,5.840889206680001,4.72242106072,6.95935735264,3.3554044378800003
1014,3.3554044378800003,0.0,0.0,0.0,3.3554044378800003,0.0,0.0,0.0,0.0,0.0,0.0,3.3554044378800003,0.0,3.3554044378800003,4.72242106072,0.0,0.0,4.72242106072,0.0,0.0,3.3554044378800003,0.0,3.3554044378800003,0.0
1015,6.565822264246667,9.56911635988,9.548403986806667,11.1846814596,10.439036028960002,13.3594806323,11.930326890240002,8.82347092924,6.565822264246667,6.938644979566668,7.249330575666668,9.56911635988,9.631253479100002,6.130862429706667,6.130862429706667,8.88560804846,8.492072960066666,7.684290410206668,10.37689890974,10.00407619442,9.19629364456,8.077825498600001,6.130862429706667,5.758039714386666
1016,8.077825498600001,8.077825498600001,6.95935735264,6.95935735264,6.95935735264,5.840889206680001,5.840889206680001,5.840889206680001,4.72242106072,4.72242106072,3.3554044378800003,4.72242106072,3.3554044378800003,3.3554044378800003,4.72242106072,4.72242106072,0.0,0.0,4.72242106072,4.72242106072,3.3554044378800003,3.3554044378800003,10.314761790520002,8.077825498600001
1017,6.95935735264,5.840889206680001,5.840889206680001,8.077825498600001,9.19629364456,0.0,3.3554044378800003,0.0,0.0,4.72242106072,6.95935735264,6.95935735264,5.840889206680001,8.077825498600001,0.0,0.0,3.3554044378800003,4.72242106072,6.95935735264,0.0,8.077825498600001,0.0,4.72242106072,6.95935735264
1018,0.37282271532000005,1.11846814596,2.23693629192,3.8939261377866665,5.385216999066667,2.6926084995333337,0.0,2.23693629192,5.385216999066667,2.23693629192,0.0,0.0,0.0,1.11846814596,1.9469630688933337,2.6926084995333337,3.1482807071466667,2.23693629192,4.266748853106667,4.266748853106667,5.840889206680001,3.0654312148533336,3.1482807071466667,5.468066491360001
1019,0.0,0.0,0.0,0.0,3.3554044378800003,4.72242106072,0.0,3.3554044378800003,4.72242106072,3.3554044378800003,0.0,5.840889206680001,0.0,0.0,4.72242106072,4.72242106072,4.72242106072,3.3554044378800003,0.0,0.0,0.0,0.0,0.0,0.0
1020,5.840889206680001,4.72242106072,0.0,0.0,5.840889206680001,4.72242106072,6.95935735264,3.3554044378800003,0.0,3.3554044378800003,0.0,0.0,0.0,0.0,0.0,0.0,3.3554044378800003,0.0,0.0,3.3554044378800003,0.0,0.0,0.0,3.5211034224666675
1021,3.3554044378800003,0.0,4.72242106072,3.3554044378800003,5.840889206680001,0.0,0.0,3.3554044378800003,0.0,0.0,0.0,4.72242106072,0.0,4.72242106072,4.72242106072,3.3554044378800003,4.72242106072,0.0,3.3554044378800003,3.3554044378800003,4.72242106072,3.3554044378800003,3.3554044378800003,0.0
1022,4.72242106072,8.077825498600001,4.72242106072,4.72242106072,9.19629364456,12.7381094401,10.314761790520002,16.09351387798,11.43322993648,12.7381094401,10.314761790520002,9.19629364456,4.72242106072,5.840889206680001,4.72242106072,8.077825498600001,4.72242106072,8.077825498600001,9.19629364456,9.19629364456,5.840889206680001,8.077825498600001,4.72242106072,4.72242106072
1023,3.3554044378800003,4.72242106072,6.95935735264,11.43322993648,9.19629364456,11.43322993648,11.43322993648,11.43322993648,8.077825498600001,11.43322993648,8.077825498600001,10.314761790520002,8.077825498600001,9.19629364456,6.95935735264,8.077825498600001,4.72242106072,8.077825498600001,9.19629364456,5.840889206680001,5.840889206680001,3.3554044378800003,0.0,0.0
1024,0.0,0.0,4.72242106072,3.3554044378800003,4.72242106072,0.0,5.840889206680001,6.95935735264,3.3554044378800003,0.0,0.0,0.0,4.72242106072,4.72242106072,3.3554044378800003,0.0,0.0,0.0,5.840889206680001,6.95935735264,8.077825498600001,6.95935735264,4.72242106072,5.840889206680001
1025,6.58653463732,6.9593573526400005,6.586534637320001,6.9593573526400005,7.33218006796,14.975045732020002,11.43322993648,14.975045732020002,14.975045732020002,11.43322993648,12.7381094401,12.7381094401,12.241012486340002,12.61383520166,16.09351387798,16.466336593300003,14.167263182160001,12.30314960556,10.31476179052,11.122544340380003,9.9419390752,10.004076194420001,7.705002783280001,5.385216999066667
1026,9.19629364456,11.43322993648,14.975045732020002,13.856577586060002,11.43322993648,10.314761790520002,8.077825498600001,11.43322993648,12.7381094401,10.314761790520002,10.314761790520002,10.314761790520002,11.43322993648,9.19629364456,6.95935735264,9.19629364456,11.43322993648,8.077825498600001,6.95935735264,6.95935735264,8.077825498600001,8.077825498600001,4.72242106072,8.077825498600001
1027,13.856577586060002,10.314761790520002,8.077825498600001,8.077825498600001,10.314761790520002,9.19629364456,9.19629364456,5.840889206680001,5.840889206680001,3.3554044378800003,3.3554044378800003,4.72242106072,5.840889206680001,5.840889206680001,9.19629364456,6.95935735264,4.72242106072,0.0,0.0,0.0,4.72242106072,0.0,0.0,4.72242106072
1028,12.7381094401,13.856577586060002,12.7381094401,13.856577586060002,13.856577586060002,17.21198202394,16.09351387798,13.856577586060002,13.856577586060002,12.7381094401,13.856577586060002,13.856577586060002,14.975045732020002,12.7381094401,16.09351387798,12.7381094401,12.7381094401,13.856577586060002,12.7381094401,11.43322993648,13.856577586060002,12.7381094401,12.7381094401,8.077825498600001
1029,17.21198202394,13.856577586060002,13.856577586060002,14.975045732020002,16.09351387798,13.856577586060002,16.09351387798,14.975045732020002,11.43322993648,13.856577586060002,11.43322993648,13.856577586060002,13.856577586060002,12.7381094401,10.314761790520002,10.314761790520002,17.21198202394,13.856577586060002,13.856577586060002,12.7381094401,14.975045732020002,17.21198202394,11.43322993648,8.077825498600001
1030,0.0,0.0,0.0,0.0,0.0,0.0,0.0,0.0,0.0,0.0,0.0,3.3554044378800003,5.840889206680001,4.72242106072,3.3554044378800003,4.72242106072,0.0,0.0,5.840889206680001,0.0,0.0,0.0,0.0,0.0
1031,5.840889206680001,6.95935735264,6.95935735264,9.19629364456,8.077825498600001,8.077825498600001,5.840889206680001,6.95935735264,9.19629364456,6.95935735264,9.19629364456,10.314761790520002,9.19629364456,8.077825498600001,11.43322993648,14.975045732020002,20.8159349387,13.856577586060002,17.21198202394,20.8159349387,16.09351387798,16.09351387798,16.09351387798,12.7381094401
1032,5.3852169990666665,5.385216999066667,6.130862429706667,6.213711922000001,6.9593573526400005,6.876507860346668,6.876507860346668,6.586534637320001,4.639571568426667,3.811076645493334,6.213711922000001,5.385216999066667,5.012394283746667,5.468066491360001,4.639571568426668,6.503685145026668,2.3197857842133334,7.33218006796,5.09524377604,5.468066491360001,3.493486925035556,3.3968291840266667,5.468066491360001,4.183899360813334
1033,8.077825498600001,9.19629364456,8.077825498600001,6.95935735264,8.077825498600001,6.95935735264,8.077825498600001,11.43322993648,11.43322993648,12.7381094401,12.7381094401,10.314761790520002,12.7381094401,14.975045732020002,12.7381094401,12.7381094401,13.0487950362,14.975045732020002,16.09351387798,18.3304501699,16.09351387798,14.975045732020002,12.7381094401,11.43322993648
1034,5.840889206680001,4.72242106072,8.077825498600001,10.314761790520002,11.43322993648,9.19629364456,8.077825498600001,8.077825498600001,5.840889206680001,4.72242106072,6.95935735264,0.0,0.0,0.0,0.0,3.3554044378800003,0.0,3.3554044378800003,3.3554044378800003,0.0,0.0,3.3554044378800003,0.0,3.3554044378800003
1035,16.09351387798,16.09351387798,17.21198202394,17.21198202394,17.21198202394,18.3304501699,17.21198202394,19.697466792740002,16.09351387798,13.856577586060002,13.856577586060002,14.975045732020002,14.975045732020002,19.697466792740002,11.43322993648,14.975045732020002,14.975045732020002,16.09351387798,17.21198202394,16.09351387798,19.697466792740002,20.8159349387,17.21198202394,9.19629364456
1036,9.19629364456,8.077825498600001,9.19629364456,8.077825498600001,9.19629364456,10.314761790520002,9.19629364456,4.72242106072,5.840889206680001,4.72242106072,5.840889206680001,6.95935735264,8.077825498600001,5.840889206680001,3.3554044378800003,5.840889206680001,6.95935735264,4.72242106072,4.72242106072,4.72242106072,5.840889206680001,3.3554044378800003,0.0,8.077825498600001
1037,14.975045732020002,11.43322993648,12.7381094401,14.975045732020002,12.7381094401,13.856577586060002,11.43322993648,9.19629364456,13.856577586060002,10.314761790520002,11.43322993648,10.314761790520002,9.19629364456,6.95935735264,8.077825498600001,3.3554044378800003,8.077825498600001,6.95935735264,5.840889206680001,6.95935735264,9.19629364456,9.19629364456,9.19629364456,9.19629364456
1038,4.72242106072,4.72242106072,4.72242106072,0.0,0.0,0.0,3.3554044378800003,0.0,0.0,3.3554044378800003,3.3554044378800003,3.3554044378800003,4.72242106072,4.72242106072,0.0,3.3554044378800003,8.077825498600001,9.19629364456,6.95935735264,6.95935735264,6.95935735264,9.19629364456,10.314761790520002,11.43322993648
1039,2.6926084995333337,4.639571568426668,4.266748853106667,6.586534637320001,8.077825498600001,8.82347092924,10.004076194420001,11.86818977102,11.495367055700001,13.421617751520001,10.74972162506,10.004076194420001,6.876507860346668,3.8939261377866665,4.183899360813334,7.705002783280001,8.82347092924,10.31476179052,11.495367055700001,9.19629364456,10.31476179052,8.0778254986,5.385216999066667,5.468066491360001
1040,4.72242106072,0.0,4.72242106072,0.0,0.0,0.0,0.0,0.0,0.0,0.0,0.0,0.0,0.0,0.0,0.0,0.0,0.0,0.0,0.0,0.0,4.72242106072,6.95935735264,4.72242106072,9.19629364456
1041,9.56911635988,11.495367055700001,14.540085897480003,9.56911635988,10.004076194420001,7.705002783280001,7.33218006796,7.58072854484,5.385216999066667,5.468066491360001,6.130862429706667,5.468066491360001,1.5741403535733334,0.0,1.11846814596,0.0,3.811076645493334,4.183899360813334,2.6926084995333337,5.095243776040001,2.3197857842133334,1.9469630688933337,1.11846814596,1.5741403535733334
1042,1.11846814596,3.8939261377866674,3.1482807071466667,0.0,3.811076645493334,3.5211034224666675,1.9469630688933337,1.9469630688933337,3.8939261377866674,3.0654312148533336,4.639571568426667,3.0654312148533336,3.1482807071466667,3.1482807071466667,1.9469630688933337,5.095243776040001,4.72242106072,7.33218006796,5.758039714386666,5.095243776040001,4.639571568426667,5.385216999066667,5.840889206680001,1.5741403535733334
1043,5.012394283746667,8.0778254986,4.183899360813334,7.249330575666669,7.622153290986668,7.249330575666669,6.130862429706667,5.468066491360001,7.7050027832799985,2.6926084995333337,6.192999548926667,6.9593573526400005,4.183899360813334,3.811076645493334,4.556722076133334,6.130862429706667,1.11846814596,2.23693629192,2.6926084995333337,5.0123942837466675,5.820176833606666,6.1101500566333335,4.639571568426667,8.82347092924
1044,0.0,0.0,0.0,0.0,0.0,0.0,0.0,0.0,0.0,0.0,0.0,0.0,0.0,0.0,4.72242106072,3.3554044378800003,0.0,3.3554044378800003,3.3554044378800003,4.72242106072,0.0,0.0,0.0,0.0
1045,8.077825498600001,6.95935735264,11.43322993648,10.314761790520002,12.7381094401,9.19629364456,14.975045732020002,11.43322993648,8.077825498600001,16.09351387798,13.856577586060002,11.43322993648,5.840889206680001,5.840889206680001,11.43322993648,8.077825498600001,6.95935735264,11.43322993648,14.975045732020002,12.7381094401,13.856577586060002,11.43322993648,11.43322993648,8.077825498600001
1046,19.697466792740002,23.052871230620003,18.3304501699,14.975045732020002,13.856577586060002,10.314761790520002,11.43322993648,9.19629364456,8.077825498600001,8.077825498600001,6.95935735264,6.95935735264,9.19629364456,0.0,4.72242106072,4.72242106072,6.95935735264,5.840889206680001,9.19629364456,10.314761790520002,12.7381094401,12.7381094401,11.43322993648,12.7381094401
1047,13.856577586060002,13.856577586060002,11.43322993648,9.19629364456,14.975045732020002,8.077825498600001,4.72242106072,8.077825498600001,4.72242106072,9.19629364456,5.840889206680001,4.72242106072,0.0,3.3554044378800003,0.0,5.840889206680001,3.3554044378800003,5.840889206680001,4.72242106072,11.43322993648,5.840889206680001,3.3554044378800003,3.3554044378800003,0.0
1048,6.95935735264,9.19629364456,6.95935735264,3.3554044378800003,5.840889206680001,4.72242106072,3.3554044378800003,0.0,3.3554044378800003,3.3554044378800003,0.0,0.0,8.077825498600001,0.0,0.0,6.95935735264,4.72242106072,5.840889206680001,0.0,3.3554044378800003,11.43322993648,9.19629364456,5.840889206680001,4.72242106072
1049,3.0654312148533336,6.048012937413334,1.5741403535733334,3.5211034224666675,2.23693629192,0.0,0.0,0.0,0.0,3.3554044378800003,4.639571568426667,3.438253930173334,3.0654312148533336,8.802758556166667,2.6926084995333337,4.183899360813334,2.6926084995333337,3.8939261377866665,3.0654312148533336,3.1482807071466667,2.23693629192,0.0,5.302367506773334,12.98665791698
1050,0.0,4.72242106072,4.72242106072,5.840889206680001,6.95935735264,8.077825498600001,8.077825498600001,6.95935735264,10.314761790520002,10.314761790520002,10.314761790520002,11.43322993648,10.314761790520002,9.19629364456,11.43322993648,14.975045732020002,11.43322993648,10.314761790520002,10.314761790520002,10.314761790520002,9.19629364456,8.077825498600001,10.314761790520002,9.19629364456
1051,13.856577586060002,16.09351387798,12.7381094401,10.314761790520002,11.43322993648,6.95935735264,13.856577586060002,16.09351387798,10.314761790520002,10.314761790520002,9.19629364456,10.314761790520002,8.077825498600001,8.077825498600001,8.077825498600001,8.077825498600001,11.43322993648,9.19629364456,10.314761790520002,5.840889206680001,8.077825498600001,5.840889206680001,3.3554044378800003,8.077825498600001
1052,11.43322993648,9.25843076378,11.43322993648,10.314761790520002,8.077825498600001,9.548403986806667,9.56911635988,10.004076194420001,9.19629364456,11.43322993648,8.450648213920001,7.33218006796,6.95935735264,6.503685145026668,6.95935735264,10.314761790520002,8.077825498600001,9.19629364456,8.077825498600001,8.077825498600001,11.43322993648,10.314761790520002,9.19629364456,8.077825498600001
1053,11.43322993648,10.314761790520002,10.314761790520002,11.43322993648,10.314761790520002,10.314761790520002,8.077825498600001,9.19629364456,11.43322993648,9.19629364456,10.314761790520002,5.840889206680001,6.95935735264,5.840889206680001,8.077825498600001,6.95935735264,5.840889206680001,0.0,4.72242106072,4.72242106072,4.72242106072,0.0,0.0,0.0
1054,1.4912908612800002,1.4912908612800002,1.4912908612800002,0.0,4.72242106072,3.3554044378800003,0.0,3.3554044378800003,5.840889206680001,0.0,4.72242106072,0.0,0.0,2.6926084995333337,1.5741403535733334,3.4382539301733335,2.0160043124711113,1.8641135766,4.114858117235556,3.8386931429244453,4.363406594115556,3.6315694121911117,5.454258242644445,5.385216999066667
1055,0.0,0.0,0.0,0.0,0.0,0.0,0.0,4.72242106072,3.3554044378800003,3.3554044378800003,0.0,5.840889206680001,5.840889206680001,0.0,4.72242106072,0.0,0.0,0.0,0.0,0.0,0.0,0.0,0.0,0.0
1056,14.975045732020002,8.077825498600001,9.19629364456,8.077825498600001,6.95935735264,4.72242106072,0.0,0.0,9.19629364456,6.95935735264,10.314761790520002,10.314761790520002,11.43322993648,9.19629364456,0.0,3.3554044378800003,3.3554044378800003,5.840889206680001,3.3554044378800003,11.43322993648,5.840889206680001,9.19629364456,0.0,0.0
1057,0.0,3.3554044378800003,3.3554044378800003,0.0,0.0,0.0,0.0,0.0,0.0,3.3554044378800003,0.0,0.0,6.95935735264,3.3554044378800003,3.3554044378800003,0.0,0.0,4.72242106072,0.0,3.3554044378800003,0.0,4.72242106072,0.0,3.3554044378800003
1058,4.72242106072,11.43322993648,9.19629364456,10.314761790520002,10.314761790520002,10.314761790520002,8.077825498600001,4.72242106072,6.95935735264,0.0,13.856577586060002,6.95935735264,3.3554044378800003,3.3554044378800003,10.314761790520002,6.130862429706667,3.3554044378800003,0.0,4.72242106072,10.314761790520002,12.7381094401,14.975045732020002,9.19629364456,9.19629364456
1059,5.840889206680001,6.95935735264,10.314761790520002,5.840889206680001,5.840889206680001,5.840889206680001,4.72242106072,3.3554044378800003,4.72242106072,0.0,4.72242106072,3.3554044378800003,4.72242106072,3.3554044378800003,3.3554044378800003,6.95935735264,12.7381094401,6.95935735264,8.077825498600001,10.00407619442,9.19629364456,0.0,3.3554044378800003,0.0
1060,6.9593573526400005,5.468066491360001,5.385216999066667,3.5211034224666675,5.012394283746667,4.639571568426667,3.5211034224666675,3.4382539301733335,2.6926084995333337,3.4382539301733335,2.3197857842133334,3.0654312148533336,3.3554044378800003,2.6926084995333337,6.95935735264,10.68758450584,11.495367055700001,10.314761790520002,11.495367055700001,11.495367055700001,9.19629364456,11.122544340380003,10.74972162506,8.0778254986
1061,4.72242106072,3.3554044378800003,4.72242106072,8.077825498600001,3.3554044378800003,3.3554044378800003,0.0,0.0,6.95935735264,4.72242106072,5.840889206680001,3.3554044378800003,0.0,0.0,0.0,4.72242106072,0.0,0.0,0.0,4.72242106072,5.840889206680001,3.3554044378800003,3.3554044378800003,3.3554044378800003
1062,11.43322993648,10.314761790520002,6.95935735264,5.840889206680001,3.3554044378800003,3.3554044378800003,6.95935735264,0.0,5.840889206680001,8.077825498600001,6.95935735264,4.72242106072,6.95935735264,8.077825498600001,6.95935735264,10.314761790520002,9.19629364456,9.19629364456,10.314761790520002,9.19629364456,8.077825498600001,10.314761790520002,10.314761790520002,6.95935735264
1063,21.934403084659998,19.697466792740002,16.09351387798,18.3304501699,14.975045732020002,27.713155172120004,18.3304501699,17.21198202394,20.8159349387,10.314761790520002,5.840889206680001,8.077825498600001,4.72242106072,4.72242106072,3.3554044378800003,6.95935735264,9.19629364456,4.72242106072,6.95935735264,16.09351387798,13.856577586060002,18.3304501699,14.975045732020002,13.856577586060002
1064,0.0,0.0,3.3554044378800003,0.0,0.0,4.72242106072,0.0,0.0,8.077825498600001,16.09351387798,17.21198202394,12.7381094401,6.95935735264,0.0,0.0,3.3554044378800003,0.0,5.840889206680001,4.72242106072,5.840889206680001,8.077825498600001,0.0,18.3304501699,10.314761790520002
1065,12.7381094401,8.077825498600001,11.43322993648,9.19629364456,12.7381094401,9.19629364456,8.077825498600001,8.077825498600001,5.840889206680001,6.95935735264,8.077825498600001,4.72242106072,6.95935735264,5.840889206680001,11.43322993648,8.077825498600001,10.314761790520002,8.077825498600001,8.077825498600001,3.3554044378800003,4.72242106072,8.077825498600001,4.72242106072,5.840889206680001
1066,5.84088920668,5.840889206680001,8.450648213920001,5.758039714386666,8.82347092924,7.705002783280001,9.19629364456,9.56911635988,9.19629364456,8.45064821392,9.25843076378,10.00407619442,12.675972320880001,12.675972320880001,10.74972162506,13.110932155420002,16.4663365933,16.09351387798,17.957627454580003,18.040476946873337,18.04047694687333,18.786122377513333,15.368580820413335,14.229400301380002
1067,3.3554044378800003,6.95935735264,10.314761790520002,8.077825498600001,10.314761790520002,13.856577586060002,16.09351387798,11.43322993648,16.09351387798,16.09351387798,9.19629364456,8.077825498600001,9.19629364456,10.314761790520002,9.19629364456,9.19629364456,9.941939075200002,9.19629364456,10.314761790520002,9.19629364456,10.314761790520002,12.7381094401,10.314761790520002,8.077825498600001
1068,6.95935735264,8.077825498600001,8.077825498600001,3.3554044378800003,0.0,4.72242106072,8.077825498600001,0.0,4.72242106072,5.840889206680001,6.95935735264,6.95935735264,6.95935735264,6.95935735264,4.72242106072,8.077825498600001,10.376898909740001,10.314761790520002,6.95935735264,6.95935735264,8.077825498600001,4.72242106072,3.3554044378800003,0.0
1069,13.856577586060002,14.975045732020002,10.314761790520002,3.3554044378800003,8.077825498600001,6.95935735264,8.077825498600001,5.840889206680001,8.077825498600001,9.19629364456,8.077825498600001,0.0,0.0,4.72242106072,4.72242106072,3.3554044378800003,6.95935735264,9.19629364456,8.077825498600001,8.077825498600001,8.077825498600001,4.72242106072,3.3554044378800003,0.0
1070,6.95935735264,4.72242106072,5.840889206680001,5.840889206680001,4.72242106072,5.840889206680001,5.840889206680001,3.3554044378800003,3.3554044378800003,0.0,4.72242106072,3.3554044378800003,3.3554044378800003,0.0,0.0,0.0,0.0,0.0,3.3554044378800003,5.840889206680001,0.0,3.3554044378800003,5.840889206680001,9.19629364456
1071,0.0,0.0,0.0,3.3554044378800003,4.72242106072,3.3554044378800003,3.3554044378800003,6.95935735264,6.95935735264,5.840889206680001,3.3554044378800003,4.72242106072,4.72242106072,3.3554044378800003,3.3554044378800003,0.0,3.3554044378800003,0.0,4.72242106072,3.3554044378800003,3.3554044378800003,0.0,0.0,0.0
1072,6.95935735264,5.840889206680001,6.95935735264,8.077825498600001,8.077825498600001,5.840889206680001,9.19629364456,11.43322993648,10.314761790520002,9.19629364456,9.19629364456,6.95935735264,6.95935735264,13.856577586060002,11.43322993648,8.077825498600001,8.077825498600001,12.7381094401,11.43322993648,13.856577586060002,16.09351387798,17.21198202394,14.975045732020002,11.43322993648
1073,0.0,0.0,3.3554044378800003,0.0,6.95935735264,0.0,6.95935735264,3.3554044378800003,0.0,9.19629364456,0.0,4.72242106072,3.3554044378800003,3.3554044378800003,3.3554044378800003,3.3554044378800003,3.3554044378800003,4.72242106072,5.840889206680001,4.72242106072,4.72242106072,5.840889206680001,0.0,3.3554044378800003
1074,3.3554044378800003,5.840889206680001,4.72242106072,0.0,4.72242106072,5.840889206680001,0.0,0.0,5.840889206680001,3.3554044378800003,6.95935735264,5.840889206680001,0.0,0.0,0.0,4.72242106072,4.72242106072,6.95935735264,6.95935735264,5.840889206680001,5.840889206680001,5.840889206680001,6.95935735264,4.72242106072
1075,12.7381094401,11.43322993648,10.314761790520002,8.077825498600001,9.19629364456,9.19629364456,8.077825498600001,8.077825498600001,6.95935735264,6.95935735264,6.95935735264,8.077825498600001,10.314761790520002,6.95935735264,8.077825498600001,12.7381094401,10.314761790520002,9.19629364456,6.95935735264,3.3554044378800003,4.72242106072,0.5247134511911111,3.3554044378800003,3.3554044378800003
1076,0.0,0.0,0.0,0.37282271532000005,1.11846814596,0.0,1.4912908612800002,0.0,1.4912908612800002,0.0,1.4912908612800002,0.0,2.6926084995333337,2.471676520084445,5.09524377604,3.3554044378800003,2.2645527893511113,4.239132355675556,4.9571612888844445,5.067627278608889,4.239132355675556,3.244938448155556,0.0,0.0
1077,16.09351387798,10.37689890974,16.09351387798,12.7381094401,18.3304501699,19.697466792740002,17.21198202394,16.09351387798,12.7381094401,13.856577586060002,14.975045732020002,16.09351387798,17.21198202394,16.09351387798,14.975045732020002,17.21198202394,12.7381094401,6.95935735264,9.19629364456,10.314761790520002,10.314761790520002,8.077825498600001,6.95935735264,13.856577586060002
1078,11.43322993648,8.077825498600001,10.314761790520002,11.43322993648,13.856577586060002,18.3304501699,9.19629364456,12.7381094401,9.19629364456,9.19629364456,6.95935735264,8.077825498600001,4.72242106072,4.72242106072,5.840889206680001,0.0,3.3554044378800003,4.72242106072,6.95935735264,7.33218006796,8.077825498600001,8.077825498600001,6.95935735264,5.840889206680001
1079,9.19629364456,10.314761790520002,12.7381094401,9.19629364456,11.43322993648,11.43322993648,11.43322993648,10.314761790520002,11.43322993648,11.43322993648,12.7381094401,10.314761790520002,9.19629364456,10.314761790520002,9.19629364456,11.43322993648,13.856577586060002,12.7381094401,14.975045732020002,13.856577586060002,12.7381094401,13.856577586060002,9.19629364456,8.077825498600001
1080,13.856577586060002,11.43322993648,10.314761790520002,10.314761790520002,5.840889206680001,5.840889206680001,6.95935735264,5.840889206680001,5.840889206680001,5.840889206680001,4.72242106072,5.840889206680001,3.3554044378800003,3.3554044378800003,5.840889206680001,4.72242106072,5.840889206680001,4.72242106072,3.3554044378800003,0.0,3.3554044378800003,3.3554044378800003,0.0,6.95935735264
1081,0.0,3.3554044378800003,0.0,3.3554044378800003,0.0,0.0,0.0,0.0,0.0,0.0,0.0,0.0,0.0,0.0,0.0,0.0,0.0,3.3554044378800003,5.840889206680001,3.3554044378800003,6.95935735264,5.840889206680001,0.0,0.0
1082,4.72242106072,4.72242106072,6.95935735264,6.95935735264,12.7381094401,18.3304501699,17.21198202394,13.856577586060002,17.21198202394,13.856577586060002,17.21198202394,13.856577586060002,9.19629364456,11.43322993648,10.314761790520002,12.7381094401,9.19629364456,13.856577586060002,11.43322993648,13.856577586060002,12.7381094401,11.43322993648,9.19629364456,9.19629364456
1083,5.840889206680001,5.840889206680001,8.077825498600001,6.95935735264,5.468066491360001,6.95935735264,6.95935735264,5.840889206680001,4.72242106072,5.840889206680001,3.3554044378800003,5.840889206680001,3.3554044378800003,3.3554044378800003,0.0,3.3554044378800003,4.72242106072,3.3554044378800003,3.3554044378800003,4.72242106072,4.72242106072,4.72242106072,6.95935735264,10.314761790520002
1084,1.11846814596,3.1482807071466667,1.11846814596,1.5741403535733334,1.9469630688933337,3.3554044378800003,4.72242106072,0.0,3.3554044378800003,5.840889206680001,4.72242106072,0.0,4.72242106072,0.0,1.5741403535733334,0.0,0.0,4.266748853106667,6.9593573526400005,9.19629364456,8.885608048460002,4.618859195353334,11.122544340380001,17.21198202394
1085,4.72242106072,5.840889206680001,5.840889206680001,9.19629364456,8.077825498600001,8.077825498600001,6.95935735264,6.95935735264,6.95935735264,10.314761790520002,9.19629364456,8.077825498600001,8.077825498600001,5.840889206680001,8.077825498600001,10.314761790520002,9.19629364456,12.7381094401,11.43322993648,11.43322993648,12.7381094401,9.19629364456,6.95935735264,5.840889206680001
1086,3.3554044378800003,8.077825498600001,3.3554044378800003,3.3554044378800003,5.840889206680001,4.72242106072,0.0,3.3554044378800003,4.72242106072,4.72242106072,3.3554044378800003,4.72242106072,3.3554044378800003,3.3554044378800003,0.0,0.0,0.0,0.0,0.0,0.0,3.3554044378800003,3.3554044378800003,0.0,0.0
1087,8.077825498600001,4.72242106072,4.72242106072,4.72242106072,4.72242106072,3.3554044378800003,0.0,0.0,0.0,0.0,3.3554044378800003,3.3554044378800003,3.3554044378800003,0.0,0.0,3.3554044378800003,3.3554044378800003,0.0,0.0,0.0,0.0,0.0,0.0,3.3554044378800003
1088,3.3554044378800003,8.077825498600001,3.3554044378800003,9.19629364456,6.95935735264,3.3554044378800003,4.72242106072,3.3554044378800003,5.840889206680001,3.3554044378800003,3.3554044378800003,5.840889206680001,6.95935735264,16.09351387798,20.8159349387,18.3304501699,19.697466792740002,19.697466792740002,13.856577586060002,13.856577586060002,17.21198202394,14.975045732020002,17.21198202394,16.09351387798
1089,6.95935735264,10.314761790520002,9.19629364456,9.19629364456,6.95935735264,9.19629364456,8.077825498600001,11.43322993648,10.314761790520002,9.19629364456,11.43322993648,10.314761790520002,12.7381094401,10.314761790520002,9.19629364456,6.95935735264,10.314761790520002,9.19629364456,6.95935735264,10.314761790520002,9.19629364456,11.43322993648,16.09351387798,9.19629364456
1090,3.3554044378800003,0.0,0.0,0.0,13.856577586060002,11.43322993648,11.43322993648,9.19629364456,10.314761790520002,9.19629364456,9.19629364456,13.856577586060002,11.43322993648,14.975045732020002,12.7381094401,14.975045732020002,13.856577586060002,14.975045732020002,10.314761790520002,11.43322993648,10.314761790520002,9.19629364456,9.19629364456,8.077825498600001
1091,0.0,0.0,0.0,3.0654312148533336,0.0,0.0,3.8939261377866665,4.72242106072,4.72242106072,6.95935735264,5.840889206680001,3.811076645493334,3.3554044378800003,3.5211034224666675,6.876507860346667,5.840889206680001,8.077825498600001,11.122544340380001,12.7381094401,13.856577586060002,12.7381094401,13.856577586060002,9.19629364456,8.077825498600001
1092,9.19629364456,8.077825498600001,9.19629364456,8.077825498600001,8.077825498600001,6.95935735264,6.95935735264,3.3554044378800003,5.840889206680001,6.95935735264,6.95935735264,6.95935735264,5.840889206680001,9.19629364456,10.314761790520002,8.077825498600001,8.077825498600001,8.077825498600001,4.72242106072,3.3554044378800003,4.72242106072,3.3554044378800003,4.72242106072,5.840889206680001
1093,0.0,2.471676520084445,1.5741403535733334,2.0988538047644445,0.0,0.0,0.0,0.37282271532000005,0.5247134511911111,0.0,1.4912908612800002,4.183899360813334,5.343792252920001,2.0988538047644445,3.6315694121911117,2.996389971275556,0.5247134511911111,1.4912908612800002,3.341596189164445,0.37282271532000005,1.4912908612800002,0.0,0.0,0.0
1094,0.0,0.0,0.0,0.0,0.0,0.0,0.0,0.0,0.0,0.0,0.0,0.0,3.3554044378800003,3.3554044378800003,0.0,3.3554044378800003,0.0,9.19629364456,4.72242106072,10.314761790520002,9.19629364456,5.840889206680001,8.077825498600001,5.840889206680001
1095,13.856577586060002,16.176363370273332,16.09351387798,13.856577586060002,14.975045732020002,12.7381094401,12.7381094401,6.95935735264,11.43322993648,12.7381094401,8.077825498600001,12.7381094401,9.19629364456,10.314761790520002,11.43322993648,9.19629364456,8.077825498600001,6.95935735264,6.95935735264,10.314761790520002,8.077825498600001,6.95935735264,8.077825498600001,13.856577586060002
1096,4.72242106072,5.840889206680001,5.840889206680001,3.3554044378800003,5.840889206680001,0.0,4.72242106072,5.840889206680001,6.95935735264,9.19629364456,8.077825498600001,8.077825498600001,6.95935735264,6.95935735264,5.840889206680001,5.840889206680001,3.3554044378800003,3.3554044378800003,3.3554044378800003,3.3554044378800003,3.3554044378800003,0.0,0.0,0.0
1097,12.7381094401,12.7381094401,11.43322993648,8.077825498600001,11.43322993648,5.840889206680001,9.19629364456,4.72242106072,0.0,8.077825498600001,4.72242106072,3.3554044378800003,3.3554044378800003,4.72242106072,4.72242106072,0.0,3.3554044378800003,0.0,4.72242106072,0.0,4.72242106072,4.72242106072,0.0,5.840889206680001
1098,7.33218006796,5.758039714386666,3.5211034224666675,3.5211034224666675,5.468066491360001,0.0,0.0,0.0,0.0,0.0,1.11846814596,2.23693629192,0.0,0.0,0.0,0.0,0.0,4.266748853106667,5.385216999066667,3.8939261377866674,5.09524377604,4.639571568426668,1.11846814596,0.0
1099,3.3554044378800003,0.0,4.72242106072,3.3554044378800003,0.0,3.3554044378800003,0.0,0.0,3.3554044378800003,0.0,6.95935735264,4.72242106072,8.077825498600001,8.077825498600001,0.0,0.0,0.0,4.72242106072,3.3554044378800003,4.72242106072,5.840889206680001,4.72242106072,8.077825498600001,5.840889206680001
1100,0.0,0.0,3.3554044378800003,3.3554044378800003,6.95935735264,0.0,4.72242106072,0.0,3.3554044378800003,0.0,3.3554044378800003,3.3554044378800003,3.3554044378800003,0.0,0.0,0.0,0.0,4.72242106072,4.72242106072,0.0,4.72242106072,5.840889206680001,4.72242106072,0.0
1101,3.3554044378800003,6.95935735264,6.95935735264,5.840889206680001,6.95935735264,4.72242106072,5.840889206680001,4.72242106072,0.0,0.0,0.0,3.3554044378800003,0.0,0.0,0.0,3.3554044378800003,4.72242106072,4.72242106072,5.840889206680001,5.840889206680001,8.077825498600001,6.95935735264,6.95935735264,5.840889206680001
1102,12.7381094401,11.43322993648,11.43322993648,13.856577586060002,10.314761790520002,9.19629364456,10.314761790520002,8.077825498600001,5.840889206680001,8.077825498600001,5.840889206680001,6.95935735264,5.840889206680001,6.95935735264,5.840889206680001,11.43322993648,17.21198202394,16.09351387798,16.09351387798,19.697466792740002,19.697466792740002,18.3304501699,16.09351387798,10.314761790520002
1103,8.077825498600001,9.19629364456,8.077825498600001,12.7381094401,10.314761790520002,6.95935735264,11.43322993648,8.077825498600001,6.95935735264,5.840889206680001,5.840889206680001,6.95935735264,6.95935735264,4.72242106072,3.3554044378800003,4.72242106072,4.72242106072,4.72242106072,5.840889206680001,5.840889206680001,3.3554044378800003,4.72242106072,0.0,0.0
1104,10.314761790520002,10.314761790520002,9.19629364456,10.314761790520002,9.19629364456,6.95935735264,8.077825498600001,6.95935735264,8.077825498600001,5.840889206680001,5.840889206680001,5.840889206680001,6.95935735264,4.72242106072,5.840889206680001,9.19629364456,5.840889206680001,3.3554044378800003,4.72242106072,6.95935735264,6.95935735264,8.077825498600001,3.3554044378800003,3.3554044378800003
1105,0.0,0.0,0.0,4.72242106072,0.0,0.0,0.0,0.0,4.72242106072,4.72242106072,6.95935735264,4.72242106072,0.0,0.0,5.840889206680001,5.840889206680001,2.6926084995333337,0.0,0.0,4.72242106072,0.0,0.0,4.72242106072,3.3554044378800003
1106,6.95935735264,8.077825498600001,10.314761790520002,10.314761790520002,10.314761790520002,11.43322993648,10.314761790520002,13.856577586060002,14.975045732020002,13.856577586060002,12.7381094401,12.7381094401,11.43322993648,12.7381094401,12.7381094401,17.21198202394,14.975045732020002,19.697466792740002,12.7381094401,11.43322993648,12.7381094401,12.7381094401,12.7381094401,10.314761790520002
1107,4.72242106072,0.0,5.840889206680001,4.72242106072,3.3554044378800003,3.3554044378800003,5.840889206680001,4.72242106072,4.72242106072,4.72242106072,0.0,0.0,0.0,0.0,0.0,0.0,4.639571568426668,4.183899360813334,1.5741403535733334,3.5211034224666675,1.5741403535733334,4.266748853106667,2.6926084995333337,3.3554044378800003
1108,5.840889206680001,5.840889206680001,10.314761790520002,3.3554044378800003,5.840889206680001,3.3554044378800003,6.95935735264,5.840889206680001,4.72242106072,5.840889206680001,0.0,5.840889206680001,9.19629364456,9.19629364456,14.975045732020002,16.09351387798,14.975045732020002,16.09351387798,18.3304501699,18.3304501699,21.934403084659998,19.697466792740002,16.09351387798,16.09351387798
1109,6.95935735264,0.0,3.3554044378800003,4.72242106072,0.0,0.0,0.0,0.0,0.0,3.3554044378800003,0.0,3.3554044378800003,0.0,4.72242106072,5.840889206680001,4.72242106072,4.72242106072,4.72242106072,5.840889206680001,5.840889206680001,3.3554044378800003,6.95935735264,5.840889206680001,4.72242106072
1110,0.0,0.0,0.0,0.0,0.0,0.0,0.0,0.0,0.0,0.0,0.0,0.0,0.0,0.0,0.0,4.72242106072,4.72242106072,3.3554044378800003,4.72242106072,4.72242106072,6.95935735264,5.840889206680001,3.3554044378800003,4.72242106072
1111,9.983363821346668,13.007370290053332,14.9129086128,14.229400301380002,13.794440466840001,16.487048966373333,10.356186536666668,13.0487950362,11.930326890240002,11.86818977102,14.602223016700002,13.794440466840001,13.794440466840001,13.421617751519998,12.303149605560002,12.67597232088,11.868189771019999,11.557504174920004,10.74972162506,7.994976006306668,7.249330575666669,6.503685145026668,4.639571568426667,11.55750417492
1112,0.0,0.0,0.0,0.0,0.0,0.0,0.0,0.0,0.0,0.0,0.0,0.0,4.72242106072,3.3554044378800003,4.72242106072,4.72242106072,4.72242106072,5.840889206680001,6.95935735264,6.95935735264,4.72242106072,8.077825498600001,4.72242106072,3.3554044378800003
1113,0.0,0.0,4.72242106072,3.3554044378800003,4.72242106072,3.3554044378800003,3.3554044378800003,3.3554044378800003,3.3554044378800003,4.72242106072,0.0,3.3554044378800003,0.0,0.0,0.0,3.3554044378800003,5.840889206680001,5.840889206680001,3.3554044378800003,4.72242106072,3.3554044378800003,3.3554044378800003,3.3554044378800003,3.3554044378800003
1114,13.856577586060002,12.7381094401,11.43322993648,10.314761790520002,9.19629364456,11.43322993648,12.7381094401,9.19629364456,12.7381094401,12.7381094401,10.314761790520002,9.19629364456,8.077825498600001,5.840889206680001,5.840889206680001,6.95935735264,5.840889206680001,9.19629364456,5.840889206680001,8.077825498600001,4.72242106072,5.840889206680001,4.72242106072,3.3554044378800003
1115,17.232694397013336,15.824253028026668,19.987440015766666,17.21198202394,14.250112674453334,17.667654231553332,15.720691162660001,13.421617751520001,8.88560804846,16.176363370273332,18.413299662193335,17.232694397013333,13.131644528493334,19.593904927373334,19.614617300446668,16.114226251053335,21.561580369340003,22.659336142226667,26.532549906940005,24.97912192644,20.360262731086667,22.30722579998,15.451430312706668,14.187975555233335
1116,0.0,0.0,0.0,0.0,0.0,0.0,0.0,0.0,0.0,0.0,0.0,0.0,0.0,0.0,0.0,0.0,0.0,4.72242106072,0.0,0.0,0.0,0.0,0.0,0.0
1117,12.7381094401,11.43322993648,13.856577586060002,14.975045732020002,16.09351387798,17.21198202394,16.09351387798,16.09351387798,16.09351387798,17.21198202394,18.3304501699,16.09351387798,18.3304501699,17.21198202394,11.43322993648,12.7381094401,16.09351387798,13.856577586060002,14.975045732020002,13.856577586060002,12.7381094401,10.314761790520002,18.3304501699,13.856577586060002
1118,4.72242106072,5.840889206680001,5.840889206680001,11.43322993648,13.856577586060002,13.856577586060002,19.697466792740002,14.975045732020002,16.09351387798,11.43322993648,12.7381094401,14.975045732020002,10.314761790520002,12.7381094401,12.7381094401,8.077825498600001,9.19629364456,9.19629364456,13.856577586060002,13.856577586060002,10.314761790520002,9.19629364456,13.856577586060002,10.314761790520002
1119,6.95935735264,3.3554044378800003,4.72242106072,5.840889206680001,5.840889206680001,8.077825498600001,5.840889206680001,8.077825498600001,8.077825498600001,6.95935735264,6.95935735264,5.840889206680001,6.95935735264,5.840889206680001,5.840889206680001,8.077825498600001,10.314761790520002,9.56911635988,11.43322993648,10.314761790520002,9.19629364456,8.077825498600001,4.72242106072,4.72242106072
1120,5.758039714386666,5.385216999066667,5.758039714386666,6.9593573526400005,6.213711922000001,6.213711922000002,4.929544791453334,4.266748853106667,3.811076645493334,3.811076645493334,1.5741403535733334,4.639571568426668,4.639571568426667,3.811076645493334,3.811076645493334,2.3197857842133334,5.012394283746667,2.6926084995333337,5.012394283746667,3.0654312148533336,3.4382539301733335,3.8939261377866665,5.840889206680001,5.468066491360001
1121,14.167263182160001,11.122544340380003,13.421617751520001,13.0487950362,10.811858744280002,9.6312534791,6.876507860346668,8.864895675386668,11.122544340380003,6.938644979566668,8.057113125526667,7.994976006306668,7.249330575666668,5.758039714386666,4.266748853106667,6.130862429706667,4.183899360813334,6.586534637320001,5.012394283746667,10.68758450584,9.19629364456,10.74972162506,7.622153290986667,4.639571568426667
1122,11.43322993648,10.314761790520002,13.856577586060002,14.975045732020002,16.09351387798,17.21198202394,9.19629364456,12.7381094401,9.19629364456,10.314761790520002,6.95935735264,11.43322993648,11.43322993648,9.19629364456,10.314761790520002,11.43322993648,10.314761790520002,9.19629364456,14.975045732020002,12.7381094401,11.43322993648,14.975045732020002,9.19629364456,9.19629364456
1123,0.0,0.0,0.0,4.72242106072,0.0,0.0,0.0,0.0,0.0,0.0,5.840889206680001,0.0,5.840889206680001,0.0,5.840889206680001,5.840889206680001,0.0,0.0,0.0,4.72242106072,3.3554044378800003,0.0,0.0,0.0
1124,7.33218006796,4.639571568426668,4.266748853106667,4.639571568426668,6.213711922000001,6.9593573526400005,5.468066491360001,7.705002783280001,7.705002783280001,6.213711921999999,6.58653463732,4.183899360813334,5.468066491360001,5.468066491360001,6.213711922000001,8.82347092924,12.303149605560002,9.56911635988,10.68758450584,9.941939075200002,9.19629364456,6.9593573526400005,3.1482807071466667,2.6926084995333337
1125,12.7381094401,9.19629364456,8.077825498600001,12.7381094401,11.43322993648,9.19629364456,11.43322993648,11.43322993648,6.95935735264,4.72242106072,6.95935735264,3.3554044378800003,3.3554044378800003,3.3554044378800003,6.95935735264,3.3554044378800003,5.840889206680001,4.72242106072,6.95935735264,5.840889206680001,9.19629364456,10.314761790520002,8.077825498600001,9.19629364456
1126,0.0,0.0,0.0,0.0,0.0,0.0,0.0,0.0,0.0,0.0,0.0,0.0,0.0,0.0,0.0,0.0,0.0,3.3554044378800003,9.19629364456,6.95935735264,8.077825498600001,8.077825498600001,9.19629364456,6.95935735264
1127,6.95935735264,4.72242106072,10.314761790520002,0.0,3.3554044378800003,4.72242106072,3.3554044378800003,0.0,8.077825498600001,0.0,0.0,0.0,0.0,0.0,0.0,0.0,0.0,4.72242106072,4.72242106072,4.72242106072,4.72242106072,3.3554044378800003,4.72242106072,4.72242106072
1128,0.0,3.3554044378800003,0.0,0.0,0.0,0.0,3.3554044378800003,2.23693629192,0.0,3.3554044378800003,0.0,0.0,0.0,0.0,0.0,0.0,0.0,0.0,0.0,3.3554044378800003,5.840889206680001,6.95935735264,3.5211034224666675,6.95935735264
1129,16.09351387798,19.697466792740002,16.09351387798,10.314761790520002,12.7381094401,9.19629364456,12.7381094401,12.7381094401,8.077825498600001,8.077825498600001,10.314761790520002,9.19629364456,5.840889206680001,3.3554044378800003,0.0,3.3554044378800003,3.3554044378800003,0.0,6.95935735264,5.840889206680001,4.72242106072,3.3554044378800003,0.0,0.0
1130,11.495367055700001,9.56911635988,13.856577586060002,8.077825498600001,8.077825498600001,5.840889206680001,6.95935735264,8.077825498600001,8.077825498600001,6.95935735264,8.077825498600001,8.077825498600001,5.840889206680001,3.3554044378800003,3.3554044378800003,0.0,0.0,3.3554044378800003,0.0,0.0,4.72242106072,4.72242106072,1.5741403535733334,0.0
1131,4.72242106072,0.0,4.72242106072,3.3554044378800003,0.0,3.3554044378800003,3.3554044378800003,0.0,0.0,0.0,0.0,0.0,0.0,0.0,3.3554044378800003,5.840889206680001,0.0,0.0,0.0,4.72242106072,3.3554044378800003,3.3554044378800003,4.72242106072,0.0
1132,16.09351387798,16.09351387798,16.09351387798,11.43322993648,12.7381094401,11.43322993648,10.314761790520002,12.7381094401,10.314761790520002,10.314761790520002,11.43322993648,11.43322993648,8.077825498600001,8.077825498600001,9.19629364456,8.077825498600001,6.95935735264,8.077825498600001,9.19629364456,6.95935735264,6.95935735264,5.840889206680001,6.95935735264,6.95935735264
1133,6.95935735264,0.0,3.3554044378800003,5.840889206680001,4.72242106072,4.72242106072,4.72242106072,3.3554044378800003,3.3554044378800003,4.72242106072,0.0,3.3554044378800003,4.72242106072,4.72242106072,4.72242106072,3.3554044378800003,4.72242106072,3.3554044378800003,3.3554044378800003,0.0,0.0,0.0,0.0,0.0
1134,3.3554044378800003,5.840889206680001,0.0,0.0,9.19629364456,10.314761790520002,10.314761790520002,4.72242106072,9.19629364456,4.72242106072,9.19629364456,8.077825498600001,8.077825498600001,4.72242106072,4.72242106072,3.3554044378800003,3.3554044378800003,0.0,0.0,0.0,0.0,5.840889206680001,0.0,4.72242106072
1135,0.0,6.95935735264,0.0,16.09351387798,8.077825498600001,3.3554044378800003,3.3554044378800003,0.0,0.0,4.72242106072,8.077825498600001,4.72242106072,11.43322993648,9.19629364456,3.3554044378800003,9.19629364456,10.314761790520002,10.314761790520002,8.077825498600001,8.077825498600001,10.314761790520002,0.0,4.72242106072,20.8159349387
1136,11.43322993648,10.314761790520002,11.43322993648,10.314761790520002,16.09351387798,16.09351387798,16.09351387798,16.09351387798,16.09351387798,17.21198202394,17.21198202394,17.21198202394,11.43322993648,10.314761790520002,17.21198202394,14.975045732020002,20.8159349387,18.3304501699,21.934403084659998,21.934403084659998,24.17133937658,18.3304501699,20.8159349387,21.934403084659998
1137,10.314761790520002,9.19629364456,12.7381094401,8.077825498600001,4.72242106072,6.95935735264,8.077825498600001,8.077825498600001,6.95935735264,3.3554044378800003,9.19629364456,6.95935735264,6.95935735264,0.0,3.3554044378800003,6.95935735264,8.077825498600001,8.077825498600001,10.314761790520002,10.314761790520002,5.840889206680001,5.840889206680001,5.840889206680001,6.95935735264
1138,3.3554044378800003,0.0,4.72242106072,3.3554044378800003,30.343626552433335,5.840889206680001,12.7381094401,11.43322993648,8.077825498600001,5.840889206680001,17.21198202394,13.856577586060002,16.859871681693335,16.09351387798,12.7381094401,3.3554044378800003,5.840889206680001,16.09351387798,17.605517112333334,16.09351387798,13.856577586060002,8.077825498600001,0.0,19.697466792740002
1139,3.8939261377866674,5.012394283746667,0.0,1.11846814596,3.0654312148533336,3.0654312148533336,3.4382539301733335,1.5741403535733334,1.5741403535733334,1.11846814596,1.11846814596,2.6926084995333337,3.0654312148533336,3.0654312148533336,1.9469630688933337,1.11846814596,3.5211034224666675,3.1482807071466667,0.0,1.11846814596,0.0,2.3197857842133334,4.266748853106667,5.3852169990666665
1140,8.968457540753336,9.755527717540001,11.474654682626669,12.303149605560002,10.459748402033334,12.924520797760001,12.282437232486666,11.723203159506669,13.835865212986667,10.853283490426668,8.6991966908,12.158162994046668,11.723203159506667,13.29734351308,11.495367055700001,14.464140529544446,13.670166228400001,11.99246400946,14.19487967959111,14.47794877826,13.421617751520001,13.17306927464,12.406711470926668,10.273337044373333
1141,9.19629364456,10.74972162506,10.74972162506,8.88560804846,9.19629364456,12.303149605560002,9.631253479100002,10.376898909740001,8.88560804846,5.3852169990666665,7.33218006796,8.885608048460002,9.56911635988,8.0778254986,6.9593573526400005,10.74972162506,10.74972162506,8.0778254986,9.56911635988,11.55750417492,11.495367055700001,8.82347092924,6.58653463732,5.758039714386666
1142,7.33218006796,8.077825498600001,8.45064821392,9.25843076378,10.74972162506,12.303149605560002,11.557504174920004,10.74972162506,11.1846814596,12.675972320880001,11.122544340380003,8.077825498600001,5.840889206680001,6.503685145026668,7.33218006796,8.0778254986,8.45064821392,10.004076194420001,9.56911635988,11.122544340380003,11.122544340380001,8.450648213920001,6.213711921999999,3.5211034224666675
1143,11.495367055700001,8.450648213920001,9.9419390752,15.34786844734,14.602223016700002,13.794440466840001,14.975045732020002,15.741403535733335,11.86818977102,10.68758450584,9.56911635988,7.70500278328,6.9593573526400005,6.503685145026668,7.33218006796,8.82347092924,11.06040722116,12.675972320880001,11.930326890240002,14.229400301380002,13.0487950362,10.376898909740001,8.45064821392,8.45064821392
1144,3.3415961891644446,5.15738089526,2.5683342610933337,2.8168827379733337,3.362308562237778,1.2703588818311111,1.5741403535733334,2.6926084995333337,2.319785784213334,1.9469630688933337,4.045816873657778,3.3415961891644446,2.4164435252222227,3.4382539301733335,4.266748853106667,3.5211034224666666,5.012394283746667,2.1402785509111113,4.639571568426668,3.024006468706667,3.024006468706667,1.4498661151333334,5.012394283746667,6.130862429706667
1145,4.72242106072,6.95935735264,5.840889206680001,5.840889206680001,5.840889206680001,5.840889206680001,5.840889206680001,5.840889206680001,6.95935735264,11.43322993648,12.7381094401,9.19629364456,9.19629364456,13.856577586060002,14.975045732020002,11.43322993648,16.09351387798,13.856577586060002,11.43322993648,13.856577586060002,13.856577586060002,14.975045732020002,12.7381094401,9.19629364456
1146,10.314761790520002,12.7381094401,11.43322993648,11.43322993648,12.7381094401,12.7381094401,13.856577586060002,14.975045732020002,16.09351387798,17.21198202394,16.09351387798,13.856577586060002,16.09351387798,11.43322993648,13.856577586060002,14.975045732020002,18.3304501699,18.3304501699,21.934403084659998,17.21198202394,17.21198202394,13.856577586060002,10.314761790520002,9.19629364456
1147,13.856577586060002,9.19629364456,4.72242106072,4.72242106072,3.3554044378800003,0.0,4.246036480033333,3.3554044378800003,4.72242106072,3.3554044378800003,0.0,4.72242106072,3.3554044378800003,3.3554044378800003,0.0,3.3554044378800003,3.3554044378800003,3.3554044378800003,6.95935735264,4.72242106072,4.72242106072,0.0,5.840889206680001,0.0
1148,9.19629364456,9.19629364456,9.19629364456,12.7381094401,14.975045732020002,14.975045732020002,14.975045732020002,13.856577586060002,13.856577586060002,11.43322993648,13.856577586060002,12.7381094401,13.856577586060002,14.975045732020002,14.975045732020002,16.09351387798,16.09351387798,17.21198202394,14.975045732020002,16.09351387798,12.7381094401,10.314761790520002,12.7381094401,10.314761790520002
1149,4.72242106072,6.95935735264,9.19629364456,8.077825498600001,9.19629364456,10.314761790520002,8.077825498600001,9.19629364456,5.840889206680001,8.077825498600001,6.95935735264,8.077825498600001,6.95935735264,6.95935735264,6.95935735264,6.95935735264,9.19629364456,9.19629364456,9.19629364456,6.95935735264,6.95935735264,6.95935735264,6.95935735264,6.95935735264
1150,10.314761790520002,11.43322993648,9.19629364456,10.314761790520002,9.19629364456,11.43322993648,9.19629364456,8.077825498600001,9.19629364456,9.19629364456,9.19629364456,6.95935735264,9.19629364456,9.19629364456,10.314761790520002,8.077825498600001,8.077825498600001,6.95935735264,5.840889206680001,9.19629364456,5.840889206680001,6.95935735264,12.7381094401,16.09351387798
1151,0.0,3.0654312148533336,3.3554044378800003,0.0,3.3554044378800003,4.72242106072,6.95935735264,5.840889206680001,5.840889206680001,5.840889206680001,5.840889206680001,5.840889206680001,5.840889206680001,6.95935735264,3.3554044378800003,3.3554044378800003,0.0,4.72242106072,6.95935735264,6.95935735264,3.3554044378800003,6.95935735264,5.840889206680001,5.840889206680001
1152,0.0,0.0,0.0,4.72242106072,0.0,3.3554044378800003,0.0,0.0,0.0,0.0,0.0,0.0,0.0,0.0,0.0,0.0,0.0,0.0,0.0,0.0,0.0,0.0,0.0,0.0
1153,8.077825498600001,4.72242106072,5.840889206680001,4.72242106072,4.72242106072,4.72242106072,4.72242106072,3.3554044378800003,0.0,5.840889206680001,6.95935735264,4.72242106072,3.3554044378800003,0.0,0.0,0.0,0.0,0.0,5.840889206680001,0.0,0.0,5.840889206680001,3.3554044378800003,0.0
1154,0.0,3.3554044378800003,0.0,0.0,0.0,8.077825498600001,4.72242106072,5.840889206680001,0.0,4.72242106072,3.3554044378800003,0.0,0.0,4.72242106072,5.840889206680001,4.72242106072,3.3554044378800003,5.840889206680001,4.72242106072,3.3554044378800003,3.3554044378800003,3.3554044378800003,4.72242106072,0.0
1155,4.72242106072,2.6926084995333337,5.0123942837466675,14.975045732020002,4.991681910673334,4.556722076133334,2.3197857842133334,1.9469630688933337,0.0,2.6926084995333337,2.6926084995333337,13.856577586060002,14.975045732020002,11.43322993648,11.43322993648,8.077825498600001,13.856577586060002,6.95935735264,11.43322993648,12.7381094401,10.314761790520002,14.975045732020002,5.840889206680001,14.975045732020002
1156,8.077825498600001,10.314761790520002,16.09351387798,9.19629364456,10.314761790520002,13.856577586060002,14.975045732020002,14.975045732020002,14.975045732020002,13.856577586060002,11.43322993648,11.43322993648,11.43322993648,11.43322993648,10.314761790520002,13.856577586060002,16.09351387798,12.7381094401,14.975045732020002,16.09351387798,17.21198202394,13.856577586060002,11.43322993648,9.19629364456
1157,10.314761790520002,11.43322993648,5.840889206680001,8.077825498600001,5.840889206680001,9.19629364456,0.0,3.3554044378800003,3.3554044378800003,3.3554044378800003,0.0,0.0,0.0,0.0,3.3554044378800003,0.0,0.0,3.3554044378800003,0.0,0.0,0.0,3.3554044378800003,0.0,0.0
1158,6.95935735264,8.077825498600001,3.3554044378800003,3.3554044378800003,3.3554044378800003,3.3554044378800003,3.3554044378800003,4.72242106072,6.95935735264,4.72242106072,0.0,5.840889206680001,3.3554044378800003,3.3554044378800003,3.3554044378800003,6.545109891173333,0.0,3.3554044378800003,3.3554044378800003,4.72242106072,4.72242106072,3.3554044378800003,4.72242106072,9.19629364456
1159,3.0654312148533336,5.012394283746667,5.758039714386666,4.639571568426668,5.468066491360001,3.0654312148533336,3.1482807071466667,3.1482807071466667,3.1482807071466667,3.5211034224666675,4.556722076133334,4.183899360813334,3.0654312148533336,3.1482807071466667,1.11846814596,5.095243776040001,2.6926084995333337,5.840889206680001,1.11846814596,1.11846814596,4.183899360813334,2.23693629192,4.266748853106667,4.556722076133334
1160,1.5741403535733334,3.1482807071466667,5.385216999066667,6.503685145026668,4.266748853106667,3.8939261377866665,4.639571568426668,5.385216999066667,3.811076645493334,5.468066491360001,3.0654312148533336,3.3554044378800003,5.095243776040001,4.183899360813334,5.385216999066667,8.077825498600001,7.70500278328,8.82347092924,6.58653463732,7.33218006796,6.58653463732,5.84088920668,4.266748853106667,1.11846814596
1161,3.3554044378800003,0.0,0.0,3.3554044378800003,4.72242106072,4.72242106072,4.72242106072,4.72242106072,5.840889206680001,4.72242106072,6.95935735264,5.840889206680001,5.840889206680001,6.95935735264,8.077825498600001,8.077825498600001,11.43322993648,10.314761790520002,11.43322993648,13.856577586060002,16.09351387798,10.314761790520002,8.077825498600001,8.077825498600001
1162,0.0,0.0,0.0,0.0,0.0,0.0,0.0,0.0,6.95935735264,4.72242106072,0.0,6.95935735264,0.0,0.0,0.0,0.0,0.0,0.0,0.0,0.0,0.0,0.0,0.0,0.0
1163,10.314761790520002,9.19629364456,8.077825498600001,10.314761790520002,12.7381094401,11.43322993648,14.975045732020002,10.314761790520002,3.3554044378800003,9.19629364456,11.43322993648,12.7381094401,10.314761790520002,11.43322993648,8.077825498600001,9.19629364456,8.077825498600001,11.43322993648,14.975045732020002,11.43322993648,14.975045732020002,13.856577586060002,10.314761790520002,8.077825498600001
1164,9.19629364456,4.72242106072,6.95935735264,5.840889206680001,8.077825498600001,0.0,0.0,0.0,0.0,3.3554044378800003,3.3554044378800003,0.0,3.3554044378800003,4.72242106072,4.72242106072,0.0,0.0,0.0,5.840889206680001,3.3554044378800003,0.0,0.0,5.840889206680001,0.0
1165,0.0,0.0,0.0,0.0,3.3554044378800003,0.0,0.0,0.0,4.72242106072,3.3554044378800003,0.0,0.0,0.0,0.0,0.0,0.0,0.0,0.0,0.0,4.72242106072,0.0,0.0,0.0,0.0
1166,3.3554044378800003,3.3554044378800003,0.0,0.0,0.0,0.0,0.0,3.3554044378800003,0.0,0.0,3.3554044378800003,3.3554044378800003,3.3554044378800003,3.3554044378800003,4.72242106072,3.3554044378800003,5.840889206680001,3.3554044378800003,9.19629364456,8.077825498600001,5.840889206680001,4.72242106072,4.72242106072,4.72242106072
1167,0.0,6.95935735264,8.077825498600001,8.077825498600001,3.3554044378800003,5.840889206680001,5.840889206680001,0.0,4.72242106072,4.72242106072,0.0,4.72242106072,0.0,4.72242106072,0.0,6.95935735264,0.0,0.0,0.0,0.0,0.0,3.3554044378800003,4.72242106072,3.3554044378800003
1168,5.840889206680001,6.95935735264,5.840889206680001,8.077825498600001,11.43322993648,9.19629364456,8.077825498600001,5.840889206680001,5.840889206680001,6.95935735264,8.077825498600001,5.840889206680001,5.840889206680001,4.72242106072,4.72242106072,8.077825498600001,9.19629364456,8.077825498600001,5.840889206680001,8.077825498600001,6.95935735264,5.840889206680001,5.840889206680001,4.72242106072
1169,4.639571568426668,5.758039714386666,6.58653463732,7.70500278328,6.9593573526400005,8.450648213920001,8.45064821392,7.767139902499999,6.503685145026668,4.266748853106667,4.639571568426668,4.639571568426668,1.11846814596,0.0,3.0654312148533336,5.468066491360001,6.9593573526400005,7.705002783280001,8.0778254986,8.88560804846,8.82347092924,9.19629364456,6.213711922000001,3.8110766454933334
1170,0.0,0.0,3.3554044378800003,3.3554044378800003,6.95935735264,3.3554044378800003,4.72242106072,4.72242106072,6.95935735264,8.077825498600001,12.7381094401,9.19629364456,11.43322993648,10.314761790520002,9.19629364456,12.7381094401,9.19629364456,14.975045732020002,10.314761790520002,9.19629364456,9.19629364456,9.19629364456,6.95935735264,5.840889206680001
1171,0.0,3.3554044378800003,4.72242106072,0.0,0.0,3.3554044378800003,0.0,0.0,0.0,0.0,4.72242106072,3.3554044378800003,4.72242106072,3.3554044378800003,4.72242106072,4.72242106072,6.95935735264,8.077825498600001,4.72242106072,10.314761790520002,8.077825498600001,6.95935735264,8.077825498600001,6.95935735264
1172,0.0,0.0,0.0,0.0,0.0,0.0,0.0,0.0,0.0,0.0,0.0,0.0,0.0,0.0,3.3554044378800003,0.0,0.0,4.72242106072,4.72242106072,4.72242106072,4.72242106072,5.840889206680001,4.72242106072,0.0
1173,6.95935735264,10.314761790520002,6.95935735264,10.314761790520002,5.840889206680001,4.72242106072,0.0,0.0,0.0,0.0,3.3554044378800003,0.0,0.0,4.72242106072,4.72242106072,0.0,0.0,0.0,0.0,3.3554044378800003,4.72242106072,0.0,0.0,0.0
1174,1.11846814596,0.0,1.11846814596,2.6926084995333337,8.802758556166667,6.876507860346667,9.196293644559999,9.19629364456,8.45064821392,6.9593573526400005,10.68758450584,11.557504174920004,12.98665791698,14.16726318216,11.930326890240002,12.241012486340002,12.675972320880001,13.421617751520003,10.74972162506,11.86818977102,11.122544340380003,9.941939075200002,7.705002783280001,4.266748853106667
1175,0.0,3.3554044378800003,3.3554044378800003,2.6926084995333337,2.6926084995333337,3.811076645493334,1.11846814596,0.0,3.1482807071466667,1.11846814596,3.811076645493334,0.0,0.0,1.11846814596,2.6926084995333337,4.266748853106667,3.4382539301733335,3.811076645493334,2.3197857842133334,1.11846814596,2.6926084995333337,4.639571568426668,3.1482807071466667,3.1482807071466667
1176,10.376898909740001,7.33218006796,9.19629364456,8.512785333140002,7.33218006796,5.012394283746667,1.5741403535733334,1.11846814596,2.6926084995333337,3.4382539301733335,1.11846814596,1.5741403535733334,1.11846814596,1.11846814596,3.0654312148533336,2.23693629192,3.1482807071466667,6.213711922000002,4.639571568426667,3.811076645493334,4.266748853106667,3.5211034224666675,5.468066491360001,4.266748853106667
1177,9.19629364456,9.9419390752,11.86818977102,12.61383520166,13.794440466840001,12.241012486340002,12.675972320880001,11.495367055700001,10.00407619442,9.25843076378,11.930326890240002,9.19629364456,7.705002783280001,6.9593573526400005,7.705002783280001,11.122544340380001,12.61383520166,12.241012486340002,17.21198202394,13.856577586060004,14.602223016700002,14.229400301380002,11.122544340380003,10.687584505840002
1178,6.95935735264,5.840889206680001,8.077825498600001,4.72242106072,8.077825498600001,8.077825498600001,9.19629364456,10.314761790520002,4.72242106072,3.3554044378800003,6.95935735264,5.840889206680001,6.95935735264,4.72242106072,5.840889206680001,0.0,0.0,5.840889206680001,5.840889206680001,5.840889206680001,0.0,0.0,4.72242106072,3.3554044378800003
1179,2.3197857842133334,3.8939261377866674,4.639571568426668,5.385216999066667,4.929544791453334,6.503685145026668,8.45064821392,6.130862429706667,5.0123942837466675,6.876507860346668,7.767139902500001,6.58653463732,7.249330575666666,5.468066491360001,6.130862429706667,4.639571568426667,3.5211034224666675,5.012394283746667,6.586534637320001,5.012394283746667,4.639571568426667,1.9469630688933337,3.8110766454933334,3.811076645493334
1180,8.077825498600001,5.840889206680001,4.72242106072,3.3554044378800003,4.72242106072,0.0,0.0,3.3554044378800003,3.3554044378800003,0.0,3.3554044378800003,3.3554044378800003,4.72242106072,3.3554044378800003,4.72242106072,5.840889206680001,5.840889206680001,8.077825498600001,8.077825498600001,6.95935735264,5.840889206680001,9.19629364456,10.314761790520002,9.19629364456
1181,10.314761790520002,9.19629364456,8.077825498600001,5.840889206680001,3.3554044378800003,3.3554044378800003,0.0,0.0,0.0,3.3554044378800003,0.0,0.0,0.0,0.0,0.0,4.72242106072,0.0,0.0,0.0,3.3554044378800003,0.0,4.72242106072,0.0,0.0
1182,0.0,3.3554044378800003,3.3554044378800003,4.72242106072,0.0,4.72242106072,0.0,0.0,4.72242106072,0.0,4.72242106072,0.0,0.0,3.3554044378800003,3.3554044378800003,4.72242106072,0.0,0.0,0.0,3.3554044378800003,4.72242106072,4.72242106072,0.0,0.0
1183,6.95935735264,4.72242106072,5.840889206680001,9.19629364456,10.314761790520002,9.19629364456,9.19629364456,3.3554044378800003,4.72242106072,0.0,0.0,3.3554044378800003,4.72242106072,4.72242106072,4.72242106072,6.95935735264,8.077825498600001,5.840889206680001,6.95935735264,8.533497706213334,10.314761790520002,8.077825498600001,9.19629364456,8.077825498600001
1184,9.19629364456,3.3554044378800003,3.3554044378800003,0.0,0.0,0.0,0.0,0.0,0.0,0.0,0.0,0.0,0.0,0.0,3.3554044378800003,0.0,0.0,0.0,0.0,0.0,0.0,0.0,0.0,0.0
1185,0.0,4.72242106072,4.72242106072,3.3554044378800003,0.0,0.0,0.0,3.3554044378800003,0.0,3.3554044378800003,3.3554044378800003,3.3554044378800003,6.95935735264,5.840889206680001,4.72242106072,6.95935735264,6.95935735264,6.95935735264,9.19629364456,8.077825498600001,5.840889206680001,5.840889206680001,3.3554044378800003,0.0
1186,0.0,1.11846814596,0.0,0.0,1.5741403535733334,2.23693629192,2.23693629192,0.0,1.11846814596,2.6926084995333337,0.0,2.3197857842133334,3.0654312148533336,2.23693629192,0.0,2.23693629192,3.811076645493334,3.0654312148533336,3.8939261377866665,3.811076645493334,4.556722076133333,3.4382539301733335,1.11846814596,1.5741403535733334
1187,0.0,0.0,0.0,0.0,0.0,0.0,0.0,0.0,0.0,3.3554044378800003,3.3554044378800003,0.0,0.0,0.0,4.72242106072,4.72242106072,0.0,0.0,3.3554044378800003,3.3554044378800003,0.0,0.0,0.0,0.0
1188,4.72242106072,5.840889206680001,4.72242106072,4.72242106072,8.077825498600001,10.314761790520002,9.19629364456,8.077825498600001,11.43322993648,6.95935735264,8.077825498600001,8.077825498600001,5.840889206680001,5.840889206680001,0.0,0.0,0.0,0.0,0.0,0.0,0.0,0.0,5.840889206680001,0.0
1189,10.314761790520002,12.7381094401,13.856577586060002,14.975045732020002,16.09351387798,14.975045732020002,19.697466792740002,18.3304501699,13.856577586060002,10.314761790520002,13.856577586060002,10.314761790520002,9.19629364456,9.19629364456,10.314761790520002,12.7381094401,13.856577586060002,14.975045732020002,11.43322993648,14.975045732020002,13.856577586060002,16.09351387798,6.95935735264,4.72242106072
1190,3.5211034224666675,3.3554044378800003,3.811076645493334,3.1482807071466667,1.5741403535733334,0.0,0.0,0.0,1.11846814596,0.0,0.0,0.0,0.0,0.0,0.0,2.6926084995333337,6.503685145026668,5.468066491360001,3.5211034224666675,2.3197857842133334,4.639571568426668,3.1482807071466667,0.0,0.0
1191,6.95935735264,6.95935735264,5.840889206680001,6.95935735264,6.95935735264,8.077825498600001,9.19629364456,6.95935735264,6.95935735264,6.95935735264,10.314761790520002,9.19629364456,11.43322993648,11.43322993648,14.975045732020002,14.975045732020002,11.43322993648,12.7381094401,10.314761790520002,8.077825498600001,8.077825498600001,6.95935735264,5.840889206680001,0.0
1192,4.266748853106667,2.23693629192,3.5211034224666675,3.0654312148533336,4.639571568426668,6.130862429706667,6.130862429706667,6.586534637320001,6.586534637320001,4.639571568426667,6.048012937413334,6.9593573526400005,9.25843076378,10.74972162506,9.548403986806667,10.376898909740001,11.122544340380001,11.868189771019999,11.06040722116,11.86818977102,12.675972320880001,13.794440466840001,14.54008589748,11.122544340380003
1193,16.09351387798,11.43322993648,12.7381094401,11.43322993648,12.7381094401,8.077825498600001,12.7381094401,10.314761790520002,11.43322993648,8.077825498600001,12.7381094401,9.19629364456,8.077825498600001,9.19629364456,8.077825498600001,6.95935735264,6.95935735264,6.95935735264,0.0,4.72242106072,6.95935735264,6.95935735264,5.840889206680001,4.72242106072
1194,2.23693629192,1.11846814596,0.0,0.0,2.6926084995333337,1.11846814596,2.23693629192,0.0,0.0,0.0,1.11846814596,2.23693629192,1.11846814596,1.11846814596,0.0,3.5211034224666675,6.876507860346667,3.5211034224666675,5.758039714386666,4.266748853106667,6.213711922000002,5.468066491360001,4.266748853106667,3.8939261377866665
1195,12.7381094401,4.72242106072,0.0,0.0,4.72242106072,0.0,0.0,0.0,0.0,0.0,0.0,3.3554044378800003,0.0,0.0,4.72242106072,0.0,0.0,0.0,3.3554044378800003,4.72242106072,8.077825498600001,4.72242106072,8.077825498600001,3.3554044378800003
1196,6.130862429706667,6.503685145026668,4.266748853106667,2.6926084995333337,1.5741403535733334,0.0,0.0,1.5741403535733334,5.385216999066667,2.6926084995333337,5.3852169990666665,8.367798721626668,6.130862429706667,5.09524377604,4.183899360813334,3.1482807071466667,7.622153290986668,5.012394283746667,4.266748853106667,3.5211034224666675,3.8939261377866665,5.3852169990666665,4.266748853106667,6.048012937413334
1197,10.314761790520002,12.7381094401,12.7381094401,10.314761790520002,9.19629364456,9.19629364456,6.95935735264,6.95935735264,5.840889206680001,4.72242106072,5.840889206680001,4.72242106072,5.840889206680001,6.95935735264,6.95935735264,8.077825498600001,11.43322993648,14.975045732020002,13.856577586060002,18.3304501699,20.8159349387,17.21198202394,12.7381094401,12.7381094401
1198,9.19629364456,0.0,9.19629364456,8.077825498600001,10.314761790520002,6.95935735264,5.840889206680001,4.72242106072,5.840889206680001,6.95935735264,8.077825498600001,6.95935735264,5.840889206680001,8.077825498600001,8.077825498600001,6.95935735264,0.0,0.0,0.0,6.95935735264,8.077825498600001,11.43322993648,11.43322993648,6.95935735264
1199,0.0,8.077825498600001,3.3554044378800003,6.95935735264,4.72242106072,10.314761790520002,5.840889206680001,6.95935735264,0.0,0.0,0.0,10.314761790520002,5.840889206680001,0.0,0.0,4.72242106072,0.0,0.0,6.95935735264,5.840889206680001,9.19629364456,4.72242106072,0.0,0.0
1200,14.975045732020002,14.975045732020002,12.7381094401,11.43322993648,9.19629364456,11.43322993648,11.43322993648,13.856577586060002,3.3554044378800003,3.3554044378800003,12.7381094401,16.09351387798,17.21198202394,20.8159349387,19.697466792740002,18.3304501699,16.09351387798,8.077825498600001,9.19629364456,3.3554044378800003,6.95935735264,0.0,8.077825498600001,0.0
1201,6.95935735264,8.077825498600001,9.19629364456,8.077825498600001,8.077825498600001,8.077825498600001,11.43322993648,11.43322993648,13.856577586060002,11.43322993648,12.7381094401,12.7381094401,14.975045732020002,17.21198202394,17.21198202394,11.43322993648,14.975045732020002,17.21198202394,16.09351387798,17.21198202394,14.975045732020002,16.09351387798,14.975045732020002,14.975045732020002
1202,3.3554044378800003,0.0,0.0,4.72242106072,0.0,3.3554044378800003,3.3554044378800003,0.0,0.0,0.0,0.0,0.0,0.0,0.0,0.0,0.0,0.0,0.0,3.3554044378800003,4.72242106072,0.0,4.72242106072,0.0,0.0
1203,6.95935735264,6.95935735264,8.077825498600001,4.72242106072,3.3554044378800003,0.0,0.0,3.3554044378800003,0.0,4.72242106072,5.840889206680001,6.95935735264,0.0,4.72242106072,4.72242106072,0.0,0.0,3.3554044378800003,5.840889206680001,3.3554044378800003,0.0,3.3554044378800003,3.3554044378800003,4.72242106072
1204,9.19629364456,4.72242106072,0.0,0.0,4.72242106072,0.0,0.0,0.0,0.0,3.3554044378800003,0.0,0.0,0.0,0.0,0.0,4.72242106072,0.0,0.0,3.3554044378800003,0.0,3.3554044378800003,3.3554044378800003,0.0,5.840889206680001
1205,3.3554044378800003,5.840889206680001,3.3554044378800003,3.3554044378800003,5.840889206680001,0.0,4.72242106072,6.95935735264,5.840889206680001,5.840889206680001,6.95935735264,9.19629364456,6.95935735264,6.95935735264,9.19629364456,10.314761790520002,11.43322993648,10.314761790520002,12.7381094401,12.7381094401,10.314761790520002,6.95935735264,8.077825498600001,10.314761790520002
1206,5.840889206680001,9.19629364456,0.0,3.3554044378800003,0.0,0.0,3.3554044378800003,0.0,0.0,0.0,3.3554044378800003,0.0,0.0,0.0,0.0,0.0,0.0,0.0,0.0,0.0,0.0,0.0,0.0,0.0
1207,12.7381094401,10.314761790520002,6.95935735264,5.840889206680001,3.3554044378800003,6.95935735264,9.19629364456,5.840889206680001,6.95935735264,9.19629364456,9.19629364456,8.077825498600001,3.3554044378800003,0.0,0.0,0.0,0.0,0.0,0.0,0.0,0.0,4.72242106072,4.72242106072,0.0
1208,4.72242106072,9.19629364456,9.19629364456,6.95935735264,8.077825498600001,16.09351387798,10.314761790520002,10.314761790520002,10.314761790520002,9.19629364456,9.19629364456,6.95935735264,8.077825498600001,3.3554044378800003,0.0,0.0,3.3554044378800003,5.840889206680001,0.0,3.3554044378800003,0.0,0.0,3.3554044378800003,4.72242106072
1209,8.077825498600001,6.95935735264,4.72242106072,3.3554044378800003,6.95935735264,3.3554044378800003,0.0,3.3554044378800003,4.72242106072,4.72242106072,5.840889206680001,4.72242106072,5.840889206680001,6.95935735264,5.840889206680001,5.840889206680001,6.95935735264,5.840889206680001,6.95935735264,4.72242106072,4.72242106072,3.3554044378800003,0.0,0.0
1210,0.0,0.0,0.0,0.0,0.0,0.0,0.0,0.0,0.0,0.0,0.0,0.0,0.0,0.0,0.0,0.0,0.0,0.0,0.0,0.0,0.0,4.72242106072,0.0,0.0
1211,3.811076645493334,3.1482807071466667,0.0,4.266748853106667,5.012394283746667,5.468066491360001,5.3852169990666665,5.3852169990666665,3.811076645493334,5.385216999066667,3.438253930173334,2.6926084995333337,1.5741403535733334,3.0654312148533336,3.5211034224666675,4.183899360813334,1.11846814596,3.0654312148533336,4.266748853106667,3.4382539301733335,0.0,1.11846814596,0.0,1.11846814596
1212,4.72242106072,3.3554044378800003,0.0,0.0,0.0,3.3554044378800003,4.72242106072,3.3554044378800003,4.72242106072,4.72242106072,0.0,5.840889206680001,3.3554044378800003,5.840889206680001,3.3554044378800003,4.72242106072,6.95935735264,4.72242106072,0.0,0.0,3.3554044378800003,3.3554044378800003,0.0,3.3554044378800003
1213,4.72242106072,4.72242106072,5.840889206680001,0.0,4.72242106072,0.0,0.0,0.0,0.0,0.0,5.840889206680001,0.0,0.0,0.0,0.0,3.3554044378800003,4.72242106072,4.72242106072,8.077825498600001,6.95935735264,5.840889206680001,6.95935735264,5.840889206680001,3.3554044378800003
1214,10.314761790520002,9.19629364456,8.077825498600001,8.077825498600001,10.314761790520002,10.314761790520002,8.077825498600001,8.077825498600001,9.19629364456,9.19629364456,8.077825498600001,10.314761790520002,8.077825498600001,8.077825498600001,4.72242106072,4.72242106072,4.72242106072,4.72242106072,6.95935735264,4.72242106072,5.840889206680001,4.72242106072,4.639571568426668,5.840889206680001
1215,0.0,0.0,0.0,0.0,3.3554044378800003,0.0,3.3554044378800003,0.0,5.840889206680001,3.3554044378800003,0.0,0.0,4.72242106072,4.72242106072,0.0,0.0,0.0,0.0,0.0,6.95935735264,6.95935735264,9.19629364456,11.43322993648,8.077825498600001
1216,1.9469630688933337,2.6926084995333337,3.0654312148533336,1.9469630688933337,2.23693629192,2.4164435252222227,2.6926084995333337,2.6926084995333337,2.6926084995333337,0.0,1.11846814596,0.7732619280711112,2.6926084995333337,1.5741403535733334,1.9469630688933337,0.0,3.0654312148533336,1.2979753792622222,1.5741403535733334,0.0,3.4382539301733335,1.9469630688933337,1.5741403535733334,3.956063257006667
1217,0.0,0.0,0.0,0.0,3.3554044378800003,0.0,0.0,0.0,0.0,0.0,0.0,0.0,0.0,3.3554044378800003,0.0,6.95935735264,5.840889206680001,6.95935735264,6.95935735264,6.95935735264,6.95935735264,5.840889206680001,8.077825498600001,8.077825498600001
1218,21.934403084659998,21.934403084659998,20.8159349387,20.8159349387,19.697466792740002,17.21198202394,16.09351387798,18.3304501699,20.8159349387,21.934403084659998,21.934403084659998,24.17133937658,20.8159349387,23.052871230620003,25.289807522540002,19.697466792740002,17.21198202394,20.8159349387,24.17133937658,25.289807522540002,21.934403084659998,19.697466792740002,19.697466792740002,16.09351387798
1219,8.077825498600001,3.3554044378800003,0.0,0.0,0.0,0.0,0.0,0.0,0.0,0.0,0.0,0.0,0.0,0.0,0.0,4.72242106072,3.3554044378800003,9.19629364456,8.077825498600001,5.840889206680001,5.840889206680001,8.077825498600001,9.19629364456,5.840889206680001
1220,7.33218006796,4.639571568426667,1.5741403535733334,1.9469630688933337,1.9469630688933337,1.9469630688933337,2.6926084995333337,1.11846814596,1.5741403535733334,2.3197857842133334,2.6926084995333337,1.11846814596,2.6926084995333337,1.5741403535733334,0.0,1.5741403535733334,2.23693629192,4.266748853106667,1.9469630688933337,4.266748853106667,3.0654312148533336,4.929544791453334,6.9593573526400005,7.33218006796
1221,0.0,0.0,0.0,0.0,0.0,0.0,0.0,0.0,0.0,0.0,6.95935735264,3.3554044378800003,4.72242106072,0.0,0.0,0.0,0.0,0.0,0.0,0.0,0.0,0.0,0.0,0.0
1222,0.0,0.0,0.0,0.0,0.0,0.0,0.0,0.0,0.0,0.0,3.3554044378800003,3.3554044378800003,6.95935735264,3.3554044378800003,4.72242106072,3.3554044378800003,4.72242106072,4.72242106072,5.840889206680001,3.3554044378800003,3.3554044378800003,3.3554044378800003,3.3554044378800003,3.3554044378800003
1223,6.95935735264,3.3554044378800003,0.0,3.3554044378800003,3.3554044378800003,0.0,5.840889206680001,3.3554044378800003,0.0,4.72242106072,0.0,4.72242106072,0.0,3.3554044378800003,4.72242106072,3.3554044378800003,0.0,4.72242106072,0.0,3.3554044378800003,4.72242106072,8.077825498600001,8.077825498600001,8.077825498600001
1224,8.077825498600001,6.95935735264,6.95935735264,6.95935735264,8.077825498600001,12.7381094401,10.314761790520002,8.077825498600001,8.077825498600001,8.077825498600001,9.19629364456,6.95935735264,5.840889206680001,3.3554044378800003,5.840889206680001,8.077825498600001,4.72242106072,5.840889206680001,5.840889206680001,6.95935735264,5.840889206680001,0.0,3.3554044378800003,6.95935735264
1225,8.077825498600001,0.0,0.0,0.0,5.840889206680001,6.95935735264,6.95935735264,3.3554044378800003,6.95935735264,5.840889206680001,3.438253930173334,3.3554044378800003,4.72242106072,0.0,0.0,4.72242106072,3.3554044378800003,4.72242106072,0.0,4.72242106072,3.3554044378800003,5.840889206680001,0.0,0.0
1226,3.3554044378800003,5.840889206680001,5.840889206680001,0.0,3.3554044378800003,3.3554044378800003,3.3554044378800003,3.3554044378800003,5.840889206680001,4.72242106072,8.077825498600001,8.077825498600001,8.077825498600001,8.077825498600001,8.077825498600001,5.840889206680001,4.72242106072,4.72242106072,3.3554044378800003,3.3554044378800003,4.72242106072,5.840889206680001,5.840889206680001,8.077825498600001
1227,4.72242106072,3.3554044378800003,5.840889206680001,5.840889206680001,8.077825498600001,6.95935735264,8.077825498600001,9.19629364456,8.077825498600001,9.19629364456,11.43322993648,11.43322993648,12.7381094401,14.975045732020002,13.856577586060002,11.43322993648,14.975045732020002,12.7381094401,11.43322993648,13.856577586060002,16.09351387798,17.21198202394,17.21198202394,14.975045732020002
1228,9.19629364456,11.43322993648,11.43322993648,11.43322993648,12.7381094401,12.7381094401,11.43322993648,14.975045732020002,13.856577586060002,12.7381094401,13.856577586060002,16.09351387798,14.975045732020002,14.975045732020002,20.8159349387,16.09351387798,21.934403084659998,20.8159349387,18.3304501699,16.09351387798,17.21198202394,16.09351387798,12.7381094401,11.43322993648
1229,0.0,0.0,4.72242106072,8.077825498600001,3.3554044378800003,0.0,0.0,0.0,0.0,0.0,0.0,0.0,0.0,0.0,3.3554044378800003,3.3554044378800003,5.840889206680001,0.0,3.3554044378800003,3.3554044378800003,0.0,0.0,0.0,4.72242106072
1230,0.0,0.0,0.0,0.0,0.0,0.0,0.0,0.0,0.0,3.3554044378800003,0.0,0.0,0.0,0.0,0.0,0.0,0.0,0.0,0.0,0.0,0.0,0.0,0.0,0.0
1231,2.23693629192,0.0,0.0,0.0,0.0,0.0,0.0,0.0,8.077825498600001,0.0,0.0,0.0,0.0,0.0,0.0,0.0,0.0,0.0,0.0,0.0,0.0,0.0,0.0,0.0
1232,0.0,0.0,0.0,0.0,0.0,0.0,0.0,0.0,0.0,0.0,0.0,0.0,0.0,0.0,0.0,3.3554044378800003,9.19629364456,6.95935735264,5.840889206680001,6.95935735264,6.95935735264,5.840889206680001,5.840889206680001,6.95935735264
1233,0.0,0.0,0.0,3.3554044378800003,0.0,0.0,0.0,0.0,0.0,0.0,3.3554044378800003,0.0,0.0,3.3554044378800003,0.0,4.72242106072,5.840889206680001,6.95935735264,5.840889206680001,6.95935735264,5.840889206680001,4.72242106072,5.840889206680001,5.840889206680001
1234,14.975045732020002,12.7381094401,10.314761790520002,6.95935735264,8.077825498600001,14.975045732020002,9.19629364456,14.975045732020002,10.314761790520002,10.314761790520002,8.077825498600001,9.19629364456,5.840889206680001,4.72242106072,5.840889206680001,4.72242106072,6.95935735264,6.95935735264,6.95935735264,4.72242106072,5.840889206680001,3.3554044378800003,4.72242106072,4.72242106072
1235,10.376898909740001,10.004076194420001,11.495367055700001,7.7050027832799985,7.705002783280001,10.31476179052,9.941939075200002,8.51278533314,6.503685145026668,8.0778254986,8.45064821392,8.077825498600001,6.586534637320001,5.385216999066667,8.45064821392,6.503685145026668,5.385216999066667,4.266748853106667,4.72242106072,5.468066491360001,3.5211034224666675,1.9469630688933337,2.23693629192,3.438253930173334
1236,2.6926084995333337,2.6926084995333337,3.0654312148533336,3.438253930173334,5.758039714386666,3.0654312148533336,3.811076645493334,2.6926084995333337,4.183899360813334,3.5211034224666675,2.3197857842133334,2.6926084995333337,3.0654312148533336,4.183899360813334,6.130862429706667,2.3197857842133334,4.556722076133334,4.556722076133334,4.639571568426667,3.0654312148533336,4.639571568426668,4.639571568426668,4.266748853106667,5.385216999066667
1237,0.0,0.0,4.72242106072,0.0,0.0,4.72242106072,6.95935735264,0.0,0.0,3.3554044378800003,3.3554044378800003,0.0,0.0,0.0,0.0,0.0,0.0,3.3554044378800003,0.0,0.0,4.72242106072,8.077825498600001,8.077825498600001,12.7381094401
1238,6.95935735264,5.840889206680001,9.19629364456,9.19629364456,10.314761790520002,9.19629364456,10.314761790520002,9.19629364456,10.314761790520002,11.43322993648,10.314761790520002,9.19629364456,6.95935735264,10.314761790520002,11.43322993648,12.7381094401,14.975045732020002,19.697466792740002,17.21198202394,20.8159349387,20.8159349387,16.09351387798,14.975045732020002,13.856577586060002
1239,3.3554044378800003,8.077825498600001,8.077825498600001,8.077825498600001,8.077825498600001,8.077825498600001,9.19629364456,9.19629364456,8.077825498600001,8.077825498600001,10.314761790520002,10.314761790520002,8.077825498600001,9.19629364456,6.95935735264,10.314761790520002,14.975045732020002,14.975045732020002,17.21198202394,16.09351387798,19.697466792740002,16.09351387798,14.975045732020002,11.43322993648
1240,6.95935735264,4.72242106072,6.95935735264,6.95935735264,8.077825498600001,10.314761790520002,9.19629364456,10.314761790520002,6.95935735264,6.95935735264,11.43322993648,14.975045732020002,13.856577586060002,11.43322993648,8.077825498600001,10.314761790520002,8.077825498600001,14.975045732020002,16.09351387798,8.077825498600001,12.7381094401,8.077825498600001,5.840889206680001,4.72242106072
1241,8.077825498600001,8.45064821392,9.631253479100002,10.749721625060003,9.19629364456,12.7381094401,9.19629364456,8.077825498600001,9.19629364456,9.19629364456,11.43322993648,10.314761790520002,9.19629364456,9.25843076378,8.82347092924,11.1846814596,8.077825498600001,9.941939075200002,8.077825498600001,8.45064821392,8.077825498600001,6.95935735264,5.840889206680001,5.840889206680001
1242,5.840889206680001,3.3554044378800003,4.72242106072,0.0,3.3554044378800003,4.72242106072,4.72242106072,4.72242106072,4.72242106072,0.0,0.0,0.0,0.0,0.0,0.0,3.3554044378800003,0.0,0.0,3.3554044378800003,6.95935735264,3.3554044378800003,4.72242106072,0.0,3.3554044378800003
1243,13.856577586060002,13.856577586060002,13.856577586060002,14.975045732020002,16.09351387798,16.09351387798,11.43322993648,9.19629364456,9.19629364456,10.314761790520002,9.19629364456,6.95935735264,11.43322993648,11.43322993648,10.314761790520002,14.975045732020002,11.43322993648,13.856577586060002,13.856577586060002,14.975045732020002,11.122544340380003,14.975045732020002,10.314761790520002,9.19629364456
1244,0.0,0.0,0.0,0.0,0.0,0.0,0.0,0.0,0.0,0.0,0.0,0.0,8.077825498600001,4.72242106072,5.840889206680001,0.0,3.3554044378800003,0.0,0.0,0.0,0.0,0.0,0.0,0.0
1245,0.0,0.0,1.5741403535733334,1.9469630688933337,1.9469630688933337,0.0,1.5741403535733334,2.23693629192,1.11846814596,1.11846814596,2.23693629192,1.11846814596,3.0654312148533336,1.5741403535733334,2.23693629192,2.6926084995333337,1.5741403535733334,1.5741403535733334,1.9469630688933337,3.1482807071466667,1.11846814596,1.11846814596,1.11846814596,0.0
1246,6.95935735264,6.95935735264,8.077825498600001,6.95935735264,6.95935735264,5.840889206680001,6.95935735264,6.95935735264,6.95935735264,5.840889206680001,3.3554044378800003,5.840889206680001,5.840889206680001,4.72242106072,0.0,4.72242106072,5.840889206680001,8.077825498600001,4.72242106072,4.72242106072,5.840889206680001,3.3554044378800003,4.72242106072,0.0
1247,9.19629364456,11.43322993648,0.0,0.0,3.3554044378800003,0.0,3.3554044378800003,3.3554044378800003,0.0,4.72242106072,0.0,10.314761790520002,0.0,3.3554044378800003,3.3554044378800003,3.3554044378800003,3.3554044378800003,0.0,0.0,4.72242106072,0.0,0.0,3.3554044378800003,10.314761790520002
1248,0.0,2.23693629192,1.11846814596,0.0,2.3197857842133334,1.11846814596,3.4382539301733335,2.23693629192,0.0,4.183899360813334,0.0,1.5741403535733334,1.11846814596,2.23693629192,1.11846814596,2.23693629192,3.811076645493334,3.5211034224666675,5.385216999066667,5.840889206680001,5.840889206680001,5.84088920668,1.11846814596,1.11846814596
1249,11.930326890240002,8.885608048460002,9.631253479100002,10.74972162506,7.684290410206667,6.192999548926667,6.192999548926667,3.1482807071466667,7.70500278328,3.4382539301733335,5.385216999066667,6.586534637320001,6.048012937413334,6.58653463732,3.8939261377866674,2.23693629192,1.11846814596,5.840889206680001,2.6926084995333337,6.876507860346667,3.8939261377866674,5.3852169990666665,1.5741403535733334,4.929544791453334
1250,14.187975555233331,8.82347092924,8.88560804846,8.429935840846667,6.213711922000002,8.077825498600001,5.840889206680001,13.0487950362,9.237718390706668,20.360262731086667,18.040476946873337,13.877289959133336,9.25843076378,7.684290410206668,8.057113125526667,12.323861978633333,8.88560804846,7.39431718718,10.832571117353334,10.376898909740001,9.19629364456,11.951039263313334,10.459748402033334,14.16726318216
1251,1.9469630688933337,1.9469630688933337,3.811076645493334,2.3197857842133334,1.11846814596,1.5741403535733334,0.0,1.5741403535733334,1.11846814596,1.11846814596,1.5741403535733334,1.11846814596,1.5741403535733334,3.4382539301733335,1.5741403535733334,3.5211034224666675,3.8939261377866674,2.6926084995333337,2.23693629192,1.11846814596,0.0,1.11846814596,0.0,0.0
1252,7.33218006796,6.462260398880001,4.72242106072,2.6926084995333337,4.266748853106667,3.811076645493334,1.9469630688933337,3.811076645493334,3.5211034224666675,4.639571568426668,3.5211034224666675,5.095243776040001,5.3852169990666665,5.012394283746667,5.0123942837466675,5.840889206680001,3.4382539301733335,4.639571568426668,2.3197857842133334,4.72242106072,2.6926084995333337,2.23693629192,3.5211034224666675,1.5741403535733334
1253,19.697466792740002,9.19629364456,3.3554044378800003,3.3554044378800003,9.19629364456,8.077825498600001,6.95935735264,10.314761790520002,0.0,3.3554044378800003,0.0,3.3554044378800003,10.314761790520002,0.0,4.72242106072,4.72242106072,8.077825498600001,0.0,0.0,4.72242106072,10.314761790520002,11.43322993648,14.975045732020002,10.314761790520002
1254,12.7381094401,12.7381094401,12.7381094401,13.856577586060002,13.856577586060002,12.7381094401,13.856577586060002,14.975045732020002,12.7381094401,12.7381094401,10.314761790520002,10.314761790520002,13.856577586060002,8.077825498600001,9.19629364456,6.95935735264,9.19629364456,8.077825498600001,10.314761790520002,10.314761790520002,6.95935735264,9.19629364456,9.19629364456,9.19629364456
1255,4.72242106072,10.314761790520002,8.077825498600001,6.95935735264,6.95935735264,8.077825498600001,6.95935735264,9.19629364456,9.19629364456,12.7381094401,11.43322993648,13.856577586060002,10.314761790520002,11.43322993648,8.077825498600001,8.077825498600001,9.19629364456,11.43322993648,9.19629364456,5.840889206680001,6.95935735264,6.95935735264,5.840889206680001,6.95935735264
1256,13.48375487074,12.61383520166,12.738109440099999,13.0487950362,12.303149605560002,12.675972320880001,10.687584505840002,11.122544340380001,11.122544340380003,9.56911635988,10.31476179052,9.56911635988,8.82347092924,9.19629364456,9.56911635988,7.622153290986668,8.82347092924,9.631253479100002,8.82347092924,6.58653463732,9.19629364456,9.56911635988,7.705002783280001,8.077825498600001
1257,4.72242106072,4.72242106072,12.7381094401,10.314761790520002,8.077825498600001,9.19629364456,4.72242106072,8.077825498600001,0.0,5.840889206680001,4.72242106072,10.314761790520002,17.21198202394,16.09351387798,14.975045732020002,6.95935735264,14.975045732020002,5.840889206680001,5.840889206680001,0.0,5.840889206680001,5.840889206680001,13.856577586060002,20.8159349387
1258,0.0,0.0,0.0,0.0,4.72242106072,0.0,3.3554044378800003,4.72242106072,3.3554044378800003,0.0,0.0,4.72242106072,3.3554044378800003,3.3554044378800003,4.72242106072,0.0,3.3554044378800003,3.3554044378800003,3.3554044378800003,3.3554044378800003,4.72242106072,3.3554044378800003,4.72242106072,3.3554044378800003
1259,0.0,0.0,4.72242106072,0.0,3.3554044378800003,3.3554044378800003,4.72242106072,5.840889206680001,4.72242106072,6.95935735264,9.19629364456,6.95935735264,10.314761790520002,8.077825498600001,9.19629364456,13.856577586060002,10.314761790520002,9.19629364456,8.077825498600001,10.314761790520002,9.19629364456,10.314761790520002,8.077825498600001,4.72242106072
1260,5.840889206680001,9.19629364456,8.077825498600001,6.95935735264,10.314761790520002,9.19629364456,8.077825498600001,11.43322993648,11.43322993648,10.314761790520002,11.43322993648,9.19629364456,11.43322993648,11.43322993648,12.7381094401,12.7381094401,11.43322993648,18.3304501699,17.21198202394,14.975045732020002,10.314761790520002,11.43322993648,4.72242106072,8.077825498600001
1261,0.0,0.0,0.0,0.0,0.0,0.0,0.0,0.0,5.840889206680001,3.3554044378800003,4.72242106072,5.840889206680001,5.840889206680001,4.72242106072,4.72242106072,0.0,0.0,3.3554044378800003,4.72242106072,4.72242106072,6.95935735264,0.0,0.0,4.72242106072
1262,14.975045732020002,12.7381094401,18.3304501699,14.975045732020002,11.43322993648,10.314761790520002,6.95935735264,8.077825498600001,3.3554044378800003,6.95935735264,0.0,0.0,0.0,4.72242106072,0.0,3.3554044378800003,0.0,5.840889206680001,4.72242106072,4.72242106072,5.840889206680001,3.3554044378800003,0.0,0.0
1263,0.0,0.0,0.0,0.0,0.0,0.0,0.0,0.0,0.0,4.72242106072,4.72242106072,5.840889206680001,3.3554044378800003,4.72242106072,0.0,4.72242106072,0.0,0.0,0.0,0.0,0.0,0.0,0.0,4.72242106072
1264,0.0,0.0,0.0,0.0,0.0,0.0,0.0,0.0,0.0,4.72242106072,0.0,0.0,3.3554044378800003,0.0,0.0,0.0,0.0,0.0,0.0,0.0,0.0,0.0,0.0,3.3554044378800003
1265,5.840889206680001,6.95935735264,6.95935735264,3.3554044378800003,4.72242106072,0.0,0.0,4.72242106072,8.077825498600001,3.3554044378800003,9.19629364456,11.43322993648,6.95935735264,5.840889206680001,3.3554044378800003,4.72242106072,9.19629364456,4.72242106072,6.95935735264,4.72242106072,6.95935735264,6.95935735264,4.72242106072,3.3554044378800003
1266,3.3554044378800003,5.840889206680001,5.840889206680001,3.3554044378800003,3.3554044378800003,5.840889206680001,5.840889206680001,3.3554044378800003,0.0,0.0,3.3554044378800003,0.0,3.3554044378800003,0.0,0.0,0.0,4.72242106072,5.840889206680001,3.3554044378800003,5.840889206680001,5.840889206680001,5.840889206680001,4.72242106072,4.72242106072
1267,10.314761790520002,10.314761790520002,8.077825498600001,5.840889206680001,6.95935735264,8.077825498600001,4.72242106072,4.72242106072,0.0,0.0,0.0,0.0,3.3554044378800003,4.72242106072,3.3554044378800003,3.3554044378800003,10.314761790520002,16.09351387798,13.856577586060002,14.975045732020002,14.975045732020002,13.856577586060002,12.7381094401,9.19629364456
1268,0.0,0.0,0.0,6.95935735264,0.0,0.0,0.0,0.0,0.0,0.0,0.0,0.0,0.0,4.72242106072,0.0,8.077825498600001,5.840889206680001,5.840889206680001,8.077825498600001,5.840889206680001,4.72242106072,5.840889206680001,0.0,0.0
1269,6.95935735264,9.19629364456,5.840889206680001,13.856577586060002,8.077825498600001,9.19629364456,9.19629364456,10.314761790520002,9.19629364456,11.43322993648,8.077825498600001,10.314761790520002,9.19629364456,10.314761790520002,8.077825498600001,8.077825498600001,9.19629364456,8.077825498600001,10.314761790520002,10.314761790520002,10.314761790520002,6.95935735264,8.077825498600001,8.077825498600001
1270,3.3554044378800003,5.840889206680001,4.72242106072,8.077825498600001,4.72242106072,3.3554044378800003,5.840889206680001,10.314761790520002,10.314761790520002,13.856577586060002,13.856577586060002,10.314761790520002,12.7381094401,12.7381094401,13.856577586060002,11.43322993648,14.975045732020002,11.43322993648,10.314761790520002,13.856577586060002,14.975045732020002,11.43322993648,6.95935735264,8.077825498600001
1271,6.95935735264,8.077825498600001,9.19629364456,6.95935735264,5.840889206680001,8.077825498600001,10.314761790520002,11.43322993648,9.19629364456,8.077825498600001,8.077825498600001,4.72242106072,5.840889206680001,4.72242106072,6.95935735264,10.314761790520002,11.43322993648,13.856577586060002,12.7381094401,12.7381094401,12.7381094401,11.43322993648,6.95935735264,3.3554044378800003
1272,5.840889206680001,8.077825498600001,8.077825498600001,4.72242106072,5.840889206680001,4.72242106072,0.0,3.3554044378800003,3.3554044378800003,4.72242106072,4.72242106072,5.840889206680001,6.95935735264,8.077825498600001,5.840889206680001,4.72242106072,6.95935735264,4.72242106072,10.314761790520002,8.077825498600001,8.077825498600001,11.43322993648,3.3554044378800003,0.0
1273,8.077825498600001,12.7381094401,11.43322993648,13.856577586060002,10.314761790520002,12.7381094401,10.314761790520002,12.7381094401,10.314761790520002,9.19629364456,13.856577586060002,14.975045732020002,12.7381094401,10.314761790520002,12.7381094401,12.7381094401,14.975045732020002,12.7381094401,13.856577586060002,17.21198202394,13.856577586060002,9.19629364456,5.840889206680001,13.856577586060002
1274,6.95935735264,9.19629364456,10.314761790520002,16.09351387798,12.7381094401,16.09351387798,14.975045732020002,12.7381094401,10.314761790520002,14.975045732020002,8.077825498600001,5.840889206680001,8.077825498600001,9.19629364456,10.314761790520002,12.7381094401,14.975045732020002,17.21198202394,18.3304501699,16.09351387798,14.975045732020002,14.975045732020002,14.975045732020002,13.856577586060002
1275,6.95935735264,6.95935735264,6.95935735264,5.840889206680001,4.72242106072,4.72242106072,4.72242106072,6.95935735264,4.72242106072,6.95935735264,8.077825498600001,5.840889206680001,5.840889206680001,5.840889206680001,0.0,0.0,3.3554044378800003,3.3554044378800003,4.72242106072,5.840889206680001,0.0,0.0,4.72242106072,0.0
1276,0.0,0.0,3.3554044378800003,0.0,0.0,0.0,0.0,0.0,0.0,0.0,0.0,0.0,0.0,0.0,0.0,0.0,0.0,0.0,0.0,0.0,6.95935735264,4.72242106072,3.3554044378800003,0.0
1277,10.314761790520002,12.7381094401,11.43322993648,12.7381094401,10.314761790520002,16.09351387798,16.09351387798,10.314761790520002,13.856577586060002,9.19629364456,10.314761790520002,13.856577586060002,11.43322993648,11.43322993648,9.19629364456,12.7381094401,13.856577586060002,10.314761790520002,11.43322993648,12.7381094401,11.43322993648,9.19629364456,9.19629364456,6.95935735264
1278,3.5211034224666675,4.266748853106667,1.11846814596,3.0654312148533336,1.11846814596,2.3197857842133334,4.183899360813334,4.639571568426668,3.5211034224666675,1.11846814596,2.6926084995333337,2.6926084995333337,1.5741403535733334,0.0,1.5741403535733334,2.6926084995333337,2.6926084995333337,3.811076645493334,3.0654312148533336,1.5741403535733334,3.0654312148533336,5.84088920668,5.468066491360001,4.266748853106667
1279,11.43322993648,5.840889206680001,12.7381094401,17.21198202394,5.840889206680001,4.72242106072,6.95935735264,17.21198202394,13.856577586060002,31.06855961,29.950091464040003,31.06855961,13.856577586060002,23.052871230620003,18.3304501699,23.052871230620003,17.21198202394,12.7381094401,19.697466792740002,14.975045732020002,10.314761790520002,20.8159349387,19.697466792740002,21.934403084659998
1280,3.3554044378800003,0.0,3.3554044378800003,4.72242106072,6.95935735264,6.95935735264,9.19629364456,5.840889206680001,5.840889206680001,6.95935735264,3.3554044378800003,4.72242106072,5.840889206680001,0.0,0.0,8.077825498600001,8.077825498600001,9.19629364456,10.314761790520002,12.7381094401,9.19629364456,4.72242106072,4.72242106072,3.3554044378800003
1281,6.586534637320001,6.586534637320001,5.758039714386666,5.468066491360001,2.6926084995333337,2.23693629192,3.5211034224666675,1.11846814596,0.0,1.5741403535733334,3.5211034224666675,2.23693629192,5.012394283746667,1.11846814596,1.11846814596,1.11846814596,3.8939261377866674,3.8939261377866665,4.639571568426668,6.876507860346668,5.758039714386666,5.012394283746667,5.468066491360001,3.811076645493334
1282,11.43322993648,8.077825498600001,10.314761790520002,13.856577586060002,9.19629364456,8.077825498600001,4.72242106072,6.95935735264,4.72242106072,0.0,8.077825498600001,4.72242106072,6.95935735264,4.72242106072,0.0,0.0,3.3554044378800003,3.3554044378800003,0.0,5.840889206680001,3.3554044378800003,4.72242106072,11.43322993648,8.077825498600001
1283,4.72242106072,3.3554044378800003,5.840889206680001,4.72242106072,4.72242106072,5.840889206680001,0.0,5.840889206680001,8.077825498600001,8.077825498600001,10.314761790520002,8.077825498600001,9.19629364456,10.314761790520002,9.19629364456,10.314761790520002,8.077825498600001,13.856577586060002,12.7381094401,11.43322993648,14.975045732020002,10.314761790520002,8.077825498600001,10.314761790520002
1284,6.95935735264,3.3554044378800003,6.95935735264,4.72242106072,3.3554044378800003,3.3554044378800003,4.72242106072,3.3554044378800003,0.0,0.0,0.0,0.0,0.0,0.0,3.3554044378800003,5.840889206680001,4.72242106072,4.72242106072,4.72242106072,3.3554044378800003,4.72242106072,0.0,0.0,0.0
1285,3.949159132648889,6.089437683560001,5.260942760626667,6.545109891173333,5.095243776040001,5.758039714386666,3.7696518993466666,5.302367506773334,5.012394283746667,4.970969537600001,4.515297329986667,4.142474614666667,5.385216999066667,2.6926084995333337,1.5741403535733334,3.3968291840266667,3.4382539301733335,1.11846814596,3.024006468706667,1.2427423844,3.811076645493334,4.556722076133334,2.9825817225600004,3.3968291840266667
1286,0.0,0.0,0.0,0.0,0.0,4.72242106072,10.314761790520002,5.840889206680001,8.077825498600001,8.077825498600001,5.840889206680001,4.72242106072,4.72242106072,4.72242106072,0.0,6.95935735264,4.72242106072,4.72242106072,5.840889206680001,5.840889206680001,3.3554044378800003,6.95935735264,0.0,0.0
1287,5.840889206680001,5.840889206680001,8.077825498600001,6.95935735264,0.0,0.0,0.0,4.72242106072,0.0,0.0,0.0,0.0,0.0,0.0,0.0,0.0,0.0,0.0,0.0,0.0,0.0,0.0,0.0,0.0
1288,10.314761790520002,11.43322993648,9.19629364456,11.43322993648,12.7381094401,14.975045732020002,13.856577586060002,14.975045732020002,13.856577586060002,13.856577586060002,11.43322993648,16.09351387798,14.975045732020002,10.314761790520002,10.314761790520002,13.856577586060002,12.7381094401,12.7381094401,13.856577586060002,12.7381094401,16.09351387798,12.7381094401,11.43322993648,16.09351387798
1289,6.95935735264,10.314761790520002,10.314761790520002,10.314761790520002,9.19629364456,11.43322993648,11.43322993648,6.95935735264,6.95935735264,4.72242106072,3.3554044378800003,0.0,0.0,4.72242106072,8.077825498600001,4.72242106072,10.314761790520002,13.856577586060002,13.856577586060002,14.975045732020002,16.09351387798,10.314761790520002,8.077825498600001,5.840889206680001
1290,8.077825498600001,11.43322993648,12.7381094401,16.09351387798,14.975045732020002,14.975045732020002,17.21198202394,13.856577586060002,12.7381094401,13.856577586060002,13.856577586060002,10.314761790520002,8.077825498600001,6.95935735264,9.19629364456,9.19629364456,10.314761790520002,14.975045732020002,14.975045732020002,14.975045732020002,12.7381094401,14.975045732020002,16.09351387798,11.43322993648
1291,0.0,0.0,0.0,3.3554044378800003,0.0,0.0,0.0,0.0,0.0,0.0,0.0,0.0,0.0,3.3554044378800003,0.0,5.840889206680001,6.95935735264,5.840889206680001,3.3554044378800003,3.3554044378800003,5.840889206680001,5.840889206680001,0.0,0.0
1292,4.72242106072,5.840889206680001,6.95935735264,6.95935735264,4.72242106072,4.72242106072,4.72242106072,3.3554044378800003,4.72242106072,3.3554044378800003,3.3554044378800003,3.3554044378800003,4.72242106072,0.0,0.0,0.0,0.0,0.0,3.3554044378800003,0.0,3.3554044378800003,0.0,3.3554044378800003,4.72242106072
1293,0.0,0.0,0.0,9.19629364456,6.95935735264,4.72242106072,3.3554044378800003,8.077825498600001,9.19629364456,8.077825498600001,4.72242106072,5.840889206680001,6.95935735264,6.95935735264,5.840889206680001,6.95935735264,8.077825498600001,5.840889206680001,8.077825498600001,10.314761790520002,8.077825498600001,8.077825498600001,5.840889206680001,4.72242106072
1294,12.7381094401,16.09351387798,12.7381094401,14.975045732020002,14.975045732020002,12.7381094401,8.077825498600001,9.19629364456,9.19629364456,10.314761790520002,8.077825498600001,3.3554044378800003,8.077825498600001,5.840889206680001,5.840889206680001,6.95935735264,5.840889206680001,4.72242106072,5.840889206680001,6.95935735264,5.840889206680001,3.3554044378800003,4.72242106072,5.840889206680001
1295,9.19629364456,9.19629364456,9.19629364456,4.72242106072,6.95935735264,8.077825498600001,9.19629364456,10.314761790520002,9.19629364456,8.077825498600001,6.95935735264,5.840889206680001,5.840889206680001,5.840889206680001,3.3554044378800003,6.95935735264,4.72242106072,6.95935735264,3.3554044378800003,5.840889206680001,4.72242106072,4.72242106072,3.3554044378800003,5.840889206680001
1296,8.077825498600001,9.19629364456,5.840889206680001,5.840889206680001,5.840889206680001,6.95935735264,5.840889206680001,5.840889206680001,3.3554044378800003,8.077825498600001,3.3554044378800003,4.72242106072,4.72242106072,4.72242106072,3.3554044378800003,4.72242106072,5.840889206680001,3.3554044378800003,3.3554044378800003,0.0,3.3554044378800003,5.840889206680001,5.840889206680001,5.840889206680001
1297,5.840889206680001,8.077825498600001,11.43322993648,10.314761790520002,10.314761790520002,9.19629364456,5.840889206680001,6.95935735264,5.840889206680001,3.3554044378800003,0.0,3.3554044378800003,3.3554044378800003,4.72242106072,5.840889206680001,10.314761790520002,11.43322993648,9.19629364456,8.077825498600001,6.95935735264,8.077825498600001,8.077825498600001,8.077825498600001,9.19629364456
1298,18.3304501699,9.19629364456,8.077825498600001,20.8159349387,25.289807522540002,24.17133937658,20.8159349387,25.289807522540002,24.17133937658,16.09351387798,23.052871230620003,24.17133937658,26.4082756685,18.3304501699,18.3304501699,18.3304501699,16.09351387798,16.09351387798,14.975045732020002,10.314761790520002,9.19629364456,11.43322993648,11.43322993648,6.95935735264
1299,5.840889206680001,5.840889206680001,5.840889206680001,8.077825498600001,5.840889206680001,3.3554044378800003,0.0,3.3554044378800003,0.0,3.3554044378800003,0.0,0.0,0.0,0.0,0.0,3.3554044378800003,4.72242106072,3.3554044378800003,3.3554044378800003,3.3554044378800003,6.95935735264,4.72242106072,5.840889206680001,5.840889206680001
1300,14.975045732020002,5.840889206680001,6.95935735264,3.3554044378800003,4.72242106072,5.840889206680001,5.840889206680001,0.0,4.72242106072,5.840889206680001,9.19629364456,0.0,3.811076645493334,9.19629364456,9.19629364456,6.95935735264,3.3554044378800003,11.43322993648,10.314761790520002,6.95935735264,6.95935735264,4.72242106072,3.3554044378800003,4.72242106072
1301,0.0,0.0,4.72242106072,5.840889206680001,4.72242106072,6.95935735264,5.840889206680001,8.077825498600001,6.95935735264,12.7381094401,12.7381094401,10.314761790520002,6.95935735264,8.077825498600001,3.3554044378800003,4.72242106072,6.95935735264,9.19629364456,13.856577586060002,8.077825498600001,8.077825498600001,12.7381094401,4.72242106072,3.3554044378800003
1302,11.43322993648,10.314761790520002,9.19629364456,6.95935735264,6.95935735264,9.19629364456,11.43322993648,10.314761790520002,12.7381094401,16.09351387798,6.95935735264,9.19629364456,12.7381094401,11.43322993648,10.314761790520002,9.19629364456,11.43322993648,10.314761790520002,11.43322993648,10.314761790520002,9.19629364456,9.19629364456,5.840889206680001,0.0
1303,5.840889206680001,10.314761790520002,10.314761790520002,6.95935735264,9.19629364456,13.856577586060002,10.314761790520002,12.7381094401,12.7381094401,14.975045732020002,11.43322993648,14.975045732020002,12.7381094401,13.856577586060002,13.856577586060002,14.975045732020002,14.975045732020002,13.856577586060002,16.09351387798,16.09351387798,17.21198202394,14.975045732020002,14.975045732020002,19.697466792740002
1304,0.0,4.72242106072,0.0,0.0,4.72242106072,3.3554044378800003,0.0,3.3554044378800003,0.0,0.0,4.72242106072,0.0,0.0,0.0,0.0,6.95935735264,5.840889206680001,3.3554044378800003,0.0,0.0,0.0,0.0,0.0,0.0
1305,17.21198202394,18.3304501699,18.3304501699,18.3304501699,20.8159349387,19.697466792740002,28.831623318080002,28.831623318080002,25.289807522540002,23.052871230620003,18.3304501699,20.8159349387,19.697466792740002,23.052871230620003,25.289807522540002,8.077825498600001,21.934403084659998,13.856577586060002,17.21198202394,0.0,9.19629364456,6.95935735264,16.09351387798,0.0
1306,6.95935735264,9.19629364456,9.19629364456,6.95935735264,6.95935735264,0.0,5.840889206680001,6.95935735264,0.0,4.72242106072,6.95935735264,5.840889206680001,0.0,0.0,0.0,0.0,3.3554044378800003,0.0,6.95935735264,3.3554044378800003,3.3554044378800003,8.077825498600001,3.3554044378800003,4.72242106072
1307,2.6926084995333337,4.266748853106667,3.0654312148533336,1.11846814596,0.0,0.0,1.11846814596,3.4382539301733335,1.5741403535733334,1.11846814596,3.8110766454933334,1.9469630688933337,3.5211034224666675,6.213711922000002,4.72242106072,5.095243776040001,3.5211034224666675,1.5741403535733334,0.0,3.3554044378800003,5.468066491360001,5.468066491360001,5.385216999066667,4.183899360813334
1308,5.840889206680001,9.19629364456,10.314761790520002,10.314761790520002,9.19629364456,8.077825498600001,5.840889206680001,8.077825498600001,13.856577586060002,8.077825498600001,5.840889206680001,10.314761790520002,9.19629364456,6.95935735264,4.72242106072,8.077825498600001,8.077825498600001,5.840889206680001,5.840889206680001,5.840889206680001,5.840889206680001,3.3554044378800003,3.3554044378800003,4.72242106072
1309,6.95935735264,3.3554044378800003,0.0,6.95935735264,3.3554044378800003,4.72242106072,8.077825498600001,8.077825498600001,3.3554044378800003,4.72242106072,10.314761790520002,3.3554044378800003,4.72242106072,10.314761790520002,9.19629364456,9.19629364456,8.077825498600001,10.314761790520002,5.840889206680001,9.19629364456,8.077825498600001,9.19629364456,11.43322993648,13.856577586060002
1310,12.7381094401,8.077825498600001,5.840889206680001,4.72242106072,5.840889206680001,3.3554044378800003,4.72242106072,4.72242106072,6.95935735264,3.3554044378800003,0.0,5.840889206680001,0.0,0.0,4.72242106072,0.0,0.0,0.0,4.72242106072,0.0,5.840889206680001,4.72242106072,0.0,0.0
1311,5.840889206680001,5.840889206680001,12.7381094401,17.21198202394,13.856577586060002,5.840889206680001,6.95935735264,10.314761790520002,9.19629364456,11.43322993648,12.7381094401,6.95935735264,10.314761790520002,0.0,4.72242106072,8.077825498600001,11.43322993648,9.19629364456,8.077825498600001,5.840889206680001,8.077825498600001,8.077825498600001,5.840889206680001,8.077825498600001
1312,4.9709695376,5.405929372140001,2.2576486649933334,4.577434449206668,5.323079879846667,4.9502571645266675,4.9709695376,5.426641745213334,6.917932606493333,4.2253241069600005,3.1068559610000004,6.172287175853334,4.204611733886667,4.2253241069600005,2.651183753386667,6.545109891173333,1.5327156074266668,4.1631869877400005,2.651183753386667,3.500391049393334,3.500391049393334,3.0447188417800004,3.500391049393334,7.684290410206668
1313,0.0,3.3554044378800003,4.72242106072,3.3554044378800003,3.3554044378800003,3.3554044378800003,3.3554044378800003,3.3554044378800003,0.0,0.0,0.0,5.840889206680001,0.0,0.0,3.3554044378800003,3.3554044378800003,4.72242106072,0.0,0.0,0.0,0.0,3.3554044378800003,0.0,0.0
1314,0.0,0.0,0.0,0.0,0.0,0.0,0.0,0.0,0.0,0.0,0.0,3.3554044378800003,0.0,5.840889206680001,0.0,0.0,0.0,0.0,0.0,0.0,3.3554044378800003,3.3554044378800003,4.72242106072,3.3554044378800003
1315,4.72242106072,3.3554044378800003,3.3554044378800003,4.72242106072,4.72242106072,0.0,0.0,0.0,3.3554044378800003,0.0,0.0,0.0,0.0,0.0,0.0,3.3554044378800003,8.077825498600001,5.840889206680001,5.840889206680001,0.0,5.840889206680001,4.72242106072,0.0,0.0
1316,4.72242106072,6.95935735264,6.95935735264,9.19629364456,8.077825498600001,8.077825498600001,8.077825498600001,4.72242106072,0.0,0.0,0.0,3.3554044378800003,3.3554044378800003,0.0,3.3554044378800003,5.840889206680001,0.0,0.0,3.3554044378800003,0.0,3.3554044378800003,3.3554044378800003,5.840889206680001,3.3554044378800003
1317,4.929544791453334,5.364504625993334,8.057113125526667,5.3852169990666665,6.876507860346667,8.88560804846,7.705002783280001,8.88560804846,8.51278533314,10.004076194420001,9.631253479100002,7.33218006796,7.249330575666666,5.012394283746667,3.0654312148533336,3.4382539301733335,4.556722076133334,3.8939261377866665,3.8939261377866665,3.0654312148533336,0.0,0.0,0.0,4.72242106072
1318,6.95935735264,5.840889206680001,4.72242106072,6.95935735264,5.840889206680001,6.95935735264,5.840889206680001,4.72242106072,3.3554044378800003,3.3554044378800003,3.3554044378800003,5.840889206680001,6.95935735264,4.72242106072,4.72242106072,4.72242106072,3.3554044378800003,3.3554044378800003,4.72242106072,4.72242106072,4.72242106072,6.95935735264,1.9469630688933337,5.840889206680001
1319,0.0,0.0,0.0,0.0,0.0,3.3554044378800003,0.0,3.3554044378800003,3.3554044378800003,0.0,0.0,3.3554044378800003,3.3554044378800003,0.0,0.0,0.0,0.0,0.0,0.0,0.0,0.0,0.0,0.0,0.0
1320,3.5211034224666675,3.1482807071466667,3.1482807071466667,1.11846814596,1.11846814596,1.5741403535733334,1.5741403535733334,2.3197857842133334,4.556722076133334,4.266748853106667,3.0654312148533336,1.5741403535733334,2.6926084995333337,4.639571568426668,4.266748853106667,5.840889206680001,5.468066491360001,7.33218006796,6.213711921999999,6.213711922000001,7.311467694886667,8.450648213920001,7.33218006796,7.33218006796
1321,6.95935735264,2.5683342610933337,0.0,1.4912908612800002,0.0,0.0,0.0,0.0,0.0,0.0,3.3554044378800003,2.9825817225600004,3.3554044378800003,0.0,0.0,3.3554044378800003,3.3554044378800003,0.0,0.0,0.0,11.43322993648,12.7381094401,13.856577586060002,12.7381094401
1322,5.840889206680001,4.72242106072,3.3554044378800003,3.3554044378800003,3.3554044378800003,0.0,0.0,0.0,0.0,0.0,0.0,0.0,0.0,0.0,0.0,0.0,0.0,0.0,9.19629364456,5.840889206680001,9.19629364456,10.314761790520002,9.19629364456,8.077825498600001
1323,9.19629364456,5.385216999066667,7.9949760063066675,5.840889206680001,6.130862429706667,4.266748853106667,3.8939261377866665,5.012394283746667,4.639571568426668,5.385216999066667,4.639571568426668,4.183899360813334,3.1482807071466667,4.860503547875556,3.244938448155556,3.1482807071466667,1.5741403535733334,1.5741403535733334,3.438253930173334,1.9469630688933337,3.4382539301733335,6.58653463732,1.9469630688933337,1.9469630688933333
1324,25.289807522540002,19.697466792740002,28.831623318080002,16.09351387798,14.975045732020002,20.8159349387,31.06855961,6.95935735264,12.7381094401,13.856577586060002,23.052871230620003,21.934403084659998,13.856577586060002,12.7381094401,16.09351387798,10.314761790520002,20.8159349387,29.950091464040003,21.934403084659998,24.17133937658,24.17133937658,21.934403084659998,19.697466792740002,19.697466792740002
1325,17.21198202394,12.7381094401,17.21198202394,19.697466792740002,20.8159349387,19.697466792740002,18.3304501699,14.975045732020002,13.856577586060002,17.21198202394,12.7381094401,9.19629364456,11.43322993648,10.314761790520002,14.975045732020002,12.7381094401,12.7381094401,10.314761790520002,11.43322993648,10.314761790520002,5.840889206680001,6.95935735264,9.19629364456,8.077825498600001
1326,8.077825498600001,11.43322993648,10.314761790520002,10.314761790520002,9.19629364456,8.077825498600001,12.7381094401,8.077825498600001,5.840889206680001,9.19629364456,8.077825498600001,5.840889206680001,9.19629364456,12.7381094401,8.077825498600001,9.19629364456,9.19629364456,8.077825498600001,10.314761790520002,11.43322993648,10.314761790520002,10.314761790520002,10.314761790520002,5.840889206680001
1327,12.7381094401,6.95935735264,10.314761790520002,11.43322993648,6.95935735264,9.19629364456,9.19629364456,4.72242106072,8.077825498600001,10.314761790520002,10.314761790520002,10.314761790520002,9.19629364456,8.077825498600001,6.95935735264,8.077825498600001,11.43322993648,8.077825498600001,9.19629364456,4.72242106072,3.3554044378800003,4.72242106072,6.95935735264,8.077825498600001
1328,10.314761790520002,13.856577586060002,11.43322993648,10.314761790520002,12.7381094401,13.856577586060002,14.975045732020002,14.975045732020002,17.21198202394,19.697466792740002,17.21198202394,13.856577586060002,14.975045732020002,14.975045732020002,14.975045732020002,18.3304501699,19.697466792740002,17.21198202394,17.21198202394,17.21198202394,17.21198202394,16.09351387798,14.975045732020002,11.43322993648
1329,8.077825498600001,0.0,5.840889206680001,4.72242106072,12.7381094401,5.840889206680001,4.72242106072,4.72242106072,5.840889206680001,5.840889206680001,3.3554044378800003,4.72242106072,0.0,4.72242106072,5.840889206680001,8.077825498600001,6.95935735264,6.95935735264,3.3554044378800003,6.95935735264,6.95935735264,4.72242106072,5.840889206680001,4.72242106072
1330,10.729009251986668,8.864895675386668,9.19629364456,10.74972162506,10.00407619442,13.0487950362,9.631253479100002,10.376898909740001,8.450648213920003,6.130862429706667,8.885608048460002,6.876507860346667,5.385216999066667,5.758039714386666,6.503685145026668,6.130862429706667,6.503685145026666,9.548403986806667,8.057113125526667,7.33218006796,8.13996261782,5.675190222093335,3.8939261377866665,6.9593573526400005
1331,8.077825498600001,8.077825498600001,6.95935735264,6.95935735264,8.077825498600001,8.077825498600001,6.95935735264,4.72242106072,5.840889206680001,0.0,5.840889206680001,4.72242106072,3.3554044378800003,5.840889206680001,8.077825498600001,4.72242106072,6.95935735264,0.0,4.72242106072,0.0,3.3554044378800003,0.0,0.0,0.0
1332,13.856577586060002,11.43322993648,13.856577586060002,12.7381094401,11.43322993648,11.43322993648,12.7381094401,11.43322993648,16.09351387798,9.19629364456,10.314761790520002,12.7381094401,10.314761790520002,8.077825498600001,9.19629364456,5.840889206680001,8.077825498600001,8.077825498600001,9.19629364456,6.95935735264,8.077825498600001,9.19629364456,0.0,0.0
1333,3.1897054532933335,3.7696518993466666,3.024006468706667,1.8641135766,3.2173219507244446,4.266748853106667,3.742035401915556,3.037814717422222,2.8721157328355553,2.2921692867822228,2.1678950483422224,4.2253241069600005,1.4498661151333334,2.1955115457733334,3.244938448155556,7.042206844933335,5.840889206680001,2.5683342610933337,1.6431815971511112,1.4498661151333334,1.6707980945822223,3.4382539301733335,1.8641135766,1.2427423844
1334,3.3554044378800003,3.3554044378800003,5.840889206680001,5.840889206680001,8.077825498600001,10.314761790520002,8.077825498600001,11.43322993648,11.43322993648,12.7381094401,8.077825498600001,8.077825498600001,6.95935735264,4.72242106072,3.3554044378800003,9.19629364456,6.95935735264,11.43322993648,9.19629364456,9.19629364456,11.43322993648,8.077825498600001,3.3554044378800003,5.840889206680001
1335,3.0654312148533336,4.639571568426668,5.012394283746667,2.6926084995333337,3.0654312148533336,2.6926084995333337,0.0,0.0,0.0,1.11846814596,0.0,1.11846814596,3.1482807071466667,3.8110766454933334,2.6926084995333337,4.929544791453334,4.639571568426668,5.09524377604,5.385216999066667,6.130862429706667,1.9469630688933337,6.213711921999999,0.0,0.0
1336,3.3554044378800003,3.3554044378800003,3.3554044378800003,0.0,0.0,0.0,0.0,3.3554044378800003,4.72242106072,0.0,3.3554044378800003,0.0,0.0,4.72242106072,4.72242106072,4.72242106072,5.840889206680001,0.0,0.0,3.3554044378800003,5.840889206680001,5.840889206680001,6.95935735264,3.3554044378800003
1337,12.7381094401,9.19629364456,14.975045732020002,10.314761790520002,8.077825498600001,9.19629364456,5.840889206680001,4.72242106072,5.840889206680001,9.19629364456,5.840889206680001,3.3554044378800003,5.840889206680001,3.3554044378800003,0.0,0.0,0.0,3.3554044378800003,0.0,3.3554044378800003,4.72242106072,0.0,4.72242106072,0.0
1338,0.0,3.3554044378800003,0.0,0.0,0.0,0.0,0.0,3.3554044378800003,0.0,3.3554044378800003,0.0,3.3554044378800003,6.95935735264,0.0,0.0,3.3554044378800003,4.72242106072,0.0,0.0,0.0,0.0,0.0,0.0,0.0
1339,3.3554044378800003,6.95935735264,6.95935735264,3.3554044378800003,5.840889206680001,4.72242106072,3.3554044378800003,5.840889206680001,0.0,3.3554044378800003,0.0,3.3554044378800003,0.0,3.3554044378800003,3.3554044378800003,3.3554044378800003,3.3554044378800003,3.3554044378800003,3.3554044378800003,4.72242106072,3.3554044378800003,3.3554044378800003,4.72242106072,0.0
1340,10.729009251986668,8.864895675386668,9.19629364456,10.74972162506,10.00407619442,13.0487950362,9.631253479100002,10.376898909740001,8.450648213920003,6.130862429706667,8.885608048460002,6.876507860346667,5.385216999066667,5.758039714386666,6.503685145026668,6.130862429706667,6.503685145026666,9.548403986806667,8.057113125526667,7.33218006796,8.13996261782,5.675190222093335,3.8939261377866665,6.9593573526400005
1341,6.95935735264,4.72242106072,5.840889206680001,5.840889206680001,0.0,3.3554044378800003,0.0,0.0,0.0,0.0,0.0,0.0,0.0,0.0,0.0,3.3554044378800003,4.72242106072,3.3554044378800003,0.0,0.0,4.72242106072,3.3554044378800003,3.3554044378800003,0.0
1342,10.749721625060003,10.687584505840002,12.675972320880001,14.975045732020002,12.98665791698,14.602223016700002,13.794440466840001,14.540085897480003,14.9129086128,13.0487950362,9.941939075199999,12.303149605560002,12.303149605560002,14.6022230167,14.975045732020002,14.560798270553335,15.720691162660001,15.34786844734,18.413299662193335,16.83915930862,16.09351387798,15.34786844734,13.048795036200003,11.122544340380001
1343,4.72242106072,4.72242106072,4.72242106072,7.684290410206668,0.0,3.3554044378800003,0.0,6.95935735264,3.3554044378800003,6.95935735264,0.0,6.95935735264,3.3554044378800003,0.0,4.72242106072,0.0,0.0,0.0,0.0,3.3554044378800003,0.0,0.0,0.0,0.0
1344,5.840889206680001,0.0,3.3554044378800003,4.72242106072,3.3554044378800003,4.72242106072,8.077825498600001,6.95935735264,4.72242106072,5.840889206680001,4.72242106072,4.72242106072,5.840889206680001,6.95935735264,3.3554044378800003,6.95935735264,10.314761790520002,9.19629364456,10.314761790520002,9.19629364456,9.19629364456,6.95935735264,5.840889206680001,5.840889206680001
1345,9.19629364456,9.19629364456,9.19629364456,11.43322993648,8.077825498600001,9.19629364456,5.840889206680001,9.19629364456,13.856577586060002,9.19629364456,9.19629364456,9.19629364456,4.72242106072,8.077825498600001,5.840889206680001,8.077825498600001,10.314761790520002,6.95935735264,9.19629364456,4.72242106072,6.95935735264,5.840889206680001,3.3554044378800003,3.3554044378800003
1346,1.11846814596,0.0,0.0,1.9469630688933337,3.0654312148533336,2.3197857842133334,2.6926084995333337,3.8110766454933334,3.811076645493334,2.6926084995333337,3.1482807071466667,1.5741403535733334,1.11846814596,2.6926084995333337,1.5741403535733334,3.0654312148533336,3.5211034224666675,1.11846814596,1.11846814596,3.4382539301733335,4.639571568426668,4.639571568426668,3.811076645493334,0.0
1347,3.3554044378800003,3.3554044378800003,0.0,3.3554044378800003,4.72242106072,0.0,0.0,0.0,0.0,0.0,0.0,0.0,0.0,0.0,4.72242106072,3.3554044378800003,3.3554044378800003,4.72242106072,6.95935735264,3.3554044378800003,6.95935735264,4.72242106072,4.72242106072,4.72242106072
1348,0.0,4.72242106072,0.0,0.0,0.0,3.3554044378800003,0.0,4.72242106072,5.840889206680001,3.3554044378800003,0.0,0.0,9.19629364456,0.0,0.0,3.3554044378800003,0.0,0.0,4.72242106072,5.840889206680001,5.840889206680001,0.0,5.840889206680001,11.43322993648
1349,10.811858744280002,8.45064821392,10.004076194420001,11.184681459600002,14.16726318216,13.421617751520001,14.622935389773334,16.549186085593334,12.61383520166,14.16726318216,9.19629364456,9.19629364456,8.077825498600001,9.19629364456,5.840889206680001,6.95935735264,9.19629364456,11.43322993648,11.43322993648,11.43322993648,10.811858744280002,10.314761790520002,6.95935735264,6.95935735264
1350,3.3554044378800003,5.840889206680001,6.95935735264,6.95935735264,11.43322993648,0.0,13.856577586060002,12.7381094401,0.0,0.0,11.43322993648,6.95935735264,8.077825498600001,8.077825498600001,6.95935735264,10.314761790520002,12.7381094401,9.19629364456,3.3554044378800003,13.856577586060002,16.09351387798,11.43322993648,10.314761790520002,4.72242106072
1351,6.634863507824446,6.262040792504446,9.38270500222,4.929544791453334,19.483438937648888,6.952453228282224,10.804954619922222,9.91432257776889,8.94774516768,7.304563570528889,12.627643450375556,13.58731673610667,9.486266867586666,21.47873087704667,18.868971869806668,7.490974928188891,12.316957854275556,14.436524032113335,11.226106205746667,12.033888755606668,8.595634825433335,8.89251217281778,3.210417826366667,11.19158558395778
1352,8.077825498600001,4.72242106072,3.3554044378800003,9.19629364456,6.95935735264,4.72242106072,5.840889206680001,0.0,0.0,0.0,4.72242106072,3.3554044378800003,0.0,6.95935735264,6.95935735264,5.840889206680001,5.840889206680001,4.72242106072,4.72242106072,4.72242106072,3.3554044378800003,3.3554044378800003,3.3554044378800003,4.72242106072
1353,9.25843076378,10.74972162506,11.122544340380001,9.19629364456,8.45064821392,8.82347092924,8.45064821392,6.213711922000001,7.33218006796,7.33218006796,8.0778254986,6.9593573526400005,7.33218006796,5.012394283746667,5.468066491360001,6.9593573526400005,8.45064821392,8.82347092924,6.58653463732,5.012394283746667,5.468066491360001,5.468066491360001,5.012394283746667,4.639571568426668
1354,5.840889206680001,4.72242106072,6.95935735264,5.840889206680001,5.840889206680001,3.3554044378800003,4.72242106072,4.72242106072,4.72242106072,5.840889206680001,3.3554044378800003,3.3554044378800003,3.3554044378800003,4.72242106072,3.3554044378800003,5.840889206680001,3.3554044378800003,5.840889206680001,3.3554044378800003,3.3554044378800003,5.840889206680001,0.0,4.72242106072,6.95935735264
1355,3.3554044378800003,3.3554044378800003,4.72242106072,3.3554044378800003,5.840889206680001,8.077825498600001,6.95935735264,5.840889206680001,5.840889206680001,4.72242106072,3.3554044378800003,4.72242106072,10.314761790520002,9.19629364456,11.43322993648,12.7381094401,9.19629364456,11.43322993648,11.43322993648,11.43322993648,13.856577586060002,13.856577586060002,14.975045732020002,10.314761790520002
1356,4.72242106072,0.0,8.077825498600001,6.95935735264,6.95935735264,4.72242106072,0.0,0.0,5.840889206680001,0.0,0.0,0.0,0.0,0.0,0.0,0.0,0.0,0.0,0.0,4.72242106072,6.95935735264,5.840889206680001,4.72242106072,0.0
1357,13.856577586060002,17.21198202394,3.3554044378800003,14.975045732020002,11.43322993648,19.697466792740002,17.21198202394,28.831623318080002,34.42396404788,31.06855961,26.4082756685,19.697466792740002,14.975045732020002,10.314761790520002,8.077825498600001,6.95935735264,16.09351387798,20.8159349387,25.289807522540002,25.289807522540002,24.17133937658,25.289807522540002,27.713155172120004,20.8159349387
1358,14.975045732020002,10.314761790520002,5.840889206680001,5.840889206680001,4.72242106072,5.840889206680001,5.840889206680001,4.72242106072,3.3554044378800003,6.95935735264,5.840889206680001,5.840889206680001,8.077825498600001,5.840889206680001,3.3554044378800003,5.840889206680001,10.314761790520002,8.077825498600001,10.314761790520002,9.19629364456,6.95935735264,5.840889206680001,5.840889206680001,1.11846814596
1359,16.09351387798,14.975045732020002,16.09351387798,14.975045732020002,19.697466792740002,31.06855961,24.17133937658,14.975045732020002,19.697466792740002,12.7381094401,10.314761790520002,5.840889206680001,9.19629364456,19.697466792740002,20.8159349387,19.697466792740002,20.8159349387,23.052871230620003,20.8159349387,21.934403084659998,28.831623318080002,24.17133937658,25.289807522540002,24.17133937658
1360,0.0,4.72242106072,6.95935735264,4.72242106072,9.19629364456,6.95935735264,12.7381094401,8.077825498600001,10.314761790520002,11.43322993648,12.7381094401,11.43322993648,11.43322993648,11.43322993648,10.314761790520002,10.314761790520002,13.856577586060002,14.975045732020002,13.856577586060002,13.856577586060002,19.697466792740002,17.21198202394,13.856577586060002,10.314761790520002
1361,7.705002783280001,0.0,1.11846814596,0.0,0.0,3.1482807071466667,0.0,1.11846814596,0.0,1.11846814596,0.0,0.0,0.0,0.0,0.0,1.11846814596,1.5741403535733334,2.23693629192,0.0,5.0123942837466675,7.33218006796,6.9593573526400005,5.012394283746667,6.213711921999999
1362,0.0,2.471676520084445,0.0,2.0988538047644445,0.0,0.0,0.0,3.3554044378800003,0.0,0.0,3.3554044378800003,3.3554044378800003,5.343792252920001,0.5247134511911111,4.4600643351244456,4.114858117235556,0.0,0.0,3.3554044378800003,0.0,0.0,0.0,0.0,0.0
1363,0.0,0.0,0.0,0.0,0.0,0.0,0.0,0.0,0.0,0.0,0.0,0.0,0.0,0.0,0.0,0.0,0.0,0.0,0.0,0.0,0.0,0.0,0.0,0.0
1364,3.3554044378800003,8.077825498600001,10.314761790520002,11.43322993648,13.856577586060002,14.975045732020002,13.856577586060002,16.09351387798,18.3304501699,12.7381094401,17.21198202394,13.856577586060002,8.077825498600001,10.314761790520002,10.314761790520002,13.856577586060002,11.43322993648,11.43322993648,12.7381094401,18.3304501699,12.7381094401,19.697466792740002,11.43322993648,11.43322993648
1365,0.0,0.0,0.0,0.0,0.0,0.0,0.0,0.0,0.0,0.0,0.0,0.0,3.3554044378800003,0.0,0.0,0.0,0.0,0.0,0.0,0.0,0.0,0.0,0.0,0.0
1366,4.72242106072,4.72242106072,4.72242106072,8.077825498600001,6.95935735264,8.077825498600001,9.19629364456,8.077825498600001,9.19629364456,8.077825498600001,10.314761790520002,6.95935735264,8.077825498600001,9.19629364456,9.19629364456,10.314761790520002,13.856577586060002,12.7381094401,11.43322993648,14.975045732020002,9.19629364456,9.19629364456,11.43322993648,10.314761790520002
1367,5.84088920668,5.840889206680001,8.450648213920001,5.758039714386666,8.82347092924,7.705002783280001,9.19629364456,9.56911635988,9.19629364456,8.45064821392,9.25843076378,10.00407619442,12.675972320880001,12.675972320880001,10.74972162506,13.110932155420002,16.4663365933,16.09351387798,17.957627454580003,18.040476946873337,18.04047694687333,18.786122377513333,15.368580820413335,14.229400301380002
1368,0.0,4.72242106072,3.3554044378800003,3.3554044378800003,3.3554044378800003,0.0,4.72242106072,4.72242106072,3.3554044378800003,0.0,0.0,0.0,0.0,3.3554044378800003,3.3554044378800003,0.0,0.0,3.3554044378800003,4.72242106072,0.0,3.3554044378800003,0.0,0.0,0.0
1369,9.19629364456,10.314761790520002,11.43322993648,11.43322993648,3.3554044378800003,3.3554044378800003,0.0,0.0,9.19629364456,0.0,0.0,0.0,0.0,3.3554044378800003,0.0,4.72242106072,0.0,0.0,0.0,0.0,0.0,0.0,0.0,0.0
1370,5.840889206680001,4.72242106072,5.840889206680001,3.3554044378800003,3.3554044378800003,3.3554044378800003,5.840889206680001,3.3554044378800003,3.3554044378800003,0.0,3.3554044378800003,5.840889206680001,5.840889206680001,5.840889206680001,3.3554044378800003,6.95935735264,4.72242106072,5.840889206680001,4.72242106072,5.840889206680001,0.0,3.3554044378800003,6.95935735264,3.3554044378800003
1371,16.09351387798,18.3304501699,16.09351387798,17.21198202394,13.856577586060002,13.856577586060002,20.8159349387,20.8159349387,14.975045732020002,14.975045732020002,19.697466792740002,13.856577586060002,9.19629364456,10.314761790520002,17.21198202394,13.856577586060002,13.856577586060002,19.697466792740002,14.975045732020002,13.856577586060002,16.09351387798,12.7381094401,12.7381094401,13.856577586060002
1372,3.3554044378800003,0.0,3.3554044378800003,5.840889206680001,11.43322993648,10.314761790520002,12.7381094401,10.314761790520002,12.7381094401,8.077825498600001,10.314761790520002,9.19629364456,12.7381094401,9.19629364456,10.314761790520002,9.19629364456,12.7381094401,10.314761790520002,12.7381094401,12.7381094401,9.19629364456,14.975045732020002,8.077825498600001,8.077825498600001
1373,0.0,0.0,0.0,0.0,0.0,0.0,0.0,0.0,0.0,0.0,0.0,0.0,0.0,5.840889206680001,3.3554044378800003,5.840889206680001,5.840889206680001,4.72242106072,4.72242106072,0.0,4.72242106072,0.0,3.3554044378800003,0.0
1374,13.0487950362,13.0487950362,11.43322993648,11.43322993648,11.43322993648,10.314761790520002,11.43322993648,9.19629364456,9.19629364456,10.314761790520002,9.19629364456,10.314761790520002,11.43322993648,6.95935735264,8.077825498600001,5.840889206680001,7.70500278328,10.314761790520002,10.314761790520002,6.95935735264,5.840889206680001,6.95935735264,7.33218006796,6.95935735264
1375,10.708296878913336,7.4564543064,9.25843076378,8.0778254986,6.9593573526400005,5.385216999066667,4.266748853106667,5.385216999066667,5.012394283746667,4.266748853106667,6.130862429706667,6.876507860346668,4.183899360813334,2.6926084995333337,1.11846814596,2.23693629192,1.11846814596,1.11846814596,0.0,0.0,1.5741403535733334,1.5741403535733334,0.0,1.11846814596
1376,3.3554044378800003,0.0,3.3554044378800003,3.3554044378800003,3.3554044378800003,0.0,4.72242106072,0.0,0.0,0.0,0.0,0.0,0.0,0.0,0.0,0.0,0.0,0.0,0.0,0.0,4.72242106072,0.0,0.0,0.0
1377,4.72242106072,4.72242106072,5.840889206680001,5.840889206680001,3.3554044378800003,3.3554044378800003,3.3554044378800003,3.3554044378800003,5.840889206680001,5.840889206680001,9.19629364456,10.314761790520002,9.19629364456,9.19629364456,6.95935735264,12.7381094401,6.95935735264,9.19629364456,5.385216999066667,8.077825498600001,10.314761790520002,10.314761790520002,8.077825498600001,17.21198202394
1378,0.0,2.6926084995333337,3.8939261377866665,3.4382539301733335,0.0,1.11846814596,1.5741403535733334,0.0,1.11846814596,0.0,0.0,1.11846814596,0.0,1.5741403535733334,0.0,6.58653463732,6.213711922000001,6.9593573526400005,7.33218006796,6.586534637320001,3.1482807071466667,5.012394283746667,2.6926084995333337,2.6926084995333337
1379,7.705002783280001,8.88560804846,9.25843076378,8.0778254986,9.19629364456,11.55750417492,9.19629364456,10.749721625060003,9.631253479100002,9.25843076378,8.88560804846,5.758039714386666,8.0778254986,5.012394283746667,3.5211034224666675,3.8939261377866665,5.675190222093335,5.84088920668,4.266748853106667,4.183899360813334,4.639571568426668,3.1482807071466667,4.183899360813334,5.012394283746667
1380,6.95935735264,8.077825498600001,10.314761790520002,9.19629364456,6.95935735264,8.077825498600001,10.314761790520002,9.19629364456,11.43322993648,13.856577586060002,10.314761790520002,12.7381094401,9.19629364456,9.19629364456,10.314761790520002,17.21198202394,17.21198202394,17.21198202394,14.975045732020002,17.21198202394,11.43322993648,16.09351387798,10.314761790520002,8.077825498600001
1381,17.21198202394,13.131644528493334,14.975045732020002,14.975045732020002,14.975045732020002,16.09351387798,14.975045732020002,11.43322993648,10.314761790520002,13.856577586060002,14.975045732020002,17.21198202394,24.17133937658,21.934403084659998,16.09351387798,17.21198202394,10.314761790520002,10.314761790520002,13.856577586060002,19.697466792740002,13.856577586060002,14.975045732020002,18.3304501699,20.8159349387
1382,11.43322993648,11.43322993648,8.077825498600001,8.077825498600001,8.077825498600001,9.19629364456,4.72242106072,0.0,0.0,4.72242106072,5.840889206680001,4.72242106072,0.0,4.72242106072,4.72242106072,3.3554044378800003,0.0,0.0,5.840889206680001,4.72242106072,6.95935735264,0.0,0.0,0.0
1383,5.840889206680001,4.72242106072,10.314761790520002,8.077825498600001,11.43322993648,9.19629364456,11.43322993648,9.19629364456,10.314761790520002,8.077825498600001,12.7381094401,12.7381094401,13.856577586060002,13.856577586060002,10.314761790520002,13.856577586060002,18.3304501699,17.21198202394,18.3304501699,20.8159349387,20.8159349387,21.934403084659998,19.697466792740002,14.975045732020002
1384,0.0,0.0,0.0,0.0,0.0,0.0,0.0,0.0,0.0,3.3554044378800003,5.840889206680001,3.3554044378800003,0.0,3.3554044378800003,3.3554044378800003,5.840889206680001,0.0,3.3554044378800003,0.0,4.72242106072,0.0,0.0,0.0,0.0
1385,0.0,0.0,0.0,0.0,0.0,0.0,0.0,0.0,4.72242106072,0.0,0.0,0.0,0.0,0.0,0.0,0.0,0.0,0.0,3.3554044378800003,5.840889206680001,0.0,0.0,0.0,0.0
1386,3.3554044378800003,3.3554044378800003,5.840889206680001,6.95935735264,4.72242106072,5.840889206680001,5.840889206680001,4.72242106072,5.840889206680001,5.840889206680001,5.840889206680001,5.840889206680001,0.0,0.0,3.3554044378800003,5.840889206680001,6.95935735264,8.077825498600001,8.077825498600001,4.72242106072,8.077825498600001,9.19629364456,5.840889206680001,3.3554044378800003
1387,0.0,0.0,0.0,0.0,0.0,0.0,3.3554044378800003,4.72242106072,0.0,0.0,0.0,0.0,4.72242106072,4.72242106072,3.3554044378800003,0.0,0.0,0.0,0.0,0.0,0.0,3.3554044378800003,0.0,0.0
1388,8.077825498600001,5.840889206680001,5.840889206680001,5.840889206680001,3.3554044378800003,0.0,0.0,0.0,0.0,3.3554044378800003,0.0,3.3554044378800003,0.0,0.0,0.0,3.3554044378800003,4.72242106072,0.0,0.0,5.840889206680001,0.0,4.72242106072,3.3554044378800003,0.0
1389,0.0,0.0,0.0,0.0,0.0,0.0,0.0,0.0,0.0,0.0,5.840889206680001,5.840889206680001,5.840889206680001,0.0,4.72242106072,0.0,0.0,3.3554044378800003,0.0,0.0,0.0,0.0,0.0,0.0
1390,3.3554044378800003,4.72242106072,5.840889206680001,3.3554044378800003,0.0,4.72242106072,9.19629364456,13.856577586060002,9.19629364456,4.72242106072,4.72242106072,4.72242106072,4.72242106072,3.3554044378800003,4.72242106072,5.840889206680001,6.95935735264,8.077825498600001,8.077825498600001,8.077825498600001,9.19629364456,0.0,0.0,0.0
1391,4.266748853106667,3.0654312148533336,4.266748853106667,5.012394283746667,5.758039714386666,5.012394283746667,6.130862429706667,8.077825498600001,7.249330575666668,8.057113125526667,6.938644979566668,8.367798721626668,7.622153290986667,8.429935840846667,8.885608048460002,11.495367055700001,11.122544340380001,13.0487950362,14.6022230167,13.794440466840001,15.28573132812,13.0487950362,11.930326890240002,10.376898909740001
1392,6.58653463732,7.33218006796,5.840889206680001,5.468066491360001,5.468066491360001,2.6926084995333337,2.6926084995333337,4.266748853106667,1.9469630688933337,1.9469630688933337,1.5741403535733334,1.5741403535733334,1.5741403535733334,0.0,1.5741403535733334,0.0,0.0,0.0,1.5741403535733334,1.11846814596,1.9469630688933337,1.11846814596,2.6926084995333337,1.11846814596
1393,3.3554044378800003,3.3554044378800003,0.0,0.0,0.0,0.0,0.0,0.0,0.0,0.0,0.0,0.0,3.3554044378800003,4.72242106072,4.72242106072,5.840889206680001,5.840889206680001,6.95935735264,6.95935735264,6.95935735264,6.95935735264,6.95935735264,8.077825498600001,10.314761790520002
1394,3.990583878795556,3.244938448155556,4.639571568426667,3.8939261377866665,5.012394283746667,4.84669529916,5.5923407298,4.487680832555556,3.5211034224666675,4.156282863382223,2.23693629192,4.266748853106667,3.0654312148533336,3.8939261377866665,2.9687734738444447,3.742035401915556,3.590144666044445,3.493486925035556,2.0988538047644445,2.23693629192,1.5741403535733334,0.8975361665111112,0.6489876896311112,3.838693142924445
1395,9.19629364456,9.19629364456,9.19629364456,6.95935735264,6.95935735264,9.19629364456,6.95935735264,4.72242106072,4.72242106072,4.72242106072,8.077825498600001,5.840889206680001,4.72242106072,0.0,3.3554044378800003,0.0,0.0,0.0,0.0,4.72242106072,3.3554044378800003,0.0,3.3554044378800003,6.95935735264
1396,4.639571568426667,5.468066491360001,5.385216999066667,3.5211034224666675,4.556722076133333,3.5211034224666675,3.5211034224666675,2.3197857842133334,2.6926084995333337,3.4382539301733335,2.3197857842133334,3.0654312148533336,1.11846814596,2.6926084995333337,6.58653463732,9.56911635988,9.19629364456,9.56911635988,11.495367055700001,11.495367055700001,9.19629364456,11.122544340380003,10.74972162506,5.012394283746667
1397,5.840889206680001,6.95935735264,8.077825498600001,6.95935735264,5.840889206680001,5.840889206680001,4.72242106072,4.72242106072,4.72242106072,4.72242106072,4.72242106072,5.840889206680001,0.0,3.3554044378800003,0.0,0.0,0.0,0.0,0.0,3.3554044378800003,5.840889206680001,3.3554044378800003,0.0,5.840889206680001
1398,4.266748853106667,3.0654312148533336,3.811076645493334,4.266748853106667,2.23693629192,2.23693629192,3.4382539301733335,0.0,2.6926084995333337,2.23693629192,0.0,0.0,1.9469630688933337,1.11846814596,2.6926084995333337,1.11846814596,1.11846814596,2.6926084995333337,2.6926084995333337,0.0,3.8939261377866665,4.266748853106667,5.012394283746667,6.9593573526400005
1399,8.077825498600001,5.012394283746667,4.72242106072,5.840889206680001,5.840889206680001,4.72242106072,0.0,0.0,3.3554044378800003,0.0,5.840889206680001,4.72242106072,4.72242106072,3.3554044378800003,6.95935735264,5.840889206680001,3.3554044378800003,4.72242106072,3.3554044378800003,4.72242106072,5.840889206680001,3.3554044378800003,0.0,3.3554044378800003
1400,0.0,0.0,3.3554044378800003,0.0,3.3554044378800003,4.72242106072,3.3554044378800003,0.0,3.3554044378800003,4.72242106072,0.0,0.0,0.0,0.0,4.72242106072,0.0,9.19629364456,5.095243776040001,6.95935735264,6.95935735264,5.840889206680001,3.3554044378800003,4.72242106072,4.72242106072
1401,3.3554044378800003,4.72242106072,4.72242106072,5.840889206680001,3.3554044378800003,0.0,0.0,3.3554044378800003,0.0,4.72242106072,0.0,0.0,10.314761790520002,4.72242106072,5.840889206680001,0.0,0.0,0.0,0.0,0.0,4.72242106072,0.0,0.0,0.0
1402,11.122544340380001,9.56911635988,15.34786844734,14.975045732020002,11.86818977102,10.004076194420001,12.696684693953335,9.631253479100002,10.376898909740001,10.37689890974,11.86818977102,10.376898909740001,9.19629364456,11.122544340380001,9.631253479100002,13.0487950362,12.675972320880001,11.557504174920004,9.631253479100002,11.557504174920004,8.139962617820002,6.130862429706667,8.45064821392,6.9593573526400005
1403,20.8159349387,19.697466792740002,25.289807522540002,19.697466792740002,17.21198202394,18.3304501699,18.3304501699,18.3304501699,18.3304501699,24.17133937658,23.052871230620003,17.21198202394,24.17133937658,26.4082756685,25.289807522540002,31.06855961,31.06855961,32.18702775596,33.305495901920004,14.995758105093332,15.34786844734,25.289807522540002,17.605517112333334,18.43401203526667
1404,0.0,1.11846814596,0.0,1.11846814596,3.0654312148533336,1.9469630688933337,1.11846814596,1.9469630688933337,2.3197857842133334,1.5741403535733334,1.11846814596,3.0654312148533336,2.6926084995333337,3.5211034224666675,5.095243776040001,6.58653463732,2.23693629192,0.0,0.0,0.0,2.6926084995333337,5.012394283746667,4.183899360813334,6.58653463732
1405,2.6926084995333337,3.3554044378800003,5.840889206680001,6.95935735264,5.840889206680001,5.840889206680001,3.3554044378800003,3.3554044378800003,0.0,3.3554044378800003,3.3554044378800003,5.840889206680001,3.3554044378800003,4.72242106072,4.556722076133334,3.3554044378800003,5.840889206680001,0.0,3.3554044378800003,4.72242106072,5.840889206680001,3.3554044378800003,0.0,0.0
1406,8.077825498600001,9.19629364456,12.7381094401,14.975045732020002,14.975045732020002,11.43322993648,11.43322993648,11.43322993648,12.7381094401,10.314761790520002,11.43322993648,9.19629364456,10.314761790520002,10.314761790520002,9.19629364456,9.19629364456,13.856577586060002,12.7381094401,12.7381094401,11.43322993648,9.19629364456,16.09351387798,12.7381094401,9.19629364456
1407,13.0487950362,11.495367055700001,5.758039714386666,11.930326890240002,12.241012486340002,16.94272117398667,13.421617751519998,21.085195788653337,22.203663934613335,23.032158857546666,17.605517112333334,12.323861978633333,14.250112674453334,8.429935840846667,10.376898909740001,10.376898909740001,14.995758105093335,16.19707574334667,17.68836660462667,14.933620985873334,14.933620985873333,14.560798270553335,18.123326439166668,16.487048966373333
1408,7.70500278328,8.802758556166667,4.72242106072,7.767139902500001,4.183899360813334,1.11846814596,1.5741403535733334,1.11846814596,2.6926084995333337,2.6926084995333337,1.11846814596,1.11846814596,1.11846814596,3.0654312148533336,3.0654312148533336,5.840889206680001,4.72242106072,3.1482807071466667,3.5211034224666675,3.0654312148533336,2.6926084995333337,3.8939261377866665,3.8939261377866674,3.1482807071466667
1409,4.72242106072,5.840889206680001,5.840889206680001,5.840889206680001,0.0,0.0,4.72242106072,3.3554044378800003,4.72242106072,3.3554044378800003,0.0,5.840889206680001,5.840889206680001,4.72242106072,3.3554044378800003,5.840889206680001,5.840889206680001,5.840889206680001,6.95935735264,6.95935735264,9.19629364456,8.077825498600001,9.19629364456,12.7381094401
1410,3.3554044378800003,0.0,0.0,0.0,0.0,0.0,4.72242106072,0.0,0.0,3.3554044378800003,3.3554044378800003,3.3554044378800003,0.0,0.0,0.0,0.0,0.0,0.0,3.3554044378800003,0.0,0.0,0.0,0.0,0.0
1411,0.0,3.3554044378800003,5.840889206680001,6.95935735264,8.077825498600001,6.95935735264,8.077825498600001,13.856577586060002,16.09351387798,16.09351387798,17.21198202394,13.856577586060002,12.7381094401,9.19629364456,9.19629364456,10.314761790520002,11.43322993648,10.314761790520002,11.43322993648,10.314761790520002,11.43322993648,9.19629364456,9.19629364456,10.314761790520002
1412,10.314761790520002,10.314761790520002,12.7381094401,12.7381094401,11.43322993648,16.09351387798,13.856577586060002,16.09351387798,16.09351387798,11.43322993648,11.43322993648,12.7381094401,13.856577586060002,13.856577586060002,13.856577586060002,11.43322993648,16.09351387798,14.975045732020002,17.21198202394,17.21198202394,13.856577586060002,12.7381094401,13.856577586060002,6.95935735264
1413,11.43322993648,14.975045732020002,10.314761790520002,11.43322993648,14.975045732020002,13.856577586060002,12.7381094401,13.856577586060002,6.95935735264,5.840889206680001,5.840889206680001,9.19629364456,9.19629364456,11.43322993648,10.314761790520002,11.43322993648,9.19629364456,13.856577586060002,10.314761790520002,13.856577586060002,10.314761790520002,8.077825498600001,11.43322993648,11.43322993648
1414,6.95935735264,18.3304501699,8.077825498600001,6.95935735264,9.19629364456,10.314761790520002,23.052871230620003,25.289807522540002,24.17133937658,21.934403084659998,6.95935735264,9.19629364456,28.831623318080002,23.052871230620003,19.697466792740002,20.8159349387,14.975045732020002,27.713155172120004,24.17133937658,24.17133937658,18.3304501699,27.713155172120004,20.8159349387,16.09351387798
1415,0.0,0.0,0.0,0.0,0.0,0.0,3.3554044378800003,6.95935735264,0.0,0.0,4.72242106072,4.72242106072,0.0,0.0,0.0,0.0,0.0,4.72242106072,4.72242106072,3.3554044378800003,4.72242106072,0.0,0.0,0.0
1416,6.95935735264,4.72242106072,4.72242106072,5.840889206680001,6.95935735264,5.840889206680001,6.95935735264,9.19629364456,6.95935735264,9.19629364456,9.19629364456,8.077825498600001,9.19629364456,12.7381094401,11.43322993648,10.314761790520002,10.314761790520002,9.19629364456,16.09351387798,18.3304501699,16.09351387798,16.09351387798,11.43322993648,10.314761790520002
1417,17.21198202394,16.09351387798,18.3304501699,16.09351387798,14.975045732020002,12.7381094401,12.7381094401,12.7381094401,12.7381094401,10.314761790520002,9.19629364456,11.43322993648,8.077825498600001,9.19629364456,9.19629364456,10.314761790520002,9.19629364456,8.077825498600001,9.19629364456,9.19629364456,6.95935735264,5.840889206680001,8.077825498600001,3.3554044378800003
1418,3.3554044378800003,3.3554044378800003,0.0,3.3554044378800003,0.0,0.0,3.3554044378800003,0.0,5.840889206680001,0.0,0.0,0.0,0.0,0.0,0.0,0.0,4.72242106072,3.3554044378800003,4.72242106072,0.0,1.11846814596,0.0,0.0,3.3554044378800003
1419,3.3554044378800003,4.72242106072,0.0,0.0,3.3554044378800003,0.0,5.840889206680001,10.314761790520002,10.314761790520002,10.314761790520002,10.314761790520002,10.314761790520002,12.7381094401,8.077825498600001,8.077825498600001,10.314761790520002,14.975045732020002,19.697466792740002,11.43322993648,12.7381094401,14.975045732020002,13.856577586060002,10.314761790520002,5.840889206680001
1420,0.0,0.0,0.0,3.3554044378800003,3.3554044378800003,11.43322993648,11.43322993648,8.077825498600001,10.314761790520002,8.077825498600001,12.7381094401,6.95935735264,11.43322993648,5.840889206680001,10.314761790520002,9.19629364456,5.840889206680001,3.3554044378800003,4.72242106072,0.0,6.95935735264,5.840889206680001,3.3554044378800003,4.72242106072
1421,3.1482807071466667,4.183899360813334,2.6926084995333337,4.266748853106667,7.33218006796,5.758039714386666,5.758039714386666,5.0123942837466675,4.639571568426668,5.84088920668,3.811076645493334,4.266748853106667,4.72242106072,2.23693629192,0.0,2.6926084995333337,5.095243776040001,4.929544791453334,4.266748853106667,3.811076645493334,4.639571568426668,5.012394283746667,4.639571568426667,1.5741403535733334
1422,5.840889206680001,3.3554044378800003,5.840889206680001,4.72242106072,3.3554044378800003,0.0,0.0,0.0,0.0,0.0,4.72242106072,0.0,0.0,0.0,5.840889206680001,5.840889206680001,8.077825498600001,6.95935735264,0.0,6.95935735264,8.077825498600001,6.95935735264,5.840889206680001,6.95935735264
1423,5.840889206680001,6.95935735264,8.077825498600001,3.3554044378800003,4.72242106072,5.840889206680001,5.840889206680001,5.840889206680001,5.840889206680001,6.95935735264,4.72242106072,6.95935735264,8.077825498600001,8.077825498600001,6.95935735264,8.077825498600001,9.19629364456,9.19629364456,6.95935735264,10.314761790520002,9.19629364456,6.95935735264,4.72242106072,0.0
1424,9.19629364456,11.43322993648,11.43322993648,9.19629364456,12.7381094401,8.077825498600001,5.840889206680001,6.95935735264,8.077825498600001,6.95935735264,9.19629364456,4.72242106072,0.0,0.0,3.3554044378800003,0.0,4.72242106072,5.840889206680001,4.72242106072,5.840889206680001,6.95935735264,5.840889206680001,3.3554044378800003,0.0
1425,12.7381094401,13.856577586060002,18.3304501699,17.21198202394,16.09351387798,17.21198202394,16.09351387798,13.856577586060002,12.7381094401,13.856577586060002,11.43322993648,14.975045732020002,17.21198202394,14.975045732020002,18.3304501699,18.3304501699,18.3304501699,18.3304501699,16.09351387798,14.975045732020002,12.7381094401,14.975045732020002,10.314761790520002,12.7381094401
1426,9.19629364456,8.077825498600001,4.72242106072,4.72242106072,5.840889206680001,4.72242106072,8.077825498600001,8.077825498600001,6.95935735264,8.077825498600001,9.19629364456,8.077825498600001,6.95935735264,6.95935735264,9.19629364456,11.43322993648,8.077825498600001,11.43322993648,9.19629364456,11.43322993648,11.43322993648,10.314761790520002,5.840889206680001,6.95935735264
1427,3.3554044378800003,3.3554044378800003,0.0,0.0,0.0,3.3554044378800003,3.3554044378800003,3.3554044378800003,3.3554044378800003,0.0,0.0,3.3554044378800003,6.95935735264,4.72242106072,0.0,4.72242106072,0.0,0.0,5.840889206680001,0.0,0.0,0.0,0.0,0.0
1428,9.25843076378,6.9593573526400005,9.25843076378,9.19629364456,9.6312534791,11.495367055700001,11.86818977102,13.0487950362,14.622935389773337,8.45064821392,7.705002783280001,4.639571568426668,2.6926084995333337,2.6926084995333337,1.9469630688933337,6.9593573526400005,8.450648213920001,10.00407619442,9.9419390752,11.55750417492,11.122544340380001,9.19629364456,6.9593573526400005,5.012394283746667
1429,4.72242106072,4.72242106072,5.840889206680001,8.077825498600001,9.19629364456,13.856577586060002,10.314761790520002,12.7381094401,12.7381094401,9.19629364456,5.840889206680001,11.43322993648,13.856577586060002,13.856577586060002,16.09351387798,18.3304501699,17.21198202394,16.09351387798,13.856577586060002,13.856577586060002,11.43322993648,14.975045732020002,12.7381094401,12.7381094401
1430,18.3304501699,11.43322993648,10.314761790520002,8.077825498600001,9.19629364456,9.19629364456,5.840889206680001,0.0,8.077825498600001,8.077825498600001,3.3554044378800003,0.0,0.0,0.0,5.840889206680001,0.0,0.0,3.3554044378800003,0.0,4.72242106072,11.43322993648,13.856577586060002,20.8159349387,19.697466792740002
1431,3.3554044378800003,3.3554044378800003,0.0,0.0,3.3554044378800003,0.0,0.0,3.3554044378800003,4.72242106072,8.077825498600001,3.3554044378800003,5.840889206680001,5.840889206680001,3.3554044378800003,3.3554044378800003,0.0,0.0,4.72242106072,6.95935735264,3.3554044378800003,0.0,0.0,0.0,3.3554044378800003
1432,3.3554044378800003,3.3554044378800003,3.3554044378800003,0.0,0.0,0.0,0.0,0.0,0.0,0.0,3.3554044378800003,0.0,0.0,3.3554044378800003,0.0,0.0,3.3554044378800003,3.3554044378800003,3.3554044378800003,3.5211034224666675,3.3554044378800003,3.3554044378800003,3.3554044378800003,0.0
1433,4.72242106072,6.95935735264,9.19629364456,4.72242106072,5.840889206680001,8.077825498600001,6.95935735264,5.840889206680001,5.840889206680001,5.840889206680001,6.95935735264,8.077825498600001,6.95935735264,5.840889206680001,5.840889206680001,5.840889206680001,5.840889206680001,8.077825498600001,0.0,4.72242106072,11.43322993648,6.95935735264,16.09351387798,14.975045732020002
1434,7.58072854484,6.462260398880001,7.67738628584889,5.716614968239999,4.791462304297778,3.4382539301733335,2.7478414943955562,1.4912908612800002,1.11846814596,1.6431815971511112,2.2921692867822228,0.7456454306400001,2.789266240542222,1.4912908612800002,2.319785784213334,2.6097590072400005,2.872115732835556,4.819078801728889,3.120664209715556,3.4106374327422224,3.493486925035556,3.244938448155556,5.34379225292,3.962967381364445
1435,0.0,0.0,0.0,4.72242106072,5.840889206680001,0.0,4.72242106072,5.840889206680001,12.7381094401,8.077825498600001,5.840889206680001,11.43322993648,11.43322993648,11.43322993648,9.19629364456,4.72242106072,5.840889206680001,12.7381094401,4.72242106072,0.0,10.314761790520002,5.840889206680001,6.95935735264,13.856577586060002
1436,5.840889206680001,3.3554044378800003,0.0,6.95935735264,4.72242106072,5.840889206680001,5.840889206680001,6.95935735264,5.840889206680001,3.3554044378800003,4.72242106072,4.72242106072,0.0,5.840889206680001,5.840889206680001,5.840889206680001,3.3554044378800003,0.0,0.0,3.3554044378800003,4.72242106072,4.72242106072,8.077825498600001,6.95935735264
1437,5.840889206680001,0.0,0.0,0.0,0.0,0.0,3.3554044378800003,0.0,0.0,0.0,0.0,0.0,0.0,0.0,5.840889206680001,4.72242106072,8.077825498600001,6.95935735264,8.077825498600001,6.95935735264,8.077825498600001,9.19629364456,3.3554044378800003,3.3554044378800003
1438,9.19629364456,5.840889206680001,11.43322993648,5.840889206680001,10.314761790520002,9.19629364456,9.19629364456,8.077825498600001,9.19629364456,13.856577586060002,11.43322993648,6.95935735264,14.975045732020002,9.19629364456,5.840889206680001,11.43322993648,12.7381094401,13.856577586060002,16.09351387798,13.856577586060002,17.21198202394,13.856577586060002,11.43322993648,11.43322993648
1439,0.0,5.840889206680001,4.72242106072,8.077825498600001,3.3554044378800003,6.95935735264,4.72242106072,8.077825498600001,3.3554044378800003,6.95935735264,0.0,6.95935735264,0.0,6.95935735264,6.95935735264,0.0,5.840889206680001,3.3554044378800003,6.95935735264,8.077825498600001,6.95935735264,5.840889206680001,9.19629364456,4.72242106072
1440,6.95935735264,3.3554044378800003,3.3554044378800003,6.95935735264,4.72242106072,3.3554044378800003,3.3554044378800003,0.0,3.3554044378800003,0.0,4.72242106072,3.3554044378800003,0.0,0.0,4.72242106072,5.840889206680001,6.95935735264,8.077825498600001,8.077825498600001,9.19629364456,5.840889206680001,6.95935735264,5.840889206680001,4.72242106072
1441,8.077825498600001,9.19629364456,8.077825498600001,4.72242106072,9.19629364456,4.72242106072,0.0,8.077825498600001,3.3554044378800003,0.0,5.840889206680001,0.0,3.3554044378800003,4.72242106072,6.95935735264,3.3554044378800003,4.72242106072,3.3554044378800003,4.72242106072,5.840889206680001,5.840889206680001,3.3554044378800003,0.0,0.0
1442,0.0,3.3554044378800003,4.72242106072,3.3554044378800003,4.72242106072,10.314761790520002,10.314761790520002,10.314761790520002,12.7381094401,10.314761790520002,12.7381094401,9.19629364456,8.077825498600001,10.314761790520002,11.43322993648,9.19629364456,6.95935735264,9.19629364456,12.7381094401,11.43322993648,10.314761790520002,10.314761790520002,8.077825498600001,6.95935735264
1443,6.95935735264,3.3554044378800003,3.3554044378800003,0.0,0.0,0.0,0.0,0.0,0.0,0.0,0.0,0.0,0.0,0.0,0.0,4.72242106072,3.3554044378800003,6.95935735264,11.43322993648,12.7381094401,13.856577586060002,13.856577586060002,11.43322993648,11.43322993648
1444,0.0,0.0,0.0,0.0,0.0,0.0,0.0,3.3554044378800003,4.72242106072,0.0,4.72242106072,0.0,0.0,4.72242106072,0.0,0.0,4.72242106072,0.0,0.0,6.95935735264,4.72242106072,4.72242106072,4.72242106072,0.0
1445,9.19629364456,9.19629364456,10.314761790520002,8.077825498600001,8.077825498600001,5.840889206680001,8.077825498600001,5.840889206680001,4.72242106072,5.840889206680001,5.840889206680001,11.43322993648,5.840889206680001,11.43322993648,11.43322993648,10.314761790520002,0.0,0.0,1.9469630688933337,3.4796786763200003,4.72242106072,12.7381094401,12.7381094401,6.95935735264
1446,2.23693629192,6.213711922000001,6.9593573526400005,4.639571568426668,3.4382539301733335,3.5211034224666675,3.8939261377866674,2.6926084995333337,1.11846814596,0.0,1.11846814596,1.11846814596,2.23693629192,1.11846814596,0.0,1.11846814596,4.72242106072,4.639571568426667,4.639571568426668,5.840889206680001,6.586534637320001,6.58653463732,5.840889206680001,4.639571568426668
1447,17.21198202394,17.21198202394,20.8159349387,17.21198202394,17.21198202394,17.21198202394,16.09351387798,14.975045732020002,11.43322993648,8.077825498600001,8.077825498600001,12.7381094401,11.43322993648,12.7381094401,12.7381094401,11.43322993648,16.09351387798,14.975045732020002,14.975045732020002,11.43322993648,14.975045732020002,14.975045732020002,10.314761790520002,12.7381094401
1448,8.077825498600001,9.631253479100002,6.58653463732,1.11846814596,2.6926084995333337,1.11846814596,0.0,0.0,4.266748853106667,2.6926084995333337,0.0,0.0,0.0,0.0,2.23693629192,4.639571568426668,2.6926084995333337,3.0654312148533336,0.0,2.3197857842133334,1.9469630688933337,1.5741403535733334,1.5741403535733334,2.23693629192
1449,13.856577586060002,17.21198202394,16.09351387798,14.975045732020002,12.7381094401,16.09351387798,16.09351387798,14.975045732020002,10.314761790520002,8.077825498600001,9.19629364456,6.95935735264,8.077825498600001,8.077825498600001,4.72242106072,5.840889206680001,4.72242106072,3.3554044378800003,0.0,3.3554044378800003,5.840889206680001,4.72242106072,5.840889206680001,5.840889206680001
1450,9.19629364456,4.72242106072,5.840889206680001,3.3554044378800003,5.840889206680001,0.0,0.0,0.0,0.0,0.0,0.0,0.0,0.0,4.72242106072,4.72242106072,3.3554044378800003,5.840889206680001,5.840889206680001,5.840889206680001,4.72242106072,0.0,0.0,0.0,0.0
1451,4.72242106072,4.72242106072,0.0,3.3554044378800003,3.3554044378800003,4.72242106072,3.3554044378800003,4.72242106072,8.077825498600001,3.3554044378800003,4.72242106072,3.3554044378800003,3.3554044378800003,3.3554044378800003,3.3554044378800003,3.3554044378800003,4.72242106072,5.840889206680001,0.0,0.0,4.72242106072,3.3554044378800003,6.95935735264,3.3554044378800003
1452,3.3554044378800003,3.3554044378800003,5.840889206680001,5.840889206680001,6.95935735264,4.72242106072,6.95935735264,9.19629364456,11.43322993648,11.43322993648,11.43322993648,9.19629364456,10.314761790520002,10.314761790520002,11.43322993648,11.43322993648,12.7381094401,10.314761790520002,11.43322993648,11.43322993648,14.975045732020002,9.19629364456,10.314761790520002,10.314761790520002
1453,8.077825498600001,10.314761790520002,7.684290410206667,8.82347092924,8.077825498600001,5.840889206680001,9.19629364456,13.856577586060002,13.856577586060002,12.7381094401,13.856577586060002,14.975045732020002,10.314761790520002,9.19629364456,12.7381094401,9.19629364456,8.077825498600001,9.19629364456,8.077825498600001,6.95935735264,10.314761790520002,8.077825498600001,11.495367055700001,8.077825498600001
1454,9.19629364456,6.58653463732,4.72242106072,4.72242106072,5.840889206680001,4.72242106072,0.0,4.72242106072,5.840889206680001,5.840889206680001,4.72242106072,5.840889206680001,3.3554044378800003,3.3554044378800003,5.840889206680001,5.840889206680001,0.0,4.72242106072,0.0,4.72242106072,3.3554044378800003,0.0,5.840889206680001,0.0
1455,0.0,0.0,0.0,3.3554044378800003,5.840889206680001,0.0,3.3554044378800003,0.0,0.0,0.0,3.3554044378800003,3.3554044378800003,3.3554044378800003,3.3554044378800003,0.0,3.3554044378800003,0.0,4.72242106072,4.72242106072,3.3554044378800003,4.72242106072,0.0,4.72242106072,0.0
1456,5.840889206680001,5.840889206680001,0.0,0.0,0.0,4.72242106072,0.0,3.3554044378800003,0.0,0.0,0.0,0.0,0.0,0.0,0.0,0.0,4.72242106072,3.3554044378800003,0.0,5.840889206680001,4.72242106072,6.95935735264,3.3554044378800003,4.72242106072
1457,17.21198202394,18.3304501699,16.09351387798,19.697466792740002,17.21198202394,16.09351387798,14.975045732020002,10.314761790520002,10.314761790520002,9.19629364456,11.43322993648,10.314761790520002,6.95935735264,8.077825498600001,0.0,3.3554044378800003,0.0,0.0,0.0,3.3554044378800003,3.3554044378800003,0.0,0.0,5.840889206680001
1458,0.0,0.0,4.72242106072,5.840889206680001,5.840889206680001,0.0,4.72242106072,3.3554044378800003,3.3554044378800003,0.0,3.3554044378800003,0.0,0.0,0.0,3.3554044378800003,3.3554044378800003,4.72242106072,4.72242106072,0.0,4.72242106072,0.0,0.0,3.3554044378800003,0.0
1459,0.0,0.0,0.0,3.3554044378800003,0.0,3.3554044378800003,0.0,3.3554044378800003,3.3554044378800003,4.72242106072,0.0,0.0,3.3554044378800003,0.0,0.0,3.3554044378800003,0.0,0.0,4.72242106072,3.3554044378800003,4.72242106072,3.3554044378800003,8.077825498600001,5.840889206680001
1460,0.0,0.0,0.0,0.0,0.0,0.0,0.0,0.0,0.0,0.0,0.0,0.0,0.0,0.0,0.0,0.0,4.72242106072,4.72242106072,4.72242106072,4.72242106072,0.0,3.3554044378800003,4.72242106072,0.0
1461,11.495367055700001,9.9419390752,8.077825498600001,8.077825498600001,8.077825498600001,5.840889206680001,6.95935735264,4.72242106072,6.95935735264,6.95935735264,4.72242106072,6.95935735264,5.840889206680001,3.3554044378800003,0.0,3.3554044378800003,3.3554044378800003,0.0,3.3554044378800003,3.3554044378800003,5.840889206680001,0.0,3.3554044378800003,5.012394283746667
1462,12.7381094401,11.43322993648,12.7381094401,13.856577586060002,8.51278533314,16.114226251053335,12.323861978633333,19.697466792740002,11.951039263313334,13.421617751520001,11.43322993648,14.975045732020002,6.95935735264,8.077825498600001,13.856577586060002,5.840889206680001,0.0,11.43322993648,10.314761790520002,21.934403084659998,10.314761790520002,9.19629364456,13.856577586060002,18.786122377513333
1463,6.95935735264,5.840889206680001,4.72242106072,0.0,4.72242106072,3.3554044378800003,0.0,3.3554044378800003,0.0,0.0,0.0,0.0,0.0,0.0,11.43322993648,9.19629364456,12.7381094401,11.43322993648,10.314761790520002,11.43322993648,8.077825498600001,12.7381094401,12.7381094401,9.19629364456
1464,12.7381094401,10.314761790520002,12.7381094401,13.856577586060002,9.19629364456,12.7381094401,16.09351387798,13.856577586060002,13.856577586060002,12.7381094401,10.314761790520002,8.077825498600001,8.077825498600001,10.314761790520002,6.95935735264,9.19629364456,13.856577586060002,14.975045732020002,12.7381094401,14.975045732020002,13.856577586060002,12.7381094401,11.43322993648,6.95935735264
1465,1.11846814596,2.6926084995333337,3.8939261377866674,6.503685145026668,8.802758556166667,7.33218006796,5.012394283746667,5.468066491360001,5.012394283746667,2.6926084995333337,0.0,1.11846814596,1.5741403535733334,1.5741403535733334,0.0,1.11846814596,2.23693629192,2.23693629192,1.11846814596,2.23693629192,1.9469630688933337,3.1482807071466667,3.1482807071466667,1.11846814596
1466,4.72242106072,3.3554044378800003,4.72242106072,4.72242106072,0.0,0.0,0.0,0.0,0.0,0.0,0.0,0.0,0.0,0.0,0.0,4.72242106072,5.840889206680001,6.95935735264,4.72242106072,4.72242106072,5.840889206680001,5.840889206680001,0.0,3.3554044378800003
1467,4.72242106072,0.0,4.72242106072,3.3554044378800003,4.72242106072,0.0,0.0,0.0,0.0,0.0,4.72242106072,4.72242106072,0.0,0.0,4.72242106072,4.72242106072,3.3554044378800003,0.0,0.0,6.95935735264,4.72242106072,0.0,4.72242106072,4.72242106072
1468,1.11846814596,0.0,0.0,0.0,3.3554044378800003,0.0,0.0,0.0,3.3554044378800003,0.0,0.0,0.0,0.0,0.0,5.840889206680001,0.0,0.0,0.0,0.0,0.0,5.840889206680001,3.3554044378800003,0.0,4.72242106072
1469,0.0,0.0,0.0,0.0,0.0,0.0,0.0,0.0,0.0,0.0,0.0,0.0,3.3554044378800003,0.0,0.0,0.0,3.3554044378800003,3.3554044378800003,4.72242106072,0.0,3.3554044378800003,0.0,0.0,0.0
1470,6.95935735264,6.95935735264,5.840889206680001,3.3554044378800003,4.72242106072,3.3554044378800003,0.0,0.0,0.0,4.72242106072,0.0,0.0,3.3554044378800003,4.72242106072,3.3554044378800003,0.0,0.0,0.0,3.3554044378800003,3.3554044378800003,0.0,0.0,0.0,0.0
1471,3.3554044378800003,4.72242106072,3.3554044378800003,5.840889206680001,4.72242106072,6.95935735264,3.5211034224666675,5.840889206680001,5.840889206680001,5.840889206680001,0.0,3.3554044378800003,5.840889206680001,5.840889206680001,4.72242106072,5.840889206680001,5.840889206680001,8.077825498600001,8.077825498600001,8.077825498600001,5.840889206680001,8.077825498600001,5.840889206680001,3.3554044378800003
1472,6.95935735264,4.72242106072,6.95935735264,5.840889206680001,5.840889206680001,5.840889206680001,4.72242106072,5.840889206680001,4.72242106072,4.72242106072,3.3554044378800003,0.0,0.0,0.0,0.0,3.3554044378800003,3.3554044378800003,3.3554044378800003,3.3554044378800003,3.3554044378800003,5.840889206680001,6.95935735264,5.840889206680001,4.72242106072
1473,5.840889206680001,8.077825498600001,12.7381094401,10.314761790520002,11.43322993648,10.314761790520002,11.43322993648,8.077825498600001,11.43322993648,8.077825498600001,6.95935735264,9.19629364456,11.43322993648,9.19629364456,9.19629364456,16.09351387798,12.7381094401,16.09351387798,12.7381094401,23.052871230620003,20.8159349387,14.975045732020002,13.856577586060002,9.19629364456
1474,0.0,9.19629364456,13.856577586060002,6.95935735264,0.0,17.21198202394,16.09351387798,14.975045732020002,9.19629364456,5.840889206680001,4.72242106072,5.840889206680001,13.856577586060002,3.3554044378800003,8.077825498600001,11.43322993648,6.95935735264,8.077825498600001,6.95935735264,5.840889206680001,12.7381094401,14.975045732020002,0.0,13.856577586060002
1475,10.314761790520002,11.43322993648,11.43322993648,10.314761790520002,9.19629364456,11.43322993648,10.314761790520002,9.19629364456,9.19629364456,8.077825498600001,10.314761790520002,10.314761790520002,11.43322993648,11.43322993648,11.43322993648,8.077825498600001,4.72242106072,9.19629364456,10.314761790520002,12.7381094401,11.43322993648,14.975045732020002,18.3304501699,17.21198202394
1476,0.0,0.0,0.0,0.0,0.0,0.0,0.0,0.0,0.0,0.0,0.0,0.0,3.3554044378800003,3.3554044378800003,3.3554044378800003,4.72242106072,4.72242106072,5.840889206680001,5.840889206680001,8.077825498600001,8.077825498600001,6.95935735264,6.95935735264,4.72242106072
1477,2.6097590072400005,4.391023091546667,0.0,4.391023091546667,4.542913827417778,5.34379225292,4.308173599253334,4.736229309435555,4.556722076133334,4.7086128120044455,4.5843385735644455,2.8168827379733337,0.0,1.11846814596,1.5741403535733334,3.4796786763200003,0.0,2.595950758524445,4.114858117235556,4.183899360813333,1.4498661151333334,2.36121053036,1.2427423844,1.4912908612800002
1478,10.314761790520002,8.077825498600001,12.7381094401,16.09351387798,14.975045732020002,13.856577586060002,13.856577586060002,9.19629364456,9.19629364456,9.19629364456,10.314761790520002,10.314761790520002,9.19629364456,8.077825498600001,9.19629364456,6.95935735264,5.840889206680001,8.077825498600001,5.840889206680001,9.19629364456,9.19629364456,10.314761790520002,10.314761790520002,8.077825498600001
1479,6.95935735264,6.95935735264,6.95935735264,5.840889206680001,6.95935735264,5.840889206680001,5.840889206680001,6.95935735264,3.3554044378800003,0.0,4.72242106072,6.95935735264,4.72242106072,3.3554044378800003,0.0,3.3554044378800003,0.0,0.0,0.0,0.0,3.3554044378800003,0.0,4.72242106072,3.3554044378800003
1480,10.314761790520002,6.95935735264,11.43322993648,5.840889206680001,11.43322993648,8.077825498600001,10.314761790520002,12.7381094401,11.43322993648,10.314761790520002,9.19629364456,8.077825498600001,13.856577586060002,0.0,14.975045732020002,8.077825498600001,8.077825498600001,6.95935735264,3.3554044378800003,13.856577586060002,14.975045732020002,18.3304501699,21.934403084659998,19.697466792740002
1481,6.95935735264,5.840889206680001,8.077825498600001,6.95935735264,3.3554044378800003,0.0,0.0,0.0,0.0,3.3554044378800003,3.3554044378800003,0.0,0.0,0.0,3.3554044378800003,3.3554044378800003,0.0,4.72242106072,0.0,3.3554044378800003,3.3554044378800003,0.0,0.0,0.0
1482,0.0,0.0,6.586534637320001,7.33218006796,6.130862429706667,1.9469630688933337,6.9593573526400005,5.012394283746667,1.5741403535733334,5.758039714386666,5.012394283746667,5.84088920668,3.811076645493334,3.0654312148533336,1.11846814596,3.1482807071466667,3.3554044378800003,6.95935735264,3.3554044378800003,4.183899360813334,3.3554044378800003,3.3554044378800003,0.0,0.0
1483,0.0,0.0,0.0,0.0,5.840889206680001,6.95935735264,1.11846814596,4.72242106072,0.0,0.0,0.0,0.0,0.0,4.72242106072,3.3554044378800003,0.0,0.0,0.0,3.3554044378800003,3.3554044378800003,5.840889206680001,3.3554044378800003,3.3554044378800003,0.0
1484,6.95935735264,3.3554044378800003,6.95935735264,6.95935735264,9.19629364456,9.19629364456,10.314761790520002,8.077825498600001,9.19629364456,10.314761790520002,5.840889206680001,3.3554044378800003,0.0,3.3554044378800003,4.72242106072,6.95935735264,10.314761790520002,8.077825498600001,10.314761790520002,10.314761790520002,11.43322993648,9.19629364456,6.95935735264,4.72242106072
1485,21.934403084659998,28.831623318080002,41.383321400519996,21.934403084659998,26.4082756685,19.697466792740002,21.934403084659998,12.7381094401,27.713155172120004,28.831623318080002,17.21198202394,12.7381094401,14.975045732020002,6.95935735264,12.7381094401,14.975045732020002,11.43322993648,12.7381094401,21.934403084659998,12.7381094401,31.06855961,21.934403084659998,10.314761790520002,13.856577586060002
1486,0.0,0.0,0.0,0.0,0.0,0.0,0.0,0.0,0.0,0.0,0.0,0.0,0.0,4.72242106072,0.0,4.72242106072,0.0,3.3554044378800003,0.0,0.0,3.3554044378800003,0.0,0.0,0.0
1487,11.43322993648,10.314761790520002,5.840889206680001,6.95935735264,10.314761790520002,10.314761790520002,11.43322993648,12.7381094401,12.7381094401,11.43322993648,12.7381094401,13.856577586060002,11.43322993648,14.975045732020002,17.21198202394,17.21198202394,18.3304501699,18.3304501699,16.09351387798,16.09351387798,14.975045732020002,18.3304501699,13.856577586060002,11.43322993648
1488,13.856577586060002,8.077825498600001,12.7381094401,10.314761790520002,12.7381094401,14.975045732020002,13.856577586060002,16.09351387798,19.697466792740002,11.43322993648,8.077825498600001,5.840889206680001,4.72242106072,4.72242106072,0.0,6.95935735264,10.314761790520002,12.7381094401,11.43322993648,12.7381094401,12.7381094401,8.077825498600001,8.077825498600001,5.840889206680001
1489,5.840889206680001,6.95935735264,5.840889206680001,6.95935735264,9.19629364456,8.077825498600001,6.95935735264,6.95935735264,5.840889206680001,5.840889206680001,3.3554044378800003,6.95935735264,0.0,3.3554044378800003,3.3554044378800003,4.72242106072,3.3554044378800003,4.72242106072,4.72242106072,4.72242106072,0.0,0.0,0.0,0.0
1490,12.7381094401,14.975045732020002,12.7381094401,12.7381094401,13.856577586060002,13.856577586060002,10.314761790520002,14.975045732020002,11.43322993648,8.077825498600001,11.43322993648,10.314761790520002,10.314761790520002,10.314761790520002,11.43322993648,9.19629364456,9.19629364456,12.7381094401,9.19629364456,4.72242106072,8.077825498600001,8.077825498600001,5.840889206680001,6.95935735264
1491,29.950091464040003,25.289807522540002,28.831623318080002,31.06855961,28.831623318080002,34.42396404788,26.4082756685,25.289807522540002,28.831623318080002,29.950091464040003,26.4082756685,14.975045732020002,27.713155172120004,23.052871230620003,13.856577586060002,13.856577586060002,11.43322993648,10.314761790520002,10.314761790520002,8.077825498600001,10.314761790520002,6.95935735264,0.0,10.314761790520002
1492,3.3554044378800003,4.72242106072,0.0,0.0,5.840889206680001,8.077825498600001,4.72242106072,9.19629364456,8.077825498600001,6.95935735264,6.95935735264,8.077825498600001,6.95935735264,8.077825498600001,8.077825498600001,8.077825498600001,9.19629364456,11.43322993648,9.19629364456,6.95935735264,11.43322993648,10.314761790520002,5.840889206680001,5.840889206680001
1493,1.11846814596,0.0,1.11846814596,2.23693629192,0.0,1.9469630688933337,2.6926084995333337,1.9469630688933337,2.6926084995333337,0.0,0.0,1.11846814596,1.11846814596,1.11846814596,1.5741403535733334,0.0,0.0,1.9469630688933337,0.0,0.0,4.266748853106667,3.8939261377866665,2.23693629192,1.11846814596
1494,12.7381094401,11.43322993648,8.077825498600001,10.314761790520002,9.19629364456,5.840889206680001,9.19629364456,6.95935735264,11.43322993648,5.840889206680001,6.95935735264,8.077825498600001,5.840889206680001,6.95935735264,3.3554044378800003,4.72242106072,4.72242106072,0.0,5.840889206680001,4.72242106072,3.3554044378800003,0.0,6.95935735264,3.3554044378800003
1495,3.3554044378800003,0.0,0.0,3.3554044378800003,0.0,0.0,4.72242106072,5.840889206680001,0.0,0.0,0.0,0.0,0.0,0.0,0.0,0.0,0.0,3.3554044378800003,0.0,0.0,0.0,0.0,0.0,3.3554044378800003
1496,6.95935735264,5.840889206680001,9.19629364456,8.077825498600001,9.19629364456,8.077825498600001,6.95935735264,5.840889206680001,6.95935735264,6.95935735264,9.19629364456,11.43322993648,13.856577586060002,16.09351387798,13.856577586060002,13.856577586060002,13.856577586060002,17.21198202394,13.856577586060002,10.314761790520002,10.314761790520002,9.19629364456,9.19629364456,11.43322993648
1497,0.0,0.0,6.95935735264,5.840889206680001,3.3554044378800003,5.840889206680001,0.0,0.0,0.0,0.0,0.0,3.3554044378800003,3.3554044378800003,0.0,5.840889206680001,3.3554044378800003,0.0,3.3554044378800003,3.3554044378800003,4.72242106072,0.0,0.0,3.3554044378800003,4.72242106072
1498,0.0,2.23693629192,3.5211034224666675,3.8939261377866665,0.0,3.8939261377866674,3.5211034224666675,4.72242106072,0.0,0.0,0.0,5.840889206680001,5.012394283746667,6.503685145026668,6.95935735264,7.705002783280001,9.19629364456,11.122544340380001,10.314761790520002,10.314761790520002,10.68758450584,10.749721625060003,5.840889206680001,7.3321800679599995
1499,0.0,0.0,0.0,0.0,0.0,0.0,0.0,0.0,0.0,0.0,0.0,0.0,0.0,0.0,0.0,0.0,4.72242106072,0.0,6.95935735264,0.0,4.72242106072,0.0,0.0,0.0
1500,0.0,0.0,0.0,0.0,0.0,0.0,3.3554044378800003,0.0,4.72242106072,0.0,6.95935735264,0.0,0.0,0.0,0.0,0.0,4.72242106072,4.72242106072,4.72242106072,4.72242106072,3.3554044378800003,5.840889206680001,3.3554044378800003,3.3554044378800003
1501,11.43322993648,9.19629364456,11.43322993648,6.95935735264,6.95935735264,10.314761790520002,10.314761790520002,6.95935735264,10.314761790520002,9.19629364456,10.314761790520002,5.840889206680001,4.72242106072,6.95935735264,5.840889206680001,3.3554044378800003,4.72242106072,5.840889206680001,5.840889206680001,4.72242106072,0.0,0.0,0.0,0.0
1502,2.6926084995333337,0.0,2.7892662405422226,4.991681910673334,0.0,0.0,0.7732619280711112,0.0,0.0,0.0,0.0,8.864895675386668,0.0,3.8110766454933334,0.0,4.72242106072,0.0,4.266748853106667,5.3852169990666665,0.0,0.0,4.991681910673334,8.057113125526667,5.840889206680001
1503,0.0,0.0,0.0,0.0,3.3554044378800003,4.72242106072,4.72242106072,6.95935735264,6.95935735264,6.95935735264,3.3554044378800003,0.0,3.3554044378800003,4.72242106072,3.3554044378800003,5.840889206680001,5.840889206680001,9.19629364456,6.95935735264,8.077825498600001,12.7381094401,10.314761790520002,8.077825498600001,5.840889206680001
1504,12.7381094401,5.840889206680001,12.7381094401,10.314761790520002,0.0,4.72242106072,10.314761790520002,4.72242106072,11.43322993648,11.43322993648,8.077825498600001,10.314761790520002,5.840889206680001,5.840889206680001,5.840889206680001,6.95935735264,3.3554044378800003,0.0,8.077825498600001,8.077825498600001,0.0,5.840889206680001,8.077825498600001,3.3554044378800003
1505,3.3554044378800003,3.3554044378800003,4.72242106072,0.0,0.0,3.3554044378800003,0.0,3.3554044378800003,4.72242106072,5.840889206680001,4.72242106072,5.840889206680001,4.72242106072,5.840889206680001,4.72242106072,6.95935735264,6.95935735264,9.19629364456,9.19629364456,10.314761790520002,9.19629364456,8.077825498600001,8.077825498600001,6.95935735264
1506,11.43322993648,9.19629364456,14.975045732020002,9.19629364456,11.43322993648,8.077825498600001,6.95935735264,6.95935735264,8.077825498600001,8.077825498600001,4.72242106072,6.95935735264,4.72242106072,4.72242106072,3.3554044378800003,4.72242106072,4.72242106072,5.840889206680001,4.72242106072,8.077825498600001,6.95935735264,5.840889206680001,5.840889206680001,3.3554044378800003
1507,4.72242106072,3.3554044378800003,0.0,0.0,3.3554044378800003,3.3554044378800003,0.0,0.0,3.3554044378800003,3.3554044378800003,3.3554044378800003,0.0,0.0,4.72242106072,0.0,4.72242106072,3.3554044378800003,0.0,3.3554044378800003,3.3554044378800003,3.3554044378800003,3.3554044378800003,0.0,6.95935735264
1508,8.077825498600001,6.95935735264,6.95935735264,6.95935735264,5.840889206680001,4.72242106072,6.95935735264,6.95935735264,6.95935735264,8.077825498600001,6.95935735264,5.840889206680001,5.840889206680001,4.72242106072,4.72242106072,0.0,4.72242106072,6.95935735264,0.0,5.840889206680001,0.0,0.0,0.0,0.0
1509,5.840889206680001,5.840889206680001,5.840889206680001,5.840889206680001,5.840889206680001,5.840889206680001,5.840889206680001,5.840889206680001,5.840889206680001,5.840889206680001,5.840889206680001,5.840889206680001,5.840889206680001,5.840889206680001,5.840889206680001,5.840889206680001,5.840889206680001,5.840889206680001,5.840889206680001,5.840889206680001,5.840889206680001,5.840889206680001,5.840889206680001,5.840889206680001
1510,0.0,0.0,0.0,0.0,0.0,0.0,3.3554044378800003,4.72242106072,0.0,3.3554044378800003,0.0,3.3554044378800003,3.3554044378800003,3.3554044378800003,4.72242106072,8.077825498600001,8.077825498600001,6.95935735264,13.856577586060002,10.314761790520002,10.314761790520002,8.077825498600001,6.95935735264,6.95935735264
1511,8.077825498600001,11.43322993648,9.19629364456,9.19629364456,10.314761790520002,6.95935735264,9.19629364456,4.72242106072,6.95935735264,5.840889206680001,8.077825498600001,5.840889206680001,8.077825498600001,3.3554044378800003,0.0,4.72242106072,0.0,0.0,0.0,0.0,0.0,0.0,5.840889206680001,5.840889206680001
1512,13.856577586060002,12.7381094401,16.09351387798,12.7381094401,11.43322993648,10.314761790520002,8.077825498600001,11.43322993648,11.43322993648,11.43322993648,10.314761790520002,8.077825498600001,6.95935735264,6.95935735264,6.95935735264,5.840889206680001,9.19629364456,8.077825498600001,5.840889206680001,5.840889206680001,5.840889206680001,8.077825498600001,3.3554044378800003,3.3554044378800003
1513,4.72242106072,0.0,0.0,0.0,0.0,4.72242106072,5.840889206680001,5.840889206680001,5.840889206680001,6.95935735264,3.3554044378800003,0.0,0.0,0.0,0.0,0.0,3.3554044378800003,3.3554044378800003,0.0,0.0,0.0,0.0,0.0,0.0
1514,8.077825498600001,9.19629364456,10.37689890974,12.7381094401,11.43322993648,13.856577586060002,9.19629364456,9.19629364456,9.19629364456,9.19629364456,5.840889206680001,8.077825498600001,9.19629364456,6.95935735264,6.95935735264,6.95935735264,4.72242106072,6.95935735264,8.077825498600001,6.95935735264,0.0,3.3554044378800003,0.0,4.72242106072
1515,11.43322993648,10.314761790520002,11.43322993648,13.856577586060002,11.43322993648,14.975045732020002,17.21198202394,11.43322993648,11.43322993648,11.43322993648,10.314761790520002,10.314761790520002,14.975045732020002,11.43322993648,12.7381094401,10.314761790520002,12.7381094401,10.314761790520002,12.7381094401,17.21198202394,16.09351387798,12.7381094401,6.95935735264,3.3554044378800003
1516,0.0,0.0,0.0,0.0,0.0,0.0,0.0,0.0,0.0,4.72242106072,3.3554044378800003,3.3554044378800003,0.0,4.72242106072,0.0,4.72242106072,4.72242106072,0.0,3.3554044378800003,0.0,0.0,0.0,3.3554044378800003,0.0
1517,13.856577586060002,9.19629364456,13.856577586060002,13.856577586060002,17.21198202394,16.09351387798,19.697466792740002,13.856577586060002,14.975045732020002,18.3304501699,8.077825498600001,11.43322993648,11.43322993648,8.077825498600001,10.314761790520002,12.7381094401,13.856577586060002,13.856577586060002,14.975045732020002,17.21198202394,13.856577586060002,12.7381094401,11.43322993648,9.19629364456
1518,0.0,3.3554044378800003,0.0,0.0,6.95935735264,8.077825498600001,4.72242106072,4.72242106072,6.95935735264,8.077825498600001,4.72242106072,8.077825498600001,8.077825498600001,8.077825498600001,6.95935735264,4.72242106072,4.72242106072,0.0,5.840889206680001,4.72242106072,4.72242106072,4.72242106072,8.077825498600001,8.077825498600001
1519,9.19629364456,10.314761790520002,11.43322993648,6.95935735264,12.7381094401,10.314761790520002,8.077825498600001,10.314761790520002,8.077825498600001,10.314761790520002,10.314761790520002,9.19629364456,6.95935735264,4.72242106072,4.72242106072,5.840889206680001,8.077825498600001,5.840889206680001,6.95935735264,5.840889206680001,5.840889206680001,5.840889206680001,0.0,0.0
1520,0.0,4.72242106072,4.72242106072,5.840889206680001,0.0,3.3554044378800003,0.0,0.0,3.3554044378800003,0.0,0.0,3.3554044378800003,3.3554044378800003,0.0,0.0,3.3554044378800003,0.0,3.3554044378800003,3.3554044378800003,0.0,3.3554044378800003,4.72242106072,0.0,12.241012486340002
1521,3.3554044378800003,3.3554044378800003,0.0,0.0,0.0,0.0,3.3554044378800003,3.3554044378800003,3.3554044378800003,0.0,0.0,0.0,0.0,5.840889206680001,0.0,0.0,0.0,0.0,0.0,5.840889206680001,6.95935735264,6.95935735264,11.43322993648,11.43322993648
1522,12.7381094401,5.840889206680001,12.7381094401,12.7381094401,12.7381094401,13.856577586060002,13.856577586060002,14.975045732020002,17.21198202394,11.43322993648,8.077825498600001,4.72242106072,4.72242106072,5.840889206680001,3.3554044378800003,6.95935735264,10.314761790520002,11.43322993648,11.43322993648,11.43322993648,12.7381094401,10.314761790520002,8.077825498600001,4.72242106072
1523,6.95935735264,4.72242106072,8.077825498600001,9.19629364456,10.314761790520002,5.840889206680001,8.077825498600001,5.840889206680001,11.43322993648,11.43322993648,10.314761790520002,10.314761790520002,9.19629364456,19.697466792740002,12.7381094401,8.077825498600001,3.3554044378800003,12.7381094401,13.856577586060002,20.8159349387,17.21198202394,14.975045732020002,12.7381094401,10.314761790520002
1524,9.19629364456,9.19629364456,8.0778254986,5.468066491360001,2.6926084995333337,2.6926084995333337,0.0,0.0,1.5741403535733334,3.0654312148533336,0.0,0.0,1.11846814596,1.11846814596,1.11846814596,1.5741403535733334,2.6926084995333337,0.0,3.1482807071466667,4.266748853106667,2.23693629192,1.5741403535733334,0.0,0.0
1525,5.840889206680001,5.840889206680001,3.3554044378800003,3.3554044378800003,6.95935735264,4.72242106072,5.840889206680001,9.19629364456,5.840889206680001,3.3554044378800003,0.0,3.3554044378800003,0.0,4.72242106072,0.0,3.3554044378800003,3.3554044378800003,3.3554044378800003,3.3554044378800003,4.72242106072,4.72242106072,4.72242106072,3.3554044378800003,4.72242106072
1526,7.33218006796,5.468066491360001,3.8939261377866674,3.4382539301733335,2.6926084995333337,1.5741403535733334,3.1482807071466667,2.775457991826667,1.5741403535733334,1.5741403535733334,1.11846814596,3.1482807071466667,1.5741403535733334,6.192999548926667,4.183899360813334,5.758039714386666,5.385216999066667,3.5211034224666675,3.8939261377866665,7.249330575666666,8.057113125526667,5.0123942837466675,5.302367506773334,3.0654312148533336
1527,5.840889206680001,8.077825498600001,4.72242106072,4.72242106072,4.72242106072,4.72242106072,0.0,4.72242106072,5.840889206680001,5.840889206680001,4.72242106072,4.72242106072,4.72242106072,0.0,0.0,0.0,0.0,0.0,0.0,0.0,5.840889206680001,0.0,0.0,0.0
1528,5.012394283746667,3.8939261377866674,4.929544791453334,4.556722076133334,5.840889206680001,6.586534637320001,8.0778254986,9.25843076378,8.057113125526667,8.45064821392,7.705002783280001,8.45064821392,7.70500278328,7.684290410206667,6.9593573526400005,8.82347092924,9.941939075200002,11.1846814596,12.241012486340002,15.34786844734,13.794440466840001,12.675972320880001,11.55750417492,10.376898909740001
1529,5.840889206680001,5.840889206680001,4.72242106072,4.72242106072,6.95935735264,8.077825498600001,8.077825498600001,8.077825498600001,8.077825498600001,8.077825498600001,10.314761790520002,6.95935735264,4.72242106072,3.3554044378800003,5.840889206680001,6.95935735264,6.95935735264,8.077825498600001,6.95935735264,8.077825498600001,6.95935735264,5.840889206680001,4.72242106072,0.0
1530,6.95935735264,4.72242106072,5.840889206680001,5.840889206680001,4.72242106072,3.3554044378800003,4.72242106072,4.72242106072,5.840889206680001,4.72242106072,6.95935735264,4.72242106072,9.19629364456,5.840889206680001,5.840889206680001,5.840889206680001,5.840889206680001,6.95935735264,0.0,4.72242106072,6.95935735264,5.840889206680001,9.19629364456,5.840889206680001
1531,20.8159349387,21.934403084659998,21.934403084659998,25.289807522540002,25.289807522540002,18.3304501699,19.697466792740002,14.975045732020002,14.975045732020002,13.856577586060002,9.19629364456,12.7381094401,12.7381094401,13.856577586060002,8.077825498600001,8.077825498600001,11.43322993648,12.7381094401,9.19629364456,0.0,0.0,4.72242106072,8.077825498600001,9.19629364456
1532,6.130862429706667,3.8939261377866665,6.130862429706667,3.1482807071466667,3.1482807071466667,1.5741403535733334,3.8110766454933334,3.811076645493334,1.11846814596,5.385216999066667,6.130862429706667,5.468066491360001,1.11846814596,1.5741403535733334,2.3197857842133334,3.8939261377866665,3.8939261377866665,0.0,3.8939261377866674,0.0,6.565822264246667,10.00407619442,10.749721625059998,7.311467694886666
1533,2.23693629192,1.9469630688933337,3.5211034224666675,5.0123942837466675,6.876507860346667,5.385216999066667,8.45064821392,4.266748853106667,4.639571568426667,5.758039714386666,5.758039714386666,6.58653463732,6.503685145026668,4.639571568426668,2.6926084995333337,4.266748853106667,3.3554044378800003,2.3197857842133334,1.11846814596,3.0654312148533336,2.6926084995333337,4.183899360813334,0.0,1.5741403535733334
1534,5.840889206680001,5.840889206680001,6.95935735264,5.840889206680001,3.3554044378800003,0.0,0.0,0.0,6.95935735264,3.3554044378800003,5.840889206680001,8.077825498600001,4.72242106072,3.3554044378800003,0.0,0.0,0.0,0.0,4.72242106072,8.077825498600001,8.077825498600001,4.72242106072,5.840889206680001,12.7381094401
1535,11.43322993648,9.19629364456,13.856577586060002,11.43322993648,9.19629364456,9.19629364456,8.077825498600001,9.19629364456,8.077825498600001,8.077825498600001,3.3554044378800003,5.840889206680001,5.840889206680001,8.077825498600001,5.840889206680001,6.95935735264,5.840889206680001,6.95935735264,3.3554044378800003,5.840889206680001,4.72242106072,5.840889206680001,8.077825498600001,3.3554044378800003
1536,1.5741403535733334,1.11846814596,0.0,0.0,1.11846814596,1.11846814596,1.11846814596,1.11846814596,5.758039714386666,0.0,2.3197857842133334,0.0,0.0,0.0,0.0,1.5741403535733334,3.1482807071466667,3.5211034224666675,3.1482807071466667,1.5741403535733334,3.0654312148533336,3.5211034224666675,3.3554044378800003,4.639571568426668
1537,5.758039714386666,4.639571568426668,5.840889206680001,4.72242106072,5.840889206680001,0.0,4.72242106072,4.72242106072,0.0,0.0,0.0,0.0,0.0,0.0,1.5741403535733334,0.0,0.0,0.0,1.5741403535733334,1.11846814596,0.0,1.11846814596,2.6926084995333337,2.23693629192
1538,5.840889206680001,9.19629364456,9.19629364456,11.43322993648,11.43322993648,11.43322993648,6.95935735264,6.95935735264,8.077825498600001,6.95935735264,8.077825498600001,8.077825498600001,9.19629364456,6.95935735264,5.840889206680001,5.840889206680001,8.077825498600001,10.314761790520002,10.314761790520002,8.077825498600001,6.95935735264,6.95935735264,6.95935735264,4.72242106072
1539,2.23693629192,1.9469630688933337,3.5211034224666675,5.0123942837466675,6.876507860346667,5.385216999066667,8.45064821392,4.266748853106667,4.639571568426667,5.758039714386666,5.758039714386666,6.58653463732,6.503685145026668,4.639571568426668,2.6926084995333337,4.266748853106667,3.3554044378800003,2.3197857842133334,1.11846814596,3.0654312148533336,2.6926084995333337,4.183899360813334,0.0,1.5741403535733334
1540,9.56911635988,10.31476179052,12.241012486340002,12.61383520166,13.048795036200003,8.077825498600001,9.19629364456,10.314761790520002,6.95935735264,4.72242106072,6.95935735264,8.45064821392,8.0778254986,6.9593573526400005,7.705002783280001,11.122544340380001,11.868189771019999,13.421617751520001,16.83915930862,13.85657758606,14.229400301380002,13.794440466840001,10.74972162506,10.687584505840002
1541,4.72242106072,4.72242106072,3.3554044378800003,5.840889206680001,4.72242106072,3.3554044378800003,3.3554044378800003,0.0,0.0,0.0,3.3554044378800003,0.0,0.0,0.0,0.0,0.0,3.3554044378800003,6.95935735264,8.077825498600001,5.840889206680001,8.077825498600001,8.077825498600001,4.72242106072,3.3554044378800003
1542,3.3554044378800003,3.3554044378800003,0.0,0.0,0.0,3.3554044378800003,4.72242106072,0.0,3.3554044378800003,0.0,0.0,0.0,0.0,0.0,0.0,0.0,3.3554044378800003,0.0,0.0,0.0,0.0,4.72242106072,4.72242106072,3.3554044378800003
1543,3.8939261377866674,5.3852169990666665,3.8939261377866665,1.11846814596,1.5741403535733334,0.0,1.5741403535733334,6.58653463732,6.213711922000002,5.0123942837466675,4.639571568426667,3.8110766454933334,2.3197857842133334,1.9469630688933337,1.11846814596,1.5741403535733334,3.0654312148533336,1.5741403535733334,5.468066491360001,4.72242106072,5.840889206680001,5.840889206680001,3.1482807071466667,1.11846814596
1544,0.0,3.3554044378800003,5.840889206680001,3.3554044378800003,5.840889206680001,3.3554044378800003,0.0,0.0,0.0,3.3554044378800003,0.0,4.72242106072,0.0,0.0,4.72242106072,4.72242106072,4.72242106072,4.72242106072,4.72242106072,4.72242106072,3.3554044378800003,3.3554044378800003,4.72242106072,3.3554044378800003
1545,1.5741403535733334,1.5741403535733334,0.0,0.0,0.0,1.11846814596,0.0,1.5741403535733334,0.0,0.0,1.11846814596,0.0,1.11846814596,1.11846814596,1.11846814596,3.8939261377866665,3.1482807071466667,5.012394283746667,6.213711922000002,7.33218006796,6.9593573526400005,4.639571568426667,6.130862429706667,4.639571568426667
1546,4.72242106072,3.3554044378800003,3.3554044378800003,3.3554044378800003,0.0,4.72242106072,4.72242106072,4.72242106072,5.840889206680001,4.72242106072,5.840889206680001,6.95935735264,6.95935735264,6.95935735264,6.95935735264,10.314761790520002,12.7381094401,11.43322993648,13.856577586060002,13.856577586060002,11.43322993648,12.7381094401,10.314761790520002,11.43322993648
1547,10.314761790520002,9.19629364456,11.43322993648,9.19629364456,10.314761790520002,12.7381094401,10.314761790520002,8.077825498600001,9.19629364456,13.856577586060002,11.43322993648,8.077825498600001,5.840889206680001,4.72242106072,3.3554044378800003,8.077825498600001,6.95935735264,9.19629364456,11.43322993648,10.314761790520002,12.7381094401,12.7381094401,6.95935735264,8.077825498600001
1548,0.0,3.3554044378800003,0.0,4.72242106072,5.840889206680001,4.72242106072,3.3554044378800003,6.95935735264,5.840889206680001,3.3554044378800003,3.3554044378800003,0.0,0.0,0.0,0.0,0.0,4.72242106072,4.72242106072,4.72242106072,5.840889206680001,5.840889206680001,0.0,3.3554044378800003,0.0
1549,3.1482807071466667,2.6926084995333337,1.11846814596,2.23693629192,4.266748853106667,5.095243776040001,4.639571568426668,6.58653463732,6.58653463732,6.213711921999999,5.758039714386666,4.266748853106667,4.639571568426667,5.095243776040001,2.6926084995333337,5.840889206680001,5.840889206680001,7.33218006796,7.33218006796,8.42993584084667,11.55750417492,9.19629364456,8.82347092924,7.70500278328
1550,0.0,0.0,0.0,0.0,0.0,0.0,0.0,0.0,2.6926084995333337,0.0,0.0,0.0,1.11846814596,0.0,0.0,0.0,0.0,0.0,2.23693629192,3.8939261377866674,1.5741403535733334,2.23693629192,2.23693629192,0.0
1551,4.72242106072,4.72242106072,3.3554044378800003,0.0,0.0,4.72242106072,5.840889206680001,5.840889206680001,5.840889206680001,8.077825498600001,10.314761790520002,10.314761790520002,9.19629364456,11.43322993648,6.95935735264,8.077825498600001,9.19629364456,11.43322993648,10.314761790520002,10.314761790520002,12.7381094401,14.975045732020002,13.856577586060002,12.7381094401
1552,6.95935735264,0.0,0.0,0.0,0.0,0.0,0.0,0.0,0.0,0.0,0.0,0.0,0.0,0.0,0.0,0.0,0.0,0.0,0.0,0.0,0.0,0.0,0.0,0.0
1553,5.840889206680001,5.840889206680001,9.19629364456,12.7381094401,10.314761790520002,9.19629364456,6.95935735264,8.077825498600001,6.95935735264,4.72242106072,5.840889206680001,4.72242106072,5.840889206680001,4.72242106072,3.3554044378800003,4.72242106072,6.95935735264,8.077825498600001,8.077825498600001,6.95935735264,6.95935735264,6.95935735264,6.95935735264,4.72242106072
1554,0.0,3.3554044378800003,3.3554044378800003,4.72242106072,4.72242106072,4.72242106072,3.3554044378800003,4.72242106072,3.3554044378800003,0.0,0.0,3.3554044378800003,3.3554044378800003,3.3554044378800003,0.0,0.0,3.3554044378800003,0.0,3.3554044378800003,0.0,0.0,4.72242106072,4.72242106072,5.840889206680001
1555,11.43322993648,11.43322993648,14.975045732020002,14.975045732020002,19.697466792740002,13.856577586060002,11.43322993648,9.19629364456,5.840889206680001,13.856577586060002,9.19629364456,13.856577586060002,10.314761790520002,5.840889206680001,6.95935735264,5.840889206680001,6.95935735264,8.077825498600001,12.7381094401,10.314761790520002,6.95935735264,6.95935735264,5.840889206680001,5.840889206680001
1556,11.43322993648,10.314761790520002,11.43322993648,11.43322993648,9.19629364456,8.077825498600001,9.19629364456,9.19629364456,9.19629364456,10.314761790520002,8.077825498600001,11.43322993648,9.19629364456,11.43322993648,9.19629364456,9.19629364456,8.077825498600001,6.95935735264,5.840889206680001,0.0,0.0,0.0,6.95935735264,0.0
1557,12.7381094401,12.7381094401,12.7381094401,9.19629364456,8.077825498600001,8.077825498600001,8.077825498600001,4.72242106072,3.3554044378800003,4.72242106072,6.95935735264,5.840889206680001,4.72242106072,8.077825498600001,9.19629364456,3.3554044378800003,3.3554044378800003,0.0,4.72242106072,5.840889206680001,0.0,0.0,0.0,10.314761790520002
1558,14.975045732020002,9.19629364456,8.077825498600001,5.840889206680001,4.72242106072,0.0,0.0,3.3554044378800003,3.3554044378800003,0.0,3.3554044378800003,4.72242106072,4.72242106072,0.0,3.3554044378800003,3.1482807071466667,0.0,4.72242106072,5.840889206680001,5.840889206680001,4.72242106072,0.0,3.3554044378800003,0.0
1559,3.8939261377866674,3.1482807071466667,3.0654312148533336,3.0654312148533336,4.556722076133334,1.9469630688933337,1.5741403535733334,1.11846814596,1.11846814596,1.11846814596,1.11846814596,1.11846814596,0.0,0.0,1.11846814596,1.5741403535733334,4.266748853106667,3.8939261377866674,3.1482807071466667,3.8939261377866674,4.266748853106667,3.8939261377866665,3.1482807071466667,3.5211034224666675
1560,0.0,11.43322993648,10.314761790520002,13.856577586060002,10.314761790520002,11.43322993648,0.0,5.840889206680001,10.314761790520002,11.43322993648,12.7381094401,10.314761790520002,10.314761790520002,6.95935735264,6.95935735264,4.72242106072,11.43322993648,13.856577586060002,9.19629364456,3.3554044378800003,3.3554044378800003,3.3554044378800003,0.0,0.0
1561,5.840889206680001,5.840889206680001,6.95935735264,9.19629364456,10.314761790520002,9.19629364456,6.95935735264,8.077825498600001,6.95935735264,6.95935735264,8.077825498600001,5.840889206680001,6.95935735264,6.95935735264,8.077825498600001,5.840889206680001,5.840889206680001,4.72242106072,4.72242106072,0.0,5.840889206680001,4.72242106072,6.95935735264,4.72242106072
1562,6.95935735264,11.43322993648,5.840889206680001,8.077825498600001,4.72242106072,5.840889206680001,4.72242106072,6.95935735264,6.95935735264,6.95935735264,4.72242106072,6.95935735264,4.72242106072,5.840889206680001,6.95935735264,4.72242106072,4.72242106072,0.0,3.3554044378800003,5.840889206680001,4.72242106072,4.72242106072,4.72242106072,0.0
1563,9.19629364456,9.19629364456,10.314761790520002,8.077825498600001,11.43322993648,12.7381094401,4.72242106072,6.95935735264,9.19629364456,10.314761790520002,6.95935735264,6.95935735264,0.0,0.0,3.3554044378800003,0.0,4.72242106072,3.3554044378800003,0.0,0.0,6.95935735264,3.3554044378800003,4.72242106072,3.3554044378800003
1564,1.11846814596,0.0,0.0,4.72242106072,0.0,0.0,0.0,0.0,0.0,0.0,0.0,0.0,0.0,3.3554044378800003,0.0,4.72242106072,0.0,0.0,0.0,0.0,4.72242106072,0.0,0.0,0.0
1565,0.0,0.0,0.0,0.0,0.0,0.0,0.0,0.0,0.0,0.0,0.0,0.0,0.0,0.0,0.0,0.0,0.0,0.0,0.0,0.0,0.0,0.0,0.0,0.0
1566,6.130862429706667,4.556722076133334,7.3321800679599995,8.0778254986,7.705002783280001,9.25843076378,9.631253479100002,8.512785333140002,9.25843076378,8.077825498600001,5.840889206680001,4.639571568426668,1.11846814596,3.0654312148533336,4.639571568426668,6.58653463732,9.19629364456,8.077825498600001,9.19629364456,7.705002783280001,9.941939075200002,9.19629364456,6.213711922000001,4.266748853106667
1567,9.19629364456,16.09351387798,12.7381094401,12.7381094401,5.840889206680001,0.0,0.0,0.0,4.72242106072,4.72242106072,0.0,0.0,3.3554044378800003,5.840889206680001,5.840889206680001,5.840889206680001,4.72242106072,0.0,5.840889206680001,0.0,3.3554044378800003,6.95935735264,5.840889206680001,4.72242106072
1568,3.3554044378800003,3.3554044378800003,4.72242106072,0.0,0.0,0.0,3.3554044378800003,4.72242106072,4.72242106072,5.840889206680001,0.0,6.95935735264,0.0,0.0,3.3554044378800003,0.0,6.95935735264,13.856577586060002,19.697466792740002,16.09351387798,18.3304501699,14.975045732020002,16.09351387798,11.43322993648
1569,5.0123942837466675,4.239132355675556,4.266748853106667,3.8939261377866665,10.31476179052,9.237718390706668,12.98665791698,17.729791350773336,15.368580820413333,10.811858744280002,11.495367055700001,7.311467694886667,3.8939261377866665,2.844499235404445,4.266748853106667,6.503685145026668,8.82347092924,10.376898909740001,11.122544340380003,9.900514329053335,8.885608048460002,6.130862429706667,4.266748853106667,4.266748853106667
1570,9.19629364456,3.3554044378800003,0.0,0.0,0.0,0.0,0.0,0.0,0.0,0.0,3.3554044378800003,0.0,0.0,0.0,0.0,0.0,0.0,4.72242106072,0.0,3.3554044378800003,0.0,3.3554044378800003,6.95935735264,5.840889206680001
1571,3.3554044378800003,3.3554044378800003,3.3554044378800003,5.840889206680001,4.72242106072,5.840889206680001,3.3554044378800003,0.0,0.0,0.0,0.0,0.0,0.0,0.0,0.0,5.840889206680001,9.19629364456,5.840889206680001,0.0,0.0,0.0,4.72242106072,3.3554044378800003,0.0
1572,6.95935735264,4.72242106072,4.72242106072,5.840889206680001,8.077825498600001,5.840889206680001,8.077825498600001,8.077825498600001,5.840889206680001,5.840889206680001,4.72242106072,0.0,4.72242106072,4.72242106072,4.72242106072,4.72242106072,3.3554044378800003,4.72242106072,5.840889206680001,5.840889206680001,5.840889206680001,4.72242106072,3.3554044378800003,3.3554044378800003
1573,30.032940956333334,28.665924333493333,24.25418886887333,21.62371748856,19.23489046076889,19.027766730035555,14.167263182160001,12.965945543906669,10.729009251986668,8.057113125526667,5.34379225292,4.991681910673334,5.364504625993334,3.8110766454933334,6.482972771953334,6.938644979566668,6.634863507824445,11.101831967306667,11.101831967306667,9.610541106026668,13.200685772071111,14.9129086128,19.158945092833335,14.167263182160001
1574,16.549186085593334,17.688366604626665,13.069507409273335,10.74972162506,11.86818977102,11.86818977102,10.004076194420001,10.004076194420001,10.459748402033334,11.495367055700001,9.175581271486667,9.25843076378,7.311467694886669,6.938644979566668,8.429935840846667,8.077825498600001,5.385216999066667,4.183899360813334,5.840889206680001,6.213711922000001,3.8110766454933334,8.885608048460002,7.311467694886666,8.885608048460002
1575,5.840889206680001,6.95935735264,8.077825498600001,8.077825498600001,10.314761790520002,8.077825498600001,12.7381094401,11.43322993648,8.077825498600001,9.19629364456,6.95935735264,9.19629364456,8.077825498600001,9.19629364456,6.95935735264,10.314761790520002,12.7381094401,9.19629364456,12.7381094401,11.43322993648,8.077825498600001,12.7381094401,6.95935735264,5.840889206680001
1576,0.0,0.0,0.0,0.0,0.0,0.0,0.0,4.72242106072,0.0,3.3554044378800003,0.0,0.0,0.0,0.0,3.3554044378800003,3.3554044378800003,0.0,3.3554044378800003,0.0,0.0,3.3554044378800003,6.95935735264,4.72242106072,5.840889206680001
1577,6.95935735264,8.077825498600001,10.314761790520002,11.43322993648,9.19629364456,8.077825498600001,8.077825498600001,5.840889206680001,0.0,5.840889206680001,0.0,3.3554044378800003,0.0,5.840889206680001,6.95935735264,4.72242106072,0.0,3.3554044378800003,0.0,3.3554044378800003,0.0,3.3554044378800003,0.0,0.0
1578,4.266748853106667,4.183899360813334,6.9593573526400005,7.7050027832799985,7.3321800679599995,6.58653463732,6.876507860346667,8.0778254986,7.3321800679599995,6.130862429706667,3.0654312148533336,4.239132355675556,1.9469630688933337,2.1402785509111113,3.5211034224666675,3.4382539301733335,7.70500278328,6.130862429706667,7.290755321813333,9.237718390706668,8.864895675386666,8.036400752453334,6.33798616044,4.114858117235556
1579,10.314761790520002,9.19629364456,9.19629364456,8.077825498600001,10.314761790520002,10.314761790520002,10.314761790520002,10.314761790520002,6.95935735264,6.95935735264,5.840889206680001,5.840889206680001,5.840889206680001,3.3554044378800003,4.72242106072,5.840889206680001,5.840889206680001,5.840889206680001,5.840889206680001,10.314761790520002,8.077825498600001,11.43322993648,11.43322993648,11.43322993648
1580,6.95935735264,3.3554044378800003,3.3554044378800003,0.0,3.3554044378800003,4.72242106072,6.95935735264,6.95935735264,8.077825498600001,5.840889206680001,3.3554044378800003,0.0,4.72242106072,5.840889206680001,0.0,0.0,4.72242106072,4.72242106072,6.95935735264,9.19629364456,3.3554044378800003,5.840889206680001,4.72242106072,4.72242106072
1581,6.130862429706667,7.311467694886667,8.450648213920001,6.213711921999999,5.758039714386666,5.012394283746667,0.0,3.1482807071466667,3.4382539301733335,3.4382539301733335,3.0654312148533336,2.3197857842133334,3.8939261377866674,2.23693629192,3.5211034224666675,2.6926084995333337,1.11846814596,1.11846814596,0.0,2.23693629192,3.0654312148533336,3.8939261377866665,3.0654312148533336,5.3852169990666665
1582,11.122544340380003,9.56911635988,7.705002783280001,7.33218006796,6.876507860346667,7.311467694886667,10.43903602896,5.758039714386668,4.266748853106667,7.311467694886667,6.938644979566668,9.25843076378,6.876507860346667,6.503685145026668,5.012394283746667,7.249330575666668,6.503685145026668,7.9949760063066675,8.139962617819998,6.9593573526400005,6.213711922000002,3.0654312148533336,4.266748853106667,1.5741403535733334
1583,0.0,5.840889206680001,8.077825498600001,4.72242106072,0.0,0.0,0.0,0.0,3.3554044378800003,0.0,0.0,0.0,3.3554044378800003,3.3554044378800003,0.0,0.0,4.72242106072,3.3554044378800003,4.72242106072,5.840889206680001,5.840889206680001,6.95935735264,5.840889206680001,3.3554044378800003
1584,8.077825498600001,0.0,0.0,6.95935735264,5.840889206680001,6.95935735264,6.95935735264,9.19629364456,8.077825498600001,6.95935735264,6.95935735264,10.314761790520002,6.95935735264,12.7381094401,14.975045732020002,10.314761790520002,9.19629364456,3.3554044378800003,3.3554044378800003,0.0,3.3554044378800003,0.0,6.95935735264,8.077825498600001
1585,8.077825498600001,9.19629364456,6.95935735264,12.7381094401,13.856577586060002,12.7381094401,14.975045732020002,17.21198202394,11.43322993648,14.975045732020002,11.43322993648,12.7381094401,11.43322993648,12.7381094401,12.7381094401,13.856577586060002,11.43322993648,16.09351387798,13.856577586060002,19.697466792740002,19.697466792740002,14.975045732020002,13.856577586060002,12.7381094401
1586,0.0,0.0,0.0,0.0,0.0,0.0,0.0,1.6431815971511112,2.6235672559555554,1.11846814596,3.714418904484445,4.5843385735644455,3.590144666044445,3.4658704276044445,0.37282271532000005,2.0160043124711113,2.7478414943955562,1.0494269023822222,0.5247134511911111,3.0654312148533336,3.2173219507244446,2.6097590072400005,2.0988538047644445,2.0988538047644445
1587,4.72242106072,3.3554044378800003,3.3554044378800003,3.3554044378800003,4.72242106072,5.840889206680001,5.840889206680001,6.95935735264,5.840889206680001,4.72242106072,9.19629364456,8.077825498600001,5.840889206680001,5.840889206680001,0.0,5.840889206680001,6.95935735264,8.077825498600001,10.314761790520002,13.856577586060002,12.7381094401,10.314761790520002,11.43322993648,11.43322993648
1588,1.5741403535733334,1.11846814596,1.5741403535733334,1.11846814596,1.11846814596,1.11846814596,1.11846814596,0.0,1.11846814596,0.0,1.11846814596,1.11846814596,1.11846814596,5.012394283746667,4.266748853106667,4.183899360813334,4.556722076133334,5.840889206680001,6.130862429706667,5.012394283746667,7.33218006796,6.213711922000001,1.9469630688933337,1.11846814596
1589,0.0,3.3554044378800003,3.3554044378800003,0.0,4.72242106072,0.0,0.0,0.0,0.0,0.0,3.3554044378800003,0.0,0.0,0.0,0.0,4.72242106072,0.0,6.95935735264,0.0,0.0,3.3554044378800003,3.3554044378800003,4.72242106072,3.3554044378800003
1590,19.697466792740002,16.09351387798,14.975045732020002,18.3304501699,14.975045732020002,9.19629364456,12.7381094401,8.077825498600001,5.840889206680001,0.0,3.3554044378800003,3.3554044378800003,4.72242106072,4.72242106072,4.72242106072,0.0,0.0,0.0,0.0,3.3554044378800003,0.0,0.0,4.72242106072,3.3554044378800003
1591,11.122544340380003,10.74972162506,11.122544340380001,10.74972162506,10.74972162506,12.30314960556,13.48375487074,13.794440466840001,14.229400301380002,15.285731328119999,14.540085897480003,12.303149605560002,12.675972320880001,11.868189771019999,12.30314960556,15.741403535733333,17.294831516233334,17.667654231553332,17.667654231553332,15.720691162660001,16.09351387798,12.675972320880001,9.941939075200002,8.450648213920001
1592,8.077825498600001,12.7381094401,11.43322993648,13.856577586060002,10.314761790520002,11.43322993648,13.856577586060002,5.840889206680001,12.7381094401,13.856577586060002,10.314761790520002,8.077825498600001,0.0,4.72242106072,10.314761790520002,8.077825498600001,12.7381094401,16.09351387798,19.697466792740002,24.17133937658,20.8159349387,23.052871230620003,21.934403084659998,16.09351387798
1593,0.0,0.0,0.0,0.0,0.0,3.3554044378800003,4.72242106072,4.72242106072,3.3554044378800003,4.72242106072,0.0,0.0,3.3554044378800003,0.0,3.3554044378800003,3.3554044378800003,3.3554044378800003,3.3554044378800003,4.72242106072,4.72242106072,5.840889206680001,3.3554044378800003,0.0,3.3554044378800003
1594,6.95935735264,6.95935735264,6.95935735264,0.0,0.0,0.0,6.95935735264,0.0,0.0,0.0,0.0,0.0,0.0,5.840889206680001,0.0,0.0,0.0,0.0,0.0,0.0,0.0,0.0,0.0,0.0
1595,14.975045732020002,12.7381094401,16.09351387798,14.975045732020002,16.09351387798,21.934403084659998,21.934403084659998,21.934403084659998,21.934403084659998,19.697466792740002,21.934403084659998,20.8159349387,17.21198202394,11.43322993648,14.975045732020002,17.21198202394,14.975045732020002,18.3304501699,16.09351387798,13.856577586060002,14.975045732020002,13.856577586060002,14.975045732020002,9.19629364456
1596,0.0,0.0,0.0,0.0,0.0,0.0,0.0,0.0,0.0,0.0,0.0,0.0,0.0,0.0,0.0,0.0,0.0,0.0,0.0,0.0,0.0,0.0,0.0,0.0
1597,18.3304501699,14.975045732020002,14.975045732020002,14.975045732020002,13.856577586060002,16.09351387798,16.09351387798,17.21198202394,13.856577586060002,12.7381094401,16.09351387798,14.975045732020002,16.09351387798,13.856577586060002,12.7381094401,13.856577586060002,11.43322993648,13.856577586060002,11.43322993648,10.314761790520002,4.72242106072,5.840889206680001,6.95935735264,6.95935735264
1598,4.72242106072,6.95935735264,3.3554044378800003,4.72242106072,5.840889206680001,4.72242106072,8.077825498600001,4.72242106072,4.72242106072,6.95935735264,9.19629364456,9.19629364456,10.314761790520002,9.19629364456,6.95935735264,8.077825498600001,14.975045732020002,18.3304501699,17.21198202394,21.934403084659998,21.934403084659998,19.697466792740002,18.3304501699,16.09351387798
1599,7.33218006796,6.213711922000001,6.58653463732,6.213711921999999,5.840889206680001,6.213711922000001,6.213711922000001,5.468066491360001,4.266748853106667,4.639571568426668,3.3554044378800003,4.639571568426668,3.3554044378800003,2.23693629192,1.5741403535733334,3.811076645493334,2.6926084995333337,1.11846814596,3.811076645493334,4.72242106072,4.639571568426667,5.012394283746667,8.45064821392,9.19629364456
1600,0.0,0.0,0.0,0.0,0.0,3.3554044378800003,3.3554044378800003,0.0,0.0,0.0,0.0,0.0,3.3554044378800003,0.0,0.0,4.72242106072,4.72242106072,0.0,0.0,0.0,3.3554044378800003,3.3554044378800003,5.840889206680001,5.840889206680001
1601,1.9469630688933337,2.6926084995333337,4.639571568426668,6.213711922000001,4.556722076133333,1.9469630688933337,1.11846814596,3.3554044378800003,1.9469630688933337,5.3852169990666665,4.72242106072,1.11846814596,6.503685145026668,7.33218006796,6.58653463732,8.82347092924,9.941939075200002,11.495367055700001,11.122544340380001,11.495367055700001,10.31476179052,10.68758450584,11.122544340380003,8.82347092924
1602,0.0,3.3554044378800003,3.3554044378800003,3.3554044378800003,5.840889206680001,4.72242106072,3.3554044378800003,3.3554044378800003,4.72242106072,6.95935735264,6.95935735264,5.840889206680001,4.72242106072,4.72242106072,3.3554044378800003,6.95935735264,6.95935735264,0.0,0.0,0.0,4.72242106072,5.840889206680001,5.840889206680001,4.72242106072
1603,11.43322993648,10.314761790520002,16.09351387798,13.856577586060002,14.975045732020002,14.975045732020002,17.21198202394,11.43322993648,10.314761790520002,10.314761790520002,10.314761790520002,11.43322993648,9.19629364456,11.43322993648,11.43322993648,10.314761790520002,6.95935735264,9.19629364456,10.314761790520002,10.314761790520002,11.43322993648,9.19629364456,14.975045732020002,12.7381094401
1604,13.856577586060002,13.856577586060002,11.43322993648,14.975045732020002,14.975045732020002,13.856577586060002,14.975045732020002,12.7381094401,12.7381094401,8.077825498600001,18.3304501699,16.09351387798,13.856577586060002,13.856577586060002,8.077825498600001,14.975045732020002,10.314761790520002,10.314761790520002,6.95935735264,0.0,13.856577586060002,8.077825498600001,0.0,0.0
1605,3.3554044378800003,0.0,0.0,3.3554044378800003,4.72242106072,0.0,4.72242106072,4.72242106072,0.0,0.0,0.0,3.3554044378800003,5.840889206680001,3.3554044378800003,0.0,0.0,0.0,0.0,0.0,0.0,3.3554044378800003,4.72242106072,0.0,6.95935735264
1606,9.19629364456,5.840889206680001,5.840889206680001,3.3554044378800003,6.95935735264,4.72242106072,6.95935735264,9.19629364456,6.95935735264,3.3554044378800003,3.3554044378800003,4.72242106072,3.3554044378800003,9.19629364456,6.95935735264,5.840889206680001,3.3554044378800003,3.3554044378800003,4.72242106072,3.3554044378800003,5.840889206680001,0.0,0.0,0.0
1607,8.077825498600001,8.077825498600001,8.077825498600001,5.840889206680001,6.95935735264,8.077825498600001,8.077825498600001,5.840889206680001,4.72242106072,6.95935735264,4.72242106072,4.72242106072,1.5741403535733334,3.811076645493334,4.639571568426668,4.72242106072,5.3852169990666665,2.23693629192,4.556722076133333,5.012394283746667,7.33218006796,7.33218006796,7.33218006796,11.43322993648
1608,5.840889206680001,4.72242106072,8.077825498600001,8.077825498600001,8.077825498600001,9.19629364456,8.077825498600001,9.19629364456,5.840889206680001,9.19629364456,11.43322993648,10.314761790520002,9.19629364456,9.19629364456,8.077825498600001,8.077825498600001,12.7381094401,17.21198202394,17.21198202394,19.697466792740002,21.934403084659998,20.8159349387,18.3304501699,17.21198202394
1609,3.5211034224666675,5.302367506773334,4.266748853106667,6.876507860346668,3.811076645493334,3.0654312148533336,1.11846814596,1.11846814596,5.3852169990666665,4.266748853106667,5.385216999066667,1.11846814596,1.9469630688933337,1.5741403535733334,1.11846814596,3.1482807071466667,0.0,1.11846814596,1.11846814596,1.5741403535733334,1.9469630688933337,2.23693629192,2.6926084995333337,3.0654312148533336
1610,9.19629364456,11.43322993648,10.314761790520002,6.95935735264,6.95935735264,5.840889206680001,3.3554044378800003,10.314761790520002,8.077825498600001,5.840889206680001,8.077825498600001,4.72242106072,3.3554044378800003,4.72242106072,0.0,4.72242106072,4.72242106072,3.3554044378800003,4.72242106072,6.95935735264,4.72242106072,5.840889206680001,0.0,0.0
1611,0.0,0.0,0.0,0.0,0.0,0.0,0.0,0.0,4.72242106072,3.3554044378800003,0.0,0.0,4.72242106072,0.0,3.3554044378800003,3.3554044378800003,0.0,0.0,0.0,0.0,0.0,0.0,0.0,0.0
1612,8.077825498600001,3.3554044378800003,3.3554044378800003,0.0,3.3554044378800003,0.0,0.0,0.0,0.0,0.0,0.0,0.0,0.0,0.0,6.95935735264,13.856577586060002,11.43322993648,11.43322993648,12.7381094401,13.856577586060002,11.43322993648,10.314761790520002,11.43322993648,6.95935735264
1613,9.19629364456,18.3304501699,14.975045732020002,12.7381094401,9.19629364456,8.077825498600001,3.3554044378800003,5.840889206680001,0.0,0.0,0.0,0.0,3.3554044378800003,5.840889206680001,0.0,0.0,0.0,0.0,0.0,4.72242106072,3.3554044378800003,3.3554044378800003,0.0,0.0
1614,12.7381094401,4.72242106072,4.72242106072,0.0,0.0,0.0,0.0,0.0,0.0,0.0,0.0,0.0,0.0,0.0,4.72242106072,0.0,0.0,0.0,3.3554044378800003,0.0,0.0,0.0,0.0,0.0
1615,0.0,0.0,0.0,3.3554044378800003,0.0,4.72242106072,0.0,0.0,0.0,0.0,0.0,3.0654312148533336,0.0,0.0,0.0,0.0,3.3554044378800003,3.3554044378800003,8.077825498600001,4.72242106072,4.72242106072,0.0,0.0,0.0
1616,8.077825498600001,11.43322993648,9.19629364456,8.077825498600001,4.72242106072,6.95935735264,11.43322993648,10.314761790520002,11.43322993648,6.95935735264,6.95935735264,5.840889206680001,0.0,0.0,4.72242106072,6.95935735264,8.077825498600001,8.077825498600001,8.077825498600001,4.72242106072,5.840889206680001,4.72242106072,0.0,0.0
1617,9.19629364456,12.7381094401,13.856577586060002,12.7381094401,13.856577586060002,10.314761790520002,14.975045732020002,10.314761790520002,11.43322993648,12.7381094401,8.077825498600001,11.43322993648,10.314761790520002,8.077825498600001,9.19629364456,10.314761790520002,11.43322993648,9.19629364456,10.314761790520002,8.077825498600001,9.19629364456,4.72242106072,5.840889206680001,2.6926084995333337
1618,9.19629364456,9.19629364456,9.19629364456,9.19629364456,9.19629364456,11.43322993648,11.43322993648,12.7381094401,10.314761790520002,11.43322993648,12.7381094401,12.7381094401,10.314761790520002,6.95935735264,6.95935735264,8.077825498600001,8.077825498600001,10.314761790520002,11.43322993648,11.43322993648,6.95935735264,5.840889206680001,10.314761790520002,5.840889206680001
1619,9.19629364456,11.43322993648,5.840889206680001,6.95935735264,9.19629364456,11.43322993648,13.856577586060002,9.19629364456,6.95935735264,9.19629364456,6.95935735264,8.077825498600001,10.314761790520002,10.314761790520002,8.077825498600001,12.7381094401,13.856577586060002,10.314761790520002,12.7381094401,16.09351387798,12.7381094401,16.09351387798,13.856577586060002,4.72242106072
1620,0.0,0.0,0.0,0.0,0.0,0.0,0.0,0.0,0.0,0.0,0.0,0.0,0.0,0.0,3.3554044378800003,4.72242106072,3.3554044378800003,0.0,0.0,4.72242106072,3.3554044378800003,0.0,0.0,0.0
1621,4.72242106072,4.72242106072,3.3554044378800003,4.72242106072,5.840889206680001,4.72242106072,5.840889206680001,8.077825498600001,9.19629364456,12.7381094401,13.856577586060002,11.43322993648,8.077825498600001,13.856577586060002,14.975045732020002,12.7381094401,16.09351387798,12.7381094401,11.43322993648,13.856577586060002,12.7381094401,13.856577586060002,5.840889206680001,8.077825498600001
1622,1.9469630688933337,7.33218006796,7.33218006796,8.0778254986,6.503685145026668,5.468066491360001,6.213711922000001,1.9469630688933337,2.6926084995333337,2.6926084995333337,1.5741403535733334,1.5741403535733334,2.6926084995333337,4.72242106072,1.11846814596,5.468066491360001,1.11846814596,2.23693629192,0.0,0.0,0.0,1.11846814596,3.1482807071466667,1.11846814596
1623,9.19629364456,4.72242106072,9.19629364456,11.43322993648,4.72242106072,6.95935735264,8.077825498600001,9.19629364456,8.077825498600001,0.0,0.0,0.0,0.0,0.0,0.0,3.3554044378800003,3.3554044378800003,4.72242106072,6.95935735264,8.077825498600001,12.7381094401,12.7381094401,16.09351387798,14.975045732020002
1624,10.004076194420001,7.622153290986667,8.0778254986,8.82347092924,6.586534637320001,5.758039714386666,4.266748853106667,3.8939261377866665,4.639571568426668,3.8110766454933334,3.1482807071466667,4.556722076133334,3.5211034224666675,3.1482807071466667,4.639571568426667,6.876507860346667,8.45064821392,8.45064821392,8.45064821392,5.840889206680001,6.9593573526400005,7.33218006796,3.8939261377866674,2.6926084995333337
1625,6.95935735264,4.72242106072,6.95935735264,6.95935735264,4.72242106072,5.840889206680001,3.3554044378800003,0.0,4.72242106072,3.3554044378800003,0.0,4.72242106072,5.840889206680001,0.0,3.3554044378800003,0.0,4.72242106072,4.72242106072,3.811076645493334,3.3554044378800003,3.3554044378800003,0.0,5.840889206680001,1.5741403535733334
1626,10.314761790520002,10.314761790520002,8.077825498600001,6.95935735264,8.077825498600001,11.43322993648,8.077825498600001,9.19629364456,8.077825498600001,8.077825498600001,6.95935735264,6.95935735264,5.840889206680001,5.840889206680001,5.840889206680001,6.95935735264,6.95935735264,5.840889206680001,4.72242106072,6.95935735264,3.3554044378800003,3.3554044378800003,4.72242106072,4.72242106072
1627,0.0,0.0,3.3554044378800003,3.3554044378800003,4.72242106072,4.72242106072,4.72242106072,5.840889206680001,8.077825498600001,6.95935735264,6.95935735264,8.077825498600001,8.077825498600001,8.077825498600001,6.95935735264,11.43322993648,11.43322993648,10.314761790520002,11.43322993648,11.43322993648,9.19629364456,10.314761790520002,5.840889206680001,4.72242106072
1628,4.639571568426668,5.758039714386666,5.3852169990666665,6.58653463732,6.213711922000001,8.82347092924,10.31476179052,10.31476179052,9.56911635988,7.705002783280001,5.840889206680001,5.758039714386668,4.183899360813334,1.11846814596,2.6926084995333337,5.095243776040001,7.33218006796,7.33218006796,8.45064821392,9.56911635988,8.450648213920001,8.077825498600001,6.213711922000001,3.8939261377866665
1629,2.6926084995333337,5.0123942837466675,4.266748853106667,4.639571568426668,4.639571568426667,6.213711922000001,8.82347092924,7.705002783280001,5.758039714386668,6.58653463732,2.6926084995333337,5.84088920668,3.5211034224666675,3.0654312148533336,3.0654312148533336,6.9593573526400005,8.077825498600001,8.82347092924,8.82347092924,8.0778254986,6.9593573526400005,6.58653463732,5.012394283746667,4.639571568426668
1630,3.3554044378800003,4.72242106072,0.0,4.72242106072,5.840889206680001,4.72242106072,0.0,3.3554044378800003,8.077825498600001,3.3554044378800003,0.0,0.0,0.0,0.0,0.0,3.3554044378800003,0.0,0.0,0.0,0.0,0.0,3.3554044378800003,0.0,0.0
1631,6.006588191266666,7.042206844933333,6.4208356527333335,4.763845806866667,4.556722076133333,3.5211034224666666,2.8997322302666664,5.178093268333334,3.7282271532,2.6926084995333333,2.6926084995333333,4.142474614666667,5.5923407298,6.006588191266666,6.213711922000001,5.3852169990666665,8.699196690800001,7.663578037133334,13.670166228400001,15.741403535733333,18.226888304533336,15.327156074266668,13.463042497666668,11.391805190333335
1632,3.3554044378800003,4.72242106072,0.0,0.0,4.72242106072,3.3554044378800003,0.0,0.0,0.0,0.0,0.0,3.3554044378800003,0.0,0.0,0.0,3.3554044378800003,0.0,0.0,0.0,0.0,0.0,0.0,0.0,3.3554044378800003
1633,0.0,0.0,1.5741403535733334,4.183899360813334,0.0,4.266748853106667,1.9469630688933337,2.3197857842133334,1.11846814596,1.11846814596,1.9469630688933337,2.23693629192,4.639571568426668,3.8110766454933334,3.3554044378800003,3.4382539301733335,5.758039714386666,6.9593573526400005,4.556722076133333,4.639571568426668,3.8939261377866665,3.0654312148533336,2.23693629192,1.11846814596
1634,5.468066491360001,5.081435527324445,3.962967381364445,5.0814355273244445,4.211515858244446,4.487680832555556,5.5923407298,5.468066491360001,6.9593573526400005,6.337986160440001,4.114858117235555,4.239132355675555,6.08943768356,6.213711922000001,7.33218006796,7.953551260160001,10.31476179052,10.521885521253333,11.888902144093334,13.276631140006666,14.187975555233335,11.018982475013333,10.252624671300001,9.56911635988
1635,3.5211034224666675,4.183899360813334,2.6926084995333337,6.58653463732,6.9593573526400005,5.095243776040001,5.758039714386666,6.9593573526400005,6.213711922000001,4.639571568426668,2.23693629192,3.5211034224666675,3.5211034224666675,0.0,1.9469630688933337,1.11846814596,5.095243776040001,4.266748853106667,5.09524377604,5.758039714386668,5.840889206680001,4.266748853106667,5.3852169990666665,1.11846814596
1636,1.5741403535733334,4.183899360813334,1.11846814596,5.095243776040001,7.3321800679599995,7.33218006796,6.503685145026666,8.45064821392,7.3321800679599995,5.385216999066667,4.639571568426668,1.11846814596,1.11846814596,0.0,0.0,3.5211034224666675,6.58653463732,6.58653463732,6.9593573526400005,6.959357352640001,6.9593573526400005,5.012394283746667,5.0123942837466675,1.11846814596
1637,3.5211034224666675,4.183899360813334,2.6926084995333337,6.58653463732,6.9593573526400005,5.09524377604,5.758039714386666,6.9593573526400005,6.213711922000001,4.639571568426667,2.23693629192,3.5211034224666675,3.5211034224666675,0.0,1.9469630688933337,1.11846814596,5.09524377604,4.266748853106667,5.095243776040001,5.758039714386666,5.840889206680001,4.266748853106667,5.385216999066667,1.11846814596
1638,3.8939261377866665,5.758039714386666,4.266748853106667,6.213711921999999,4.639571568426667,5.385216999066667,4.266748853106667,5.012394283746667,5.840889206680001,3.5211034224666675,3.1482807071466667,4.183899360813334,3.3554044378800003,0.0,1.5741403535733334,1.11846814596,0.0,6.075629434844445,2.3197857842133334,2.6926084995333337,3.5211034224666675,5.012394283746667,6.58653463732,5.758039714386666
1639,3.0654312148533336,4.183899360813334,5.468066491360001,5.840889206680001,6.586534637320001,9.19629364456,8.82347092924,9.9419390752,8.82347092924,8.51278533314,6.58653463732,7.33218006796,5.758039714386666,1.5741403535733334,2.23693629192,6.9593573526400005,7.33218006796,9.941939075199999,9.19629364456,9.19629364456,9.941939075200002,7.33218006796,5.012394283746667,5.468066491360001
1640,5.840889206680001,8.077825498600001,6.95935735264,8.077825498600001,11.43322993648,12.7381094401,12.7381094401,14.975045732020002,13.856577586060002,12.7381094401,11.43322993648,13.856577586060002,14.975045732020002,13.856577586060002,14.975045732020002,17.21198202394,19.697466792740002,17.21198202394,16.09351387798,16.09351387798,14.975045732020002,14.975045732020002,12.7381094401,9.19629364456
1641,6.95935735264,5.840889206680001,3.3554044378800003,5.840889206680001,6.95935735264,3.3554044378800003,3.3554044378800003,0.0,3.3554044378800003,0.0,0.0,0.0,5.840889206680001,5.840889206680001,4.72242106072,0.0,0.0,8.077825498600001,8.077825498600001,9.19629364456,19.697466792740002,13.856577586060002,8.077825498600001,8.077825498600001
1642,9.19629364456,6.95935735264,5.840889206680001,13.856577586060002,10.314761790520002,11.43322993648,12.7381094401,12.7381094401,13.856577586060002,11.43322993648,8.077825498600001,8.077825498600001,9.19629364456,4.72242106072,9.19629364456,6.95935735264,3.3554044378800003,6.95935735264,21.934403084659998,28.831623318080002,21.934403084659998,9.19629364456,14.975045732020002,9.19629364456
1643,8.077825498600001,6.95935735264,8.077825498600001,5.840889206680001,6.95935735264,5.840889206680001,5.840889206680001,10.314761790520002,10.314761790520002,8.077825498600001,9.19629364456,8.077825498600001,9.19629364456,14.975045732020002,12.7381094401,13.856577586060002,18.3304501699,12.7381094401,17.21198202394,16.09351387798,13.856577586060002,13.856577586060002,11.43322993648,9.19629364456
1644,11.43322993648,10.314761790520002,11.43322993648,16.09351387798,12.7381094401,13.856577586060002,13.856577586060002,12.7381094401,12.7381094401,11.43322993648,9.19629364456,12.7381094401,9.19629364456,12.7381094401,11.43322993648,9.19629364456,10.314761790520002,5.840889206680001,3.3554044378800003,9.19629364456,10.314761790520002,0.0,0.0,0.0
1645,5.840889206680001,9.19629364456,8.077825498600001,6.95935735264,5.840889206680001,5.840889206680001,8.077825498600001,9.19629364456,6.95935735264,10.314761790520002,9.19629364456,5.840889206680001,8.077825498600001,8.077825498600001,10.314761790520002,19.697466792740002,18.3304501699,13.856577586060002,18.3304501699,21.934403084659998,10.314761790520002,0.0,10.314761790520002,10.314761790520002
1646,5.840889206680001,9.19629364456,3.3554044378800003,6.95935735264,5.840889206680001,8.077825498600001,12.7381094401,9.19629364456,8.077825498600001,10.314761790520002,11.43322993648,6.95935735264,8.077825498600001,5.840889206680001,6.95935735264,8.077825498600001,10.314761790520002,8.077825498600001,10.314761790520002,9.19629364456,9.19629364456,8.077825498600001,0.0,0.0
1647,0.0,0.0,0.0,0.0,3.3554044378800003,5.840889206680001,0.0,0.0,3.3554044378800003,0.0,0.0,5.840889206680001,4.72242106072,4.72242106072,9.19629364456,6.95935735264,10.314761790520002,13.856577586060002,12.7381094401,13.856577586060002,12.7381094401,10.314761790520002,8.077825498600001,8.077825498600001
1648,6.95935735264,4.72242106072,3.3554044378800003,3.3554044378800003,5.840889206680001,6.95935735264,9.19629364456,8.077825498600001,4.72242106072,10.314761790520002,10.314761790520002,11.43322993648,11.43322993648,9.19629364456,6.95935735264,4.72242106072,9.19629364456,9.19629364456,9.19629364456,11.43322993648,12.7381094401,8.077825498600001,4.72242106072,5.840889206680001
1649,8.077825498600001,5.840889206680001,5.840889206680001,9.19629364456,6.95935735264,5.840889206680001,5.840889206680001,3.3554044378800003,4.72242106072,4.72242106072,6.95935735264,4.72242106072,5.840889206680001,4.72242106072,4.72242106072,5.840889206680001,3.3554044378800003,0.0,4.72242106072,3.3554044378800003,0.0,3.3554044378800003,3.3554044378800003,4.72242106072
1650,13.856577586060002,8.077825498600001,9.19629364456,8.077825498600001,9.19629364456,11.43322993648,13.856577586060002,14.975045732020002,12.7381094401,17.21198202394,16.09351387798,13.856577586060002,16.09351387798,17.21198202394,17.21198202394,20.8159349387,19.697466792740002,19.697466792740002,18.3304501699,14.975045732020002,17.21198202394,12.7381094401,10.314761790520002,8.077825498600001
1651,14.622935389773332,20.8159349387,19.697466792740002,17.21198202394,18.3304501699,13.856577586060002,12.7381094401,14.975045732020002,19.697466792740002,17.21198202394,18.3304501699,12.7381094401,13.856577586060002,12.7381094401,16.09351387798,11.43322993648,4.266748853106667,9.19629364456,5.840889206680001,9.19629364456,3.8110766454933334,5.840889206680001,8.88560804846,8.512785333140002
1652,9.19629364456,11.43322993648,11.43322993648,14.975045732020002,13.856577586060002,16.09351387798,16.09351387798,14.975045732020002,11.43322993648,14.975045732020002,14.975045732020002,8.077825498600001,6.95935735264,5.840889206680001,8.077825498600001,11.43322993648,11.43322993648,13.856577586060002,16.09351387798,12.7381094401,16.09351387798,16.09351387798,9.19629364456,10.314761790520002
1653,9.19629364456,13.856577586060002,12.7381094401,8.077825498600001,8.077825498600001,9.19629364456,9.19629364456,11.43322993648,12.7381094401,12.7381094401,11.43322993648,12.7381094401,12.7381094401,14.975045732020002,13.856577586060002,17.21198202394,18.3304501699,16.09351387798,17.21198202394,14.975045732020002,11.43322993648,11.43322993648,16.09351387798,11.43322993648
1654,0.0,1.11846814596,0.0,0.0,0.0,2.23693629192,1.5741403535733334,1.5741403535733334,2.23693629192,3.5211034224666675,1.11846814596,0.0,1.11846814596,1.11846814596,1.11846814596,1.11846814596,1.11846814596,1.11846814596,1.5741403535733334,1.5741403535733334,1.9469630688933337,3.3554044378800003,1.11846814596,1.11846814596
1655,11.43322993648,8.077825498600001,4.72242106072,12.7381094401,8.077825498600001,9.19629364456,0.0,6.95935735264,3.3554044378800003,4.72242106072,3.3554044378800003,5.840889206680001,3.3554044378800003,0.0,0.0,0.0,5.840889206680001,0.0,6.95935735264,5.840889206680001,5.840889206680001,3.3554044378800003,4.72242106072,3.3554044378800003
1656,5.840889206680001,0.0,3.3554044378800003,0.0,4.72242106072,4.72242106072,0.0,0.0,3.3554044378800003,3.3554044378800003,3.3554044378800003,0.0,4.72242106072,5.840889206680001,6.95935735264,6.95935735264,10.314761790520002,10.314761790520002,11.43322993648,11.43322993648,11.43322993648,11.43322993648,6.95935735264,9.19629364456
1657,11.122544340380003,11.495367055700001,12.30314960556,11.495367055700001,9.19629364456,10.68758450584,9.631253479100002,9.19629364456,10.687584505840002,7.7050027832799985,9.19629364456,8.82347092924,10.31476179052,11.930326890240002,11.495367055700001,9.9419390752,11.122544340380001,8.82347092924,6.9593573526400005,5.468066491360001,7.705002783280001,6.58653463732,6.58653463732,7.33218006796
1658,0.0,12.7381094401,14.975045732020002,13.856577586060002,17.21198202394,18.3304501699,14.975045732020002,16.09351387798,0.0,0.0,0.0,0.0,0.0,0.0,0.0,0.0,11.43322993648,12.7381094401,12.7381094401,12.7381094401,14.975045732020002,10.314761790520002,6.95935735264,8.077825498600001
1659,6.95935735264,6.95935735264,5.840889206680001,8.077825498600001,9.19629364456,8.077825498600001,8.077825498600001,8.077825498600001,10.314761790520002,9.19629364456,10.314761790520002,10.314761790520002,8.077825498600001,12.7381094401,9.19629364456,11.43322993648,11.43322993648,13.856577586060002,16.09351387798,16.09351387798,12.7381094401,14.975045732020002,10.314761790520002,9.19629364456
1660,0.0,0.0,3.3554044378800003,0.0,4.72242106072,4.72242106072,3.3554044378800003,3.3554044378800003,4.72242106072,5.840889206680001,9.19629364456,11.43322993648,11.43322993648,9.19629364456,12.7381094401,13.856577586060002,9.19629364456,11.43322993648,8.077825498600001,9.19629364456,13.856577586060002,11.43322993648,6.95935735264,6.95935735264
1661,10.314761790520002,11.43322993648,12.7381094401,9.19629364456,6.95935735264,11.43322993648,9.19629364456,10.314761790520002,10.314761790520002,6.95935735264,10.314761790520002,8.077825498600001,5.840889206680001,4.72242106072,8.077825498600001,5.840889206680001,6.95935735264,6.95935735264,5.840889206680001,6.95935735264,5.840889206680001,6.95935735264,0.0,0.0
1662,8.077825498600001,9.19629364456,6.95935735264,8.077825498600001,6.95935735264,8.077825498600001,9.19629364456,9.19629364456,11.43322993648,10.314761790520002,10.314761790520002,8.077825498600001,10.376898909740001,3.3554044378800003,0.0,4.72242106072,5.840889206680001,3.3554044378800003,5.840889206680001,4.72242106072,3.3554044378800003,4.72242106072,3.3554044378800003,6.95935735264
1663,3.0654312148533336,1.5741403535733334,3.0654312148533336,1.9469630688933337,2.6926084995333337,1.9469630688933337,2.6926084995333337,2.23693629192,1.11846814596,2.6926084995333337,1.11846814596,3.1482807071466667,2.6926084995333337,3.5211034224666675,5.012394283746667,6.213711922000001,10.004076194420001,9.19629364456,9.19629364456,8.82347092924,8.82347092924,8.82347092924,6.503685145026666,4.639571568426668
1664,1.11846814596,4.639571568426668,4.639571568426667,6.503685145026666,3.4382539301733335,3.8939261377866674,5.012394283746667,4.183899360813334,4.266748853106667,3.1482807071466667,0.0,3.120664209715556,3.0654312148533336,2.1402785509111113,1.9469630688933337,1.11846814596,3.8939261377866665,4.556722076133334,4.9709695376,4.2253241069600005,4.59814682228,3.8525013916400006,3.1897054532933335,4.487680832555556
1665,6.95935735264,5.840889206680001,8.077825498600001,8.077825498600001,6.95935735264,5.840889206680001,6.95935735264,5.840889206680001,5.840889206680001,4.72242106072,6.95935735264,5.840889206680001,6.95935735264,5.840889206680001,8.077825498600001,9.19629364456,10.314761790520002,6.95935735264,9.19629364456,9.19629364456,4.72242106072,6.95935735264,6.95935735264,4.72242106072
1666,0.0,0.0,0.0,0.0,0.0,0.0,0.0,0.0,0.0,0.0,0.0,0.0,0.0,0.0,0.0,0.0,4.72242106072,4.72242106072,4.72242106072,3.3554044378800003,0.0,0.0,0.0,0.0
1667,10.314761790520002,8.077825498600001,6.95935735264,4.72242106072,6.95935735264,5.840889206680001,9.19629364456,4.72242106072,8.077825498600001,6.95935735264,11.43322993648,6.95935735264,6.95935735264,5.840889206680001,4.72242106072,6.95935735264,3.3554044378800003,5.840889206680001,4.72242106072,4.72242106072,4.72242106072,3.3554044378800003,5.840889206680001,6.95935735264
1668,4.72242106072,4.72242106072,0.0,3.3554044378800003,4.72242106072,4.72242106072,3.3554044378800003,5.840889206680001,6.95935735264,6.95935735264,4.72242106072,4.72242106072,4.72242106072,4.72242106072,4.72242106072,5.840889206680001,4.72242106072,4.72242106072,4.72242106072,3.3554044378800003,9.19629364456,6.95935735264,6.95935735264,5.840889206680001
1669,0.0,3.3554044378800003,0.0,0.0,4.72242106072,3.3554044378800003,0.0,0.0,0.0,4.72242106072,0.0,0.0,4.72242106072,3.3554044378800003,0.0,3.3554044378800003,4.72242106072,3.3554044378800003,0.0,0.0,0.0,3.3554044378800003,0.0,0.0
1670,6.95935735264,11.43322993648,12.7381094401,6.95935735264,4.72242106072,4.72242106072,5.840889206680001,5.840889206680001,6.95935735264,9.19629364456,5.840889206680001,8.077825498600001,6.95935735264,5.840889206680001,9.19629364456,9.19629364456,12.7381094401,11.43322993648,12.7381094401,17.21198202394,14.975045732020002,14.975045732020002,9.19629364456,8.077825498600001
1671,3.0654312148533336,1.9469630688933337,2.6926084995333337,0.0,1.5741403535733334,0.0,4.639571568426668,3.8110766454933334,2.6926084995333337,3.8110766454933334,5.012394283746667,3.8939261377866665,0.0,1.5741403535733334,0.0,0.0,1.11846814596,2.23693629192,3.0654312148533336,2.23693629192,4.183899360813334,1.11846814596,3.4382539301733335,1.11846814596
1672,8.077825498600001,9.19629364456,3.3554044378800003,3.3554044378800003,4.72242106072,8.077825498600001,8.077825498600001,5.840889206680001,5.840889206680001,6.95935735264,6.95935735264,5.840889206680001,5.840889206680001,0.0,8.077825498600001,0.0,0.0,5.840889206680001,3.3554044378800003,9.19629364456,5.840889206680001,11.43322993648,9.19629364456,10.314761790520002
1673,5.840889206680001,4.72242106072,5.840889206680001,9.19629364456,10.314761790520002,10.314761790520002,8.077825498600001,9.19629364456,9.19629364456,9.19629364456,9.19629364456,9.19629364456,9.19629364456,8.077825498600001,10.314761790520002,13.856577586060002,10.314761790520002,11.43322993648,18.3304501699,14.975045732020002,16.09351387798,12.7381094401,13.856577586060002,12.7381094401
1674,11.43322993648,10.314761790520002,11.43322993648,12.7381094401,13.856577586060002,13.856577586060002,12.7381094401,10.314761790520002,12.7381094401,13.856577586060002,12.7381094401,8.077825498600001,4.72242106072,10.314761790520002,8.077825498600001,9.19629364456,10.314761790520002,12.7381094401,10.314761790520002,13.856577586060002,14.975045732020002,10.314761790520002,6.95935735264,5.840889206680001
1675,0.0,6.95935735264,5.840889206680001,4.72242106072,4.639571568426668,3.3554044378800003,1.9469630688933337,2.6926084995333337,2.6926084995333337,4.639571568426667,3.0654312148533336,3.5211034224666675,0.0,0.0,5.840889206680001,3.3554044378800003,7.33218006796,4.72242106072,4.72242106072,4.72242106072,4.72242106072,6.95935735264,4.72242106072,1.11846814596
1676,0.0,0.0,0.0,0.0,0.0,0.0,0.0,0.0,0.0,4.72242106072,0.0,0.0,0.0,4.72242106072,4.72242106072,3.3554044378800003,3.3554044378800003,0.0,4.72242106072,0.0,0.0,0.0,3.3554044378800003,0.0
1677,0.0,0.0,3.3554044378800003,9.19629364456,4.72242106072,3.3554044378800003,3.3554044378800003,6.95935735264,4.72242106072,5.840889206680001,5.840889206680001,9.19629364456,11.43322993648,10.314761790520002,9.19629364456,9.19629364456,14.975045732020002,11.43322993648,11.43322993648,12.7381094401,13.856577586060002,6.95935735264,6.95935735264,3.3554044378800003
1678,6.95935735264,6.95935735264,11.43322993648,12.7381094401,16.09351387798,11.43322993648,12.7381094401,8.077825498600001,5.840889206680001,8.077825498600001,6.95935735264,8.077825498600001,6.95935735264,8.077825498600001,8.077825498600001,10.314761790520002,11.43322993648,12.7381094401,11.43322993648,9.19629364456,9.19629364456,11.43322993648,8.077825498600001,5.840889206680001
1679,10.314761790520002,8.077825498600001,5.840889206680001,5.840889206680001,0.0,0.0,0.0,0.0,3.3554044378800003,0.0,4.72242106072,3.3554044378800003,3.3554044378800003,0.0,0.0,6.95935735264,4.72242106072,11.43322993648,10.314761790520002,9.19629364456,9.19629364456,4.72242106072,4.72242106072,6.95935735264
1680,10.314761790520002,11.43322993648,11.43322993648,10.314761790520002,12.7381094401,10.314761790520002,14.975045732020002,13.856577586060002,16.09351387798,11.43322993648,8.077825498600001,9.19629364456,9.19629364456,8.077825498600001,11.43322993648,9.19629364456,9.19629364456,13.856577586060002,13.856577586060002,16.09351387798,11.43322993648,13.856577586060002,6.95935735264,4.72242106072
1681,4.266748853106667,5.840889206680001,5.012394283746667,8.077825498600001,5.385216999066667,8.077825498600001,5.840889206680001,10.376898909740001,4.72242106072,3.3554044378800003,5.840889206680001,5.840889206680001,7.249330575666668,3.5211034224666675,8.077825498600001,4.183899360813334,1.9469630688933337,3.0654312148533336,5.468066491360001,3.0654312148533336,3.8939261377866665,3.8939261377866674,2.6926084995333337,2.6926084995333337
1682,8.077825498600001,10.314761790520002,9.19629364456,10.314761790520002,6.95935735264,11.43322993648,8.077825498600001,12.7381094401,10.314761790520002,9.19629364456,9.19629364456,10.314761790520002,10.314761790520002,6.95935735264,8.077825498600001,8.077825498600001,4.72242106072,8.077825498600001,5.840889206680001,5.840889206680001,4.72242106072,5.840889206680001,3.3554044378800003,3.3554044378800003
1683,5.840889206680001,3.3554044378800003,3.3554044378800003,6.95935735264,4.72242106072,3.3554044378800003,6.95935735264,3.3554044378800003,3.3554044378800003,0.0,3.3554044378800003,4.72242106072,3.3554044378800003,3.3554044378800003,6.95935735264,0.0,0.0,0.0,3.3554044378800003,4.72242106072,3.3554044378800003,0.0,0.0,0.0
1684,10.43903602896,11.930326890240002,11.122544340380003,9.941939075200002,10.31476179052,9.19629364456,9.25843076378,8.0778254986,10.376898909740001,8.45064821392,8.82347092924,9.941939075200002,9.9419390752,6.58653463732,4.266748853106667,8.45064821392,8.45064821392,8.450648213920001,7.33218006796,7.70500278328,6.586534637320001,5.385216999066667,5.385216999066667,6.213711922000002
1685,0.0,0.8975361665111112,0.0,0.0,0.0,0.0,0.0,0.0,4.72242106072,0.0,0.0,3.3554044378800003,5.840889206680001,0.0,5.840889206680001,8.077825498600001,4.72242106072,2.6926084995333337,3.3554044378800003,3.3554044378800003,3.3554044378800003,0.0,0.0,0.0
1686,6.95935735264,9.19629364456,6.95935735264,9.19629364456,6.95935735264,6.95935735264,4.72242106072,5.840889206680001,6.95935735264,5.840889206680001,4.72242106072,5.840889206680001,6.95935735264,3.3554044378800003,4.72242106072,4.72242106072,5.840889206680001,3.3554044378800003,4.72242106072,0.0,4.72242106072,4.72242106072,5.840889206680001,4.72242106072
1687,1.5741403535733334,2.6926084995333337,2.23693629192,4.266748853106667,3.8939261377866674,5.468066491360001,4.639571568426667,2.6926084995333337,1.9469630688933337,1.11846814596,1.5741403535733334,3.0654312148533336,1.11846814596,0.0,3.1482807071466667,2.3197857842133334,1.11846814596,3.1482807071466667,1.5741403535733334,3.438253930173334,2.6926084995333337,3.0654312148533336,3.8110766454933334,6.1101500566333335
1688,8.077825498600001,6.95935735264,0.0,0.0,4.72242106072,0.0,0.0,0.0,0.0,3.3554044378800003,4.72242106072,0.0,0.0,0.0,0.0,5.840889206680001,3.3554044378800003,0.0,0.0,3.3554044378800003,3.3554044378800003,3.3554044378800003,10.314761790520002,17.21198202394
1689,4.72242106072,4.72242106072,8.077825498600001,5.840889206680001,4.72242106072,4.72242106072,3.3554044378800003,0.0,0.0,0.0,0.0,0.0,0.0,0.0,0.0,0.0,4.72242106072,5.840889206680001,0.0,3.3554044378800003,3.3554044378800003,0.0,0.0,4.72242106072
1690,1.5741403535733334,1.11846814596,0.0,0.0,2.6926084995333337,1.9469630688933337,1.11846814596,1.5741403535733334,1.9469630688933337,2.23693629192,0.0,0.0,2.6926084995333337,2.6926084995333337,1.11846814596,1.5741403535733334,1.5741403535733334,1.11846814596,0.0,3.8939261377866665,3.4382539301733335,6.213711922000001,6.503685145026668,5.385216999066667
1691,4.72242106072,4.72242106072,5.840889206680001,3.3554044378800003,5.840889206680001,4.72242106072,0.0,4.72242106072,4.72242106072,4.72242106072,3.3554044378800003,0.0,3.3554044378800003,4.72242106072,3.3554044378800003,3.3554044378800003,3.3554044378800003,0.0,0.0,4.72242106072,0.0,4.72242106072,4.72242106072,3.3554044378800003
1692,3.3554044378800003,0.0,0.0,0.0,0.0,0.0,0.0,0.0,0.0,0.0,3.3554044378800003,0.0,0.0,0.0,0.0,0.0,0.0,3.3554044378800003,0.0,6.95935735264,0.0,4.72242106072,0.0,0.0
1693,4.72242106072,6.95935735264,0.0,4.72242106072,5.840889206680001,5.840889206680001,5.840889206680001,0.0,0.0,0.0,0.0,0.0,0.0,4.72242106072,5.840889206680001,4.72242106072,3.3554044378800003,3.3554044378800003,0.0,0.0,3.3554044378800003,5.840889206680001,5.840889206680001,4.72242106072
1694,5.840889206680001,3.3554044378800003,3.3554044378800003,3.3554044378800003,4.72242106072,5.840889206680001,4.72242106072,3.3554044378800003,3.3554044378800003,4.72242106072,3.3554044378800003,3.3554044378800003,0.0,0.0,3.3554044378800003,0.0,0.0,0.0,0.0,0.0,0.0,3.3554044378800003,0.0,0.0
1695,15.741403535733335,16.94272117398667,16.487048966373333,15.368580820413335,16.859871681693335,16.176363370273336,18.786122377513333,19.221082212053336,15.306443701193336,11.868189771019999,13.815152839913333,15.368580820413333,14.622935389773334,10.356186536666668,15.368580820413333,11.495367055700001,11.86818977102,10.74972162506,8.802758556166667,12.303149605560002,15.803540654953336,14.167263182160001,17.294831516233334,19.987440015766666
1696,0.0,4.72242106072,3.3554044378800003,0.0,0.0,0.0,0.0,0.0,0.0,3.3554044378800003,4.72242106072,4.72242106072,4.72242106072,3.3554044378800003,3.3554044378800003,5.840889206680001,5.840889206680001,6.95935735264,4.72242106072,4.72242106072,5.840889206680001,6.95935735264,4.72242106072,0.0
1697,5.840889206680001,3.3554044378800003,5.840889206680001,3.3554044378800003,4.72242106072,3.3554044378800003,0.0,0.0,6.95935735264,3.3554044378800003,4.72242106072,3.3554044378800003,9.19629364456,0.0,5.840889206680001,9.19629364456,13.856577586060002,29.950091464040003,23.052871230620003,21.934403084659998,21.934403084659998,24.17133937658,25.289807522540002,19.697466792740002
1698,0.0,0.0,0.0,0.0,0.0,0.0,0.0,0.0,0.0,0.0,3.3554044378800003,3.3554044378800003,0.0,0.0,0.0,0.0,0.0,3.3554044378800003,4.72242106072,4.72242106072,3.3554044378800003,0.0,0.0,5.840889206680001
1699,0.0,0.0,0.0,0.0,0.0,0.0,0.0,0.0,0.0,0.0,0.0,0.0,4.72242106072,0.0,0.0,0.0,0.0,0.0,0.0,0.0,0.0,0.0,0.0,0.0
1700,4.72242106072,5.840889206680001,3.3554044378800003,0.0,3.3554044378800003,5.840889206680001,4.72242106072,4.72242106072,4.72242106072,0.0,5.840889206680001,0.0,0.0,3.3554044378800003,0.0,4.72242106072,0.0,0.0,0.0,4.72242106072,3.3554044378800003,3.3554044378800003,0.0,3.3554044378800003
1701,5.840889206680001,0.0,0.0,0.0,0.0,0.0,0.0,0.0,0.0,0.0,6.95935735264,0.0,0.0,0.0,0.0,0.0,0.0,0.0,0.0,8.077825498600001,0.0,0.0,0.0,0.0
1702,10.749721625060003,11.930326890240002,10.687584505840002,10.74972162506,10.004076194420001,9.9419390752,6.192999548926667,5.468066491360001,9.6312534791,8.057113125526667,6.959357352640001,6.213711922000002,4.266748853106667,4.639571568426667,6.503685145026668,8.45064821392,8.139962617820002,6.938644979566668,11.205393832673336,10.74972162506,13.131644528493334,19.614617300446668,21.47873087704666,19.98744001576667
1703,5.840889206680001,8.077825498600001,0.0,4.72242106072,4.72242106072,6.95935735264,8.077825498600001,6.95935735264,9.19629364456,9.19629364456,9.19629364456,8.077825498600001,9.19629364456,8.077825498600001,11.43322993648,13.856577586060002,12.7381094401,11.43322993648,10.314761790520002,11.43322993648,11.43322993648,10.314761790520002,6.95935735264,8.077825498600001
1704,3.3554044378800003,4.72242106072,12.7381094401,3.3554044378800003,9.19629364456,6.95935735264,4.72242106072,4.72242106072,4.72242106072,3.3554044378800003,5.840889206680001,4.72242106072,5.840889206680001,4.72242106072,6.95935735264,8.077825498600001,8.077825498600001,9.19629364456,10.314761790520002,9.19629364456,5.840889206680001,11.43322993648,11.43322993648,8.077825498600001
1705,17.21198202394,20.8159349387,19.697466792740002,19.697466792740002,17.21198202394,14.975045732020002,17.21198202394,16.09351387798,16.09351387798,14.975045732020002,11.43322993648,9.19629364456,11.43322993648,9.19629364456,8.077825498600001,10.314761790520002,9.19629364456,6.95935735264,3.3554044378800003,4.72242106072,4.72242106072,4.72242106072,5.840889206680001,3.3554044378800003
1706,3.3554044378800003,0.0,4.72242106072,0.0,0.0,3.3554044378800003,0.0,0.0,0.0,3.3554044378800003,4.72242106072,4.72242106072,6.95935735264,0.0,3.3554044378800003,4.72242106072,9.19629364456,11.43322993648,6.95935735264,8.077825498600001,8.077825498600001,9.19629364456,3.3554044378800003,3.3554044378800003
1707,0.0,0.0,4.72242106072,6.95935735264,8.077825498600001,5.840889206680001,4.72242106072,3.3554044378800003,5.840889206680001,4.72242106072,6.95935735264,6.95935735264,6.95935735264,5.840889206680001,4.72242106072,4.72242106072,9.19629364456,8.077825498600001,5.840889206680001,6.95935735264,5.840889206680001,6.95935735264,4.72242106072,4.72242106072
1708,16.09351387798,16.09351387798,12.7381094401,12.7381094401,5.840889206680001,5.840889206680001,8.077825498600001,5.840889206680001,5.840889206680001,5.840889206680001,5.840889206680001,5.840889206680001,8.077825498600001,3.3554044378800003,6.95935735264,5.840889206680001,6.95935735264,4.72242106072,9.19629364456,9.19629364456,11.43322993648,10.314761790520002,13.856577586060002,13.856577586060002
1709,0.0,0.0,0.0,0.0,0.0,0.0,0.0,0.0,0.0,0.0,0.0,1.11846814596,0.0,3.3554044378800003,0.0,0.0,0.0,4.72242106072,1.11846814596,0.0,0.0,0.0,0.0,0.0
1710,0.0,0.0,0.0,0.0,1.11846814596,0.0,3.5211034224666675,3.1482807071466667,5.012394283746667,1.5741403535733334,2.3197857842133334,2.3197857842133334,0.0,0.0,0.0,0.0,0.0,0.0,0.0,0.0,0.0,0.0,0.0,0.0
1711,5.840889206680001,3.3554044378800003,3.3554044378800003,0.0,0.0,0.0,0.0,5.840889206680001,0.0,8.077825498600001,5.840889206680001,0.0,8.077825498600001,6.95935735264,5.840889206680001,6.95935735264,3.3554044378800003,4.72242106072,0.0,0.0,4.72242106072,5.840889206680001,4.72242106072,0.0
1712,8.077825498600001,8.077825498600001,6.95935735264,9.19629364456,6.95935735264,4.72242106072,4.72242106072,8.077825498600001,5.840889206680001,6.95935735264,5.840889206680001,6.95935735264,5.840889206680001,6.95935735264,3.3554044378800003,2.9135404789822226,3.3554044378800003,4.72242106072,0.0,0.0,3.3554044378800003,4.72242106072,0.0,5.840889206680001
1713,11.43322993648,10.314761790520002,10.314761790520002,10.314761790520002,9.19629364456,14.975045732020002,12.7381094401,8.077825498600001,8.077825498600001,12.7381094401,14.975045732020002,13.856577586060002,10.314761790520002,10.314761790520002,5.840889206680001,11.43322993648,10.314761790520002,11.43322993648,12.7381094401,10.314761790520002,8.077825498600001,9.19629364456,6.95935735264,4.72242106072
1714,0.0,0.0,0.0,0.0,0.0,0.0,0.0,0.0,0.0,0.0,0.0,0.0,0.0,0.0,0.0,0.0,0.0,0.0,0.0,0.0,0.0,0.0,0.0,0.0
1715,12.593122828586667,17.605517112333334,11.101831967306666,20.360262731086667,17.688366604626665,15.741403535733332,14.622935389773332,12.220300113266667,9.631253479100002,11.101831967306667,10.294049417446667,13.442330124593335,11.785340278726666,17.294831516233334,18.04047694687333,16.09351387798,16.94272117398667,11.1846814596,10.004076194420001,13.48375487074,14.975045732020002,12.241012486340002,12.67597232088,11.495367055700001
1716,8.222812110113336,9.320567883,11.474654682626669,13.856577586060002,11.43322993648,13.856577586060002,17.21198202394,16.09351387798,17.21198202394,12.7381094401,6.95935735264,9.19629364456,10.604735013546668,13.732303347620002,12.675972320880001,14.029180695004447,14.042988943720003,13.173069274640001,16.121130375411113,15.596416924220001,14.975045732020002,15.099319970460002,12.77953418624667,11.391805190333335
1717,5.840889206680001,0.0,4.72242106072,0.0,0.0,0.0,0.0,0.0,0.0,0.0,0.0,0.0,0.0,0.0,0.0,5.840889206680001,0.0,0.0,4.72242106072,5.840889206680001,3.3554044378800003,6.95935735264,4.72242106072,5.84088920668
1718,1.11846814596,1.5741403535733334,3.1482807071466667,3.4382539301733335,1.11846814596,3.5211034224666675,1.5741403535733334,1.11846814596,1.5741403535733334,1.5741403535733334,0.0,1.5741403535733334,2.23693629192,1.11846814596,0.0,1.11846814596,1.9469630688933337,3.1482807071466667,1.11846814596,2.6926084995333337,2.23693629192,1.5741403535733334,2.23693629192,3.5211034224666675
1719,3.3554044378800003,0.0,0.0,3.3554044378800003,3.3554044378800003,3.3554044378800003,5.840889206680001,4.72242106072,8.077825498600001,4.72242106072,5.840889206680001,6.95935735264,10.314761790520002,8.077825498600001,8.077825498600001,5.840889206680001,11.43322993648,10.314761790520002,10.314761790520002,10.314761790520002,11.43322993648,9.19629364456,10.314761790520002,10.314761790520002
1720,0.0,3.3554044378800003,0.0,5.840889206680001,5.840889206680001,5.840889206680001,5.840889206680001,0.0,0.0,0.0,4.72242106072,0.0,0.0,0.0,0.0,0.0,3.3554044378800003,0.0,0.0,3.3554044378800003,4.72242106072,0.0,4.72242106072,4.72242106072
1721,9.19629364456,8.077825498600001,8.077825498600001,6.95935735264,6.95935735264,5.840889206680001,6.95935735264,8.077825498600001,6.95935735264,9.19629364456,8.077825498600001,5.840889206680001,3.3554044378800003,4.72242106072,0.0,3.3554044378800003,4.72242106072,0.0,0.0,3.3554044378800003,3.3554044378800003,0.0,0.0,3.3554044378800003
1722,0.0,4.72242106072,4.72242106072,3.3554044378800003,10.314761790520002,9.19629364456,10.314761790520002,16.09351387798,16.09351387798,14.975045732020002,12.7381094401,11.43322993648,8.077825498600001,9.19629364456,5.840889206680001,11.43322993648,8.077825498600001,8.077825498600001,13.856577586060002,11.43322993648,9.19629364456,11.43322993648,9.19629364456,6.95935735264
1723,14.975045732020002,13.856577586060002,19.697466792740002,20.8159349387,18.3304501699,18.3304501699,17.21198202394,12.7381094401,14.975045732020002,13.856577586060002,13.856577586060002,16.09351387798,11.43322993648,9.19629364456,11.43322993648,11.43322993648,12.7381094401,11.43322993648,10.314761790520002,11.43322993648,12.7381094401,11.43322993648,13.856577586060002,8.077825498600001
1724,0.0,0.0,0.0,0.0,0.0,0.0,0.0,0.0,0.0,0.0,0.0,4.72242106072,5.840889206680001,3.3554044378800003,4.72242106072,3.3554044378800003,0.0,0.0,0.0,0.0,0.0,0.0,3.3554044378800003,5.840889206680001
1725,4.72242106072,4.72242106072,9.19629364456,6.95935735264,11.43322993648,8.077825498600001,8.077825498600001,12.7381094401,12.7381094401,10.314761790520002,9.19629364456,9.19629364456,5.840889206680001,8.077825498600001,9.19629364456,9.19629364456,6.95935735264,10.314761790520002,11.43322993648,10.314761790520002,12.7381094401,8.077825498600001,5.840889206680001,5.840889206680001
1726,6.95935735264,6.95935735264,11.43322993648,5.840889206680001,3.3554044378800003,0.0,0.0,0.0,3.3554044378800003,3.3554044378800003,3.3554044378800003,3.3554044378800003,0.0,3.3554044378800003,0.0,5.840889206680001,4.72242106072,4.72242106072,0.0,5.840889206680001,0.0,4.72242106072,5.840889206680001,4.72242106072
1727,11.930326890240002,13.0487950362,12.67597232088,14.622935389773334,16.114226251053335,15.368580820413333,16.176363370273336,15.368580820413333,13.421617751520001,12.675972320880001,11.1846814596,11.930326890240002,11.930326890240002,11.122544340380001,13.0487950362,13.0487950362,13.48375487074,16.09351387798,10.314761790520002,11.43322993648,11.43322993648,16.09351387798,18.3304501699,12.7381094401
1728,0.0,0.0,0.0,0.0,0.0,0.0,0.0,0.0,0.0,0.0,0.0,0.0,0.0,0.0,0.0,0.0,0.0,5.840889206680001,0.0,0.0,0.0,0.0,0.0,0.0
1729,3.0654312148533336,1.9469630688933337,2.6926084995333337,3.8939261377866665,1.11846814596,1.11846814596,1.11846814596,3.1482807071466667,1.11846814596,1.5741403535733334,0.0,0.0,0.0,1.11846814596,1.5741403535733334,1.5741403535733334,0.0,1.11846814596,1.11846814596,1.5741403535733334,0.0,2.6926084995333337,0.0,0.0
1730,3.5211034224666675,4.183899360813334,2.6926084995333337,6.58653463732,6.9593573526400005,5.095243776040001,5.758039714386666,6.9593573526400005,6.213711922000001,4.639571568426668,2.23693629192,3.5211034224666675,3.5211034224666675,0.0,1.9469630688933337,1.11846814596,5.095243776040001,4.266748853106667,5.095243776040001,5.758039714386668,5.840889206680001,4.266748853106667,5.385216999066667,1.11846814596
1731,10.68758450584,11.06040722116,13.794440466840001,13.421617751520003,15.803540654953336,14.229400301380002,13.794440466840001,10.68758450584,10.004076194420001,12.675972320880001,11.495367055700001,13.421617751520003,11.86818977102,11.122544340380001,11.495367055700001,10.74972162506,10.37689890974,11.86818977102,14.250112674453336,12.241012486340002,12.696684693953335,11.495367055700001,13.0487950362,10.811858744280002
1732,3.3554044378800003,3.0654312148533336,1.11846814596,2.23693629192,3.0654312148533336,0.0,1.5741403535733334,2.3197857842133334,1.9469630688933337,1.9469630688933337,3.4382539301733335,3.0654312148533336,4.266748853106667,3.4382539301733335,5.758039714386666,7.33218006796,8.82347092924,6.876507860346667,9.25843076378,10.004076194420001,9.19629364456,7.33218006796,6.213711922000001,6.9593573526400005
1733,5.5923407298,4.970969537600001,2.4854847688,3.9353508839333338,3.7282271532,1.8641135766,3.3139796917333335,5.385216999066667,5.178093268333334,4.142474614666667,5.5923407298,6.006588191266666,7.4564543064,7.042206844933333,9.941939075200002,10.356186536666668,11.598928921066667,9.113444152266668,8.284949229333334,8.077825498600001,8.492072960066666,8.0778254986,6.4208356527333335,7.249330575666666
1734,9.19629364456,11.122544340380001,8.077825498600001,13.0487950362,8.82347092924,12.61383520166,11.930326890240002,18.786122377513333,14.995758105093335,15.368580820413333,10.37689890974,9.56911635988,19.24179458512667,18.868971869806668,16.19707574334667,16.19707574334667,14.167263182160001,17.667654231553335,25.351944641760003,27.651018052900003,20.360262731086667,19.24179458512667,18.868971869806668,12.241012486340002
1735,5.012394283746667,6.503685145026666,4.183899360813334,7.249330575666669,7.622153290986668,7.249330575666669,6.130862429706667,5.468066491360001,7.70500278328,2.6926084995333337,6.192999548926667,6.9593573526400005,4.183899360813334,3.8110766454933334,4.556722076133334,6.130862429706667,1.11846814596,2.23693629192,2.6926084995333337,5.0123942837466675,5.820176833606666,6.1101500566333335,4.639571568426667,6.130862429706667
1736,1.5741403535733334,4.183899360813334,5.385216999066667,2.6926084995333337,3.1482807071466667,1.11846814596,1.11846814596,0.0,2.23693629192,0.0,0.0,1.11846814596,2.23693629192,2.23693629192,1.5741403535733334,1.5741403535733334,5.468066491360001,4.639571568426668,5.09524377604,5.840889206680001,5.3852169990666665,5.758039714386666,5.095243776040001,2.6926084995333337
1737,8.077825498600001,5.758039714386666,5.0123942837466675,5.012394283746667,3.811076645493334,3.0654312148533336,1.11846814596,1.5741403535733334,3.4382539301733335,4.639571568426667,3.5211034224666675,2.23693629192,3.0654312148533336,3.0654312148533336,3.0654312148533336,3.0654312148533336,1.9469630688933337,0.0,1.11846814596,3.8110766454933334,7.3321800679599995,5.3852169990666665,6.58653463732,8.077825498600001
1738,6.58653463732,2.23693629192,1.11846814596,3.0654312148533336,2.23693629192,1.11846814596,5.385216999066667,1.11846814596,2.6926084995333337,2.6926084995333337,0.0,1.5741403535733334,1.9469630688933337,2.23693629192,4.266748853106667,2.23693629192,1.11846814596,3.1482807071466667,2.6926084995333337,1.11846814596,5.468066491360001,6.9593573526400005,7.705002783280001,7.705002783280001
1739,19.697466792740002,10.314761790520002,13.856577586060002,16.09351387798,13.856577586060002,18.3304501699,19.697466792740002,4.72242106072,10.314761790520002,8.077825498600001,3.3554044378800003,8.077825498600001,4.72242106072,0.0,0.0,0.0,0.0,0.0,0.0,0.0,10.314761790520002,6.95935735264,11.43322993648,10.314761790520002
1740,8.82347092924,9.25843076378,5.758039714386666,3.0654312148533336,4.266748853106667,2.23693629192,3.1482807071466667,3.4382539301733335,0.0,2.23693629192,3.1482807071466667,3.0654312148533336,4.266748853106667,3.1482807071466667,5.758039714386666,4.639571568426668,3.5211034224666675,1.11846814596,10.74972162506,11.495367055700001,10.31476179052,16.4663365933,16.922008800913332,15.34786844734
1741,0.0,3.3554044378800003,4.72242106072,4.72242106072,0.0,0.0,4.72242106072,5.840889206680001,9.19629364456,8.077825498600001,9.19629364456,10.314761790520002,8.077825498600001,10.314761790520002,9.19629364456,5.840889206680001,8.077825498600001,6.95935735264,3.3554044378800003,0.0,4.72242106072,9.19629364456,9.19629364456,9.19629364456
1742,4.72242106072,5.840889206680001,6.95935735264,6.95935735264,6.95935735264,10.314761790520002,11.43322993648,12.7381094401,10.314761790520002,6.95935735264,8.077825498600001,4.72242106072,3.3554044378800003,0.0,5.840889206680001,5.840889206680001,8.077825498600001,8.077825498600001,9.19629364456,12.7381094401,9.19629364456,9.19629364456,6.95935735264,3.3554044378800003
1743,3.3554044378800003,0.0,0.0,4.72242106072,0.0,2.23693629192,3.0654312148533336,2.6926084995333337,3.3554044378800003,3.1482807071466667,3.3554044378800003,0.0,0.0,0.0,0.0,0.0,5.840889206680001,3.3554044378800003,0.0,5.840889206680001,0.0,6.95935735264,0.0,4.72242106072
1744,5.840889206680001,4.72242106072,0.0,3.3554044378800003,0.0,0.0,0.0,0.0,0.0,0.0,0.0,3.3554044378800003,0.0,3.3554044378800003,6.95935735264,3.3554044378800003,0.0,4.72242106072,3.3554044378800003,4.72242106072,0.0,8.077825498600001,0.0,3.3554044378800003
1745,11.43322993648,8.077825498600001,6.95935735264,6.95935735264,4.72242106072,5.840889206680001,6.95935735264,4.72242106072,8.077825498600001,5.840889206680001,5.840889206680001,6.95935735264,5.840889206680001,8.077825498600001,8.077825498600001,10.314761790520002,13.856577586060002,17.21198202394,11.43322993648,13.856577586060002,9.19629364456,12.7381094401,9.19629364456,5.840889206680001
1746,8.077825498600001,9.19629364456,10.314761790520002,11.43322993648,11.43322993648,14.975045732020002,10.314761790520002,16.09351387798,14.975045732020002,10.314761790520002,13.856577586060002,9.19629364456,17.21198202394,11.43322993648,11.43322993648,13.856577586060002,18.3304501699,19.697466792740002,23.052871230620003,20.8159349387,23.052871230620003,17.21198202394,16.09351387798,18.3304501699
1747,3.3554044378800003,0.0,4.72242106072,0.0,0.0,0.0,0.0,0.0,3.3554044378800003,0.0,4.72242106072,4.72242106072,4.72242106072,0.0,0.0,0.0,3.3554044378800003,8.077825498600001,4.72242106072,3.3554044378800003,0.0,0.0,4.72242106072,3.3554044378800003
1748,3.1482807071466667,2.6926084995333337,1.5741403535733334,1.9469630688933337,3.0654312148533336,3.0654312148533336,3.0654312148533336,2.6926084995333337,3.0654312148533336,3.4382539301733335,3.8939261377866665,3.5211034224666675,3.0654312148533336,4.639571568426668,3.5211034224666675,5.385216999066667,7.705002783280001,2.6926084995333337,1.5741403535733334,3.8939261377866674,4.639571568426668,3.8939261377866665,3.5211034224666675,0.0
1749,0.0,0.0,3.3554044378800003,0.0,0.0,0.0,0.0,0.0,3.3554044378800003,0.0,0.0,3.3554044378800003,0.0,3.1482807071466667,0.0,0.0,3.3554044378800003,3.3554044378800003,0.0,0.0,0.0,0.0,0.0,0.0
1750,12.7381094401,11.43322993648,16.09351387798,12.7381094401,8.077825498600001,9.19629364456,9.19629364456,10.314761790520002,10.314761790520002,8.077825498600001,6.95935735264,6.95935735264,10.314761790520002,6.95935735264,6.95935735264,8.077825498600001,6.95935735264,6.95935735264,9.19629364456,9.19629364456,4.72242106072,5.840889206680001,11.43322993648,0.0
1751,16.09351387798,11.43322993648,13.856577586060002,12.7381094401,14.975045732020002,16.09351387798,17.21198202394,17.21198202394,16.09351387798,14.975045732020002,12.7381094401,10.314761790520002,10.314761790520002,14.975045732020002,5.840889206680001,10.314761790520002,14.975045732020002,16.09351387798,12.7381094401,16.09351387798,17.21198202394,9.19629364456,5.840889206680001,12.7381094401
1752,11.43322993648,9.19629364456,9.19629364456,5.840889206680001,8.077825498600001,10.314761790520002,5.840889206680001,4.72242106072,6.95935735264,3.3554044378800003,6.95935735264,4.72242106072,4.72242106072,5.840889206680001,4.72242106072,5.840889206680001,1.5741403535733334,0.0,0.0,6.95935735264,4.72242106072,3.3554044378800003,0.0,0.0
1753,3.3554044378800003,5.840889206680001,3.3554044378800003,3.3554044378800003,0.0,4.72242106072,9.19629364456,4.72242106072,3.3554044378800003,6.95935735264,0.0,5.840889206680001,5.840889206680001,5.840889206680001,3.3554044378800003,8.077825498600001,9.19629364456,6.95935735264,9.19629364456,6.95935735264,5.840889206680001,4.72242106072,3.3554044378800003,3.3554044378800003
1754,1.11846814596,1.9469630688933337,1.5741403535733334,3.5211034224666675,3.8939261377866665,1.5741403535733334,3.0654312148533336,3.8939261377866665,1.5741403535733334,1.5741403535733334,0.0,1.11846814596,0.0,1.11846814596,1.11846814596,3.5211034224666675,2.6926084995333337,1.5741403535733334,1.5741403535733334,4.639571568426667,5.385216999066667,3.5211034224666675,2.6926084995333337,2.6926084995333337
1755,5.840889206680001,6.95935735264,0.0,0.0,6.95935735264,0.0,0.0,0.0,0.0,0.0,0.0,0.0,0.0,0.0,0.0,0.0,0.0,0.0,0.0,0.0,5.840889206680001,3.3554044378800003,3.3554044378800003,0.0
1756,5.840889206680001,5.840889206680001,9.19629364456,8.077825498600001,4.72242106072,3.3554044378800003,13.856577586060002,13.856577586060002,14.975045732020002,13.856577586060002,11.43322993648,12.7381094401,14.975045732020002,14.975045732020002,12.7381094401,13.856577586060002,16.09351387798,18.3304501699,14.975045732020002,17.21198202394,17.21198202394,13.856577586060002,11.43322993648,11.43322993648
1757,0.0,3.590144666044445,2.9825817225600004,3.7696518993466674,4.69480456328889,4.69480456328889,4.9709695376,6.351794409155556,7.7602357781422215,8.754429685662222,8.6991966908,6.938644979566668,4.69480456328889,2.0988538047644445,3.4175415571000003,4.618859195353333,5.191901517048889,5.606148978515556,4.114858117235556,2.9687734738444447,5.219518014480001,6.938644979566668,4.087241619804445,3.590144666044445
1758,0.0,0.0,0.0,4.72242106072,6.95935735264,4.72242106072,0.0,3.3554044378800003,0.0,3.3554044378800003,3.3554044378800003,0.0,0.0,3.3554044378800003,0.0,4.72242106072,6.95935735264,4.72242106072,6.95935735264,4.72242106072,3.3554044378800003,4.72242106072,3.3554044378800003,3.3554044378800003
1759,5.820176833606666,9.631253479100002,11.930326890240002,12.675972320880001,10.749721625060003,11.122544340380001,6.192999548926667,9.631253479100002,7.684290410206668,10.00407619442,9.25843076378,10.314761790520002,13.794440466840001,10.376898909740001,10.37689890974,6.213711921999999,11.86818977102,9.258430763780002,8.450648213920001,4.556722076133334,5.385216999066667,6.130862429706667,7.684290410206668,10.00407619442
1760,14.975045732020002,14.975045732020002,17.21198202394,11.43322993648,11.43322993648,10.314761790520002,8.077825498600001,5.840889206680001,5.840889206680001,4.72242106072,8.077825498600001,9.19629364456,9.19629364456,5.840889206680001,9.19629364456,4.72242106072,0.0,0.0,0.0,3.3554044378800003,8.077825498600001,4.72242106072,3.3554044378800003,4.72242106072
1761,6.95935735264,9.19629364456,8.077825498600001,5.840889206680001,4.72242106072,5.840889206680001,5.840889206680001,5.840889206680001,5.840889206680001,5.840889206680001,5.840889206680001,6.95935735264,5.840889206680001,5.840889206680001,5.840889206680001,5.840889206680001,6.95935735264,4.72242106072,3.3554044378800003,3.3554044378800003,3.3554044378800003,4.72242106072,3.3554044378800003,3.3554044378800003
1762,10.314761790520002,12.7381094401,8.077825498600001,9.19629364456,10.314761790520002,9.19629364456,8.077825498600001,6.95935735264,5.840889206680001,9.19629364456,8.077825498600001,9.19629364456,9.19629364456,9.19629364456,8.077825498600001,6.95935735264,8.077825498600001,3.3554044378800003,4.72242106072,5.840889206680001,3.3554044378800003,3.3554044378800003,3.3554044378800003,4.72242106072
1763,0.0,0.0,0.0,0.0,0.0,0.0,0.0,0.0,0.0,0.0,0.0,5.840889206680001,0.0,0.0,0.0,0.0,3.3554044378800003,0.0,0.0,0.0,0.0,0.0,0.0,0.0
1764,17.21198202394,26.4082756685,17.21198202394,27.713155172120004,19.697466792740002,21.934403084659998,20.8159349387,16.09351387798,8.077825498600001,13.856577586060002,16.09351387798,11.43322993648,11.039694848086668,16.09351387798,16.09351387798,16.09351387798,19.697466792740002,13.856577586060002,11.43322993648,13.856577586060002,14.975045732020002,10.314761790520002,5.840889206680001,6.95935735264
1765,8.802758556166667,9.25843076378,6.793658368053333,6.089437683560001,8.077825498600001,6.917932606493334,8.0778254986,6.213711922000001,3.3968291840266667,8.450648213920001,6.58653463732,6.130862429706667,5.012394283746667,3.8939261377866665,6.9593573526400005,1.2427423844,2.23693629192,3.1897054532933335,3.811076645493334,5.012394283746667,5.385216999066667,8.077825498600001,3.0654312148533336,8.326373975480001
1766,0.0,0.0,4.72242106072,4.72242106072,0.0,3.3554044378800003,0.0,3.3554044378800003,0.0,4.72242106072,4.72242106072,0.0,3.3554044378800003,0.0,0.0,5.840889206680001,3.3554044378800003,8.077825498600001,4.72242106072,0.0,3.3554044378800003,16.09351387798,8.077825498600001,0.0
1767,8.077825498600001,6.95935735264,6.95935735264,11.43322993648,9.19629364456,9.19629364456,8.077825498600001,8.077825498600001,9.19629364456,6.95935735264,6.95935735264,9.19629364456,5.840889206680001,5.840889206680001,6.95935735264,8.077825498600001,5.840889206680001,5.840889206680001,6.95935735264,6.95935735264,6.95935735264,0.0,0.0,3.3554044378800003
1768,3.3554044378800003,0.0,0.0,0.0,0.0,4.72242106072,6.95935735264,3.3554044378800003,0.0,0.0,6.95935735264,6.95935735264,4.72242106072,3.3554044378800003,0.0,0.0,0.0,0.0,0.0,3.3554044378800003,3.3554044378800003,0.0,0.0,4.72242106072
1769,0.0,0.0,0.0,5.840889206680001,0.0,4.72242106072,5.840889206680001,6.95935735264,3.3554044378800003,3.3554044378800003,0.0,3.3554044378800003,5.840889206680001,4.72242106072,3.3554044378800003,6.95935735264,9.19629364456,9.19629364456,6.95935735264,8.077825498600001,6.95935735264,5.840889206680001,3.3554044378800003,0.0
1770,0.0,0.0,0.0,0.0,0.0,0.0,0.0,1.5741403535733334,3.1482807071466667,0.0,1.9469630688933337,3.438253930173334,2.6926084995333337,3.4382539301733335,1.11846814596,2.6926084995333337,3.5211034224666675,3.1482807071466667,1.5741403535733334,1.11846814596,1.5741403535733334,1.11846814596,1.5741403535733334,1.5741403535733334
1771,8.077825498600001,5.840889206680001,0.0,3.3554044378800003,6.95935735264,4.72242106072,6.95935735264,3.3554044378800003,4.72242106072,5.840889206680001,3.3554044378800003,4.72242106072,6.95935735264,8.077825498600001,5.840889206680001,4.72242106072,0.0,0.0,3.3554044378800003,10.314761790520002,6.95935735264,3.3554044378800003,14.975045732020002,12.7381094401
1772,6.95935735264,3.3554044378800003,5.840889206680001,8.077825498600001,4.72242106072,3.3554044378800003,0.0,3.3554044378800003,0.0,3.3554044378800003,4.72242106072,4.72242106072,0.0,0.0,0.0,4.72242106072,3.3554044378800003,3.3554044378800003,3.3554044378800003,4.72242106072,5.840889206680001,6.95935735264,5.840889206680001,6.95935735264
1773,0.0,0.0,0.0,0.0,0.0,0.0,0.0,3.3554044378800003,4.72242106072,4.72242106072,0.0,3.3554044378800003,0.0,0.0,3.3554044378800003,3.3554044378800003,0.0,0.0,0.0,0.0,0.0,3.3554044378800003,0.0,0.0
1774,9.19629364456,10.314761790520002,11.43322993648,5.840889206680001,4.72242106072,4.72242106072,0.0,0.0,4.72242106072,5.840889206680001,0.0,0.0,3.3554044378800003,0.0,3.3554044378800003,0.0,4.72242106072,0.0,4.72242106072,4.72242106072,3.3554044378800003,0.0,0.0,0.0
1775,0.0,5.840889206680001,10.314761790520002,3.3554044378800003,6.95935735264,6.95935735264,3.3554044378800003,11.43322993648,8.077825498600001,16.09351387798,10.314761790520002,11.43322993648,12.7381094401,18.3304501699,18.3304501699,18.3304501699,16.09351387798,12.7381094401,10.314761790520002,8.077825498600001,6.95935735264,11.43322993648,10.314761790520002,10.314761790520002
1776,3.8939261377866674,2.23693629192,3.5211034224666675,3.0654312148533336,6.213711921999999,2.23693629192,2.23693629192,6.130862429706667,5.840889206680001,5.012394283746667,5.758039714386666,4.266748853106667,3.438253930173334,3.5211034224666675,1.11846814596,4.183899360813334,9.941939075200002,8.82347092924,7.249330575666668,12.303149605560002,9.983363821346668,14.622935389773334,9.196293644559999,10.832571117353334
1777,5.840889206680001,5.840889206680001,5.840889206680001,5.840889206680001,0.0,3.3554044378800003,5.840889206680001,6.95935735264,4.72242106072,4.72242106072,6.95935735264,5.840889206680001,4.72242106072,0.0,4.72242106072,0.0,3.3554044378800003,5.840889206680001,3.3554044378800003,4.72242106072,6.95935735264,3.3554044378800003,4.72242106072,3.3554044378800003
1778,3.3554044378800003,4.72242106072,0.0,4.72242106072,5.840889206680001,0.0,4.72242106072,0.0,3.3554044378800003,0.0,0.0,3.3554044378800003,3.3554044378800003,0.0,4.72242106072,3.3554044378800003,4.72242106072,6.95935735264,11.43322993648,5.840889206680001,12.7381094401,13.856577586060002,9.19629364456,13.856577586060002
1779,2.3197857842133334,4.183899360813334,2.23693629192,2.3197857842133334,3.4382539301733335,5.385216999066667,3.811076645493334,3.811076645493334,4.266748853106667,6.586534637320001,5.09524377604,5.840889206680001,5.840889206680001,5.385216999066667,3.4382539301733335,4.639571568426668,4.266748853106667,1.5741403535733334,4.639571568426667,4.72242106072,2.6926084995333337,5.468066491360001,6.213711922000001,6.58653463732
1780,4.72242106072,3.3554044378800003,3.3554044378800003,4.72242106072,0.0,0.0,0.0,5.840889206680001,14.975045732020002,8.077825498600001,16.09351387798,17.21198202394,20.8159349387,14.975045732020002,12.7381094401,19.697466792740002,23.052871230620003,9.19629364456,13.856577586060002,11.43322993648,19.697466792740002,14.975045732020002,18.3304501699,12.7381094401
1781,6.9593573526400005,5.468066491360001,5.385216999066667,3.5211034224666675,5.012394283746667,4.639571568426668,3.5211034224666675,3.4382539301733335,2.6926084995333337,3.4382539301733335,2.3197857842133334,3.0654312148533336,3.811076645493334,2.6926084995333337,7.70500278328,10.68758450584,11.495367055700001,10.687584505840002,11.495367055700001,11.495367055700001,9.19629364456,11.122544340380003,10.74972162506,8.077825498600001
1782,6.95935735264,4.72242106072,8.077825498600001,0.0,5.840889206680001,4.72242106072,6.95935735264,5.840889206680001,6.95935735264,4.72242106072,4.72242106072,6.95935735264,3.3554044378800003,4.72242106072,0.0,3.3554044378800003,5.840889206680001,0.0,4.72242106072,5.840889206680001,3.3554044378800003,0.0,5.840889206680001,3.3554044378800003
1783,4.72242106072,8.077825498600001,5.840889206680001,6.95935735264,6.95935735264,6.95935735264,6.95935735264,8.077825498600001,4.72242106072,5.840889206680001,5.840889206680001,6.95935735264,6.95935735264,6.95935735264,8.077825498600001,6.95935735264,9.19629364456,5.840889206680001,5.840889206680001,8.077825498600001,6.95935735264,5.840889206680001,4.72242106072,0.0
1784,0.0,0.0,0.0,0.0,3.3554044378800003,0.0,4.72242106072,10.314761790520002,6.95935735264,5.840889206680001,11.43322993648,8.077825498600001,16.09351387798,16.09351387798,14.975045732020002,10.314761790520002,10.314761790520002,11.43322993648,9.19629364456,10.314761790520002,9.19629364456,10.314761790520002,5.840889206680001,0.0
1785,3.3554044378800003,4.72242106072,0.0,4.72242106072,5.840889206680001,6.95935735264,9.19629364456,6.95935735264,3.3554044378800003,8.077825498600001,10.314761790520002,4.72242106072,0.0,3.3554044378800003,4.72242106072,3.3554044378800003,0.0,5.840889206680001,8.077825498600001,6.95935735264,0.0,0.0,0.0,3.3554044378800003
1786,8.077825498600001,9.19629364456,8.077825498600001,6.95935735264,10.314761790520002,13.856577586060002,8.077825498600001,13.856577586060002,5.840889206680001,0.0,4.72242106072,6.95935735264,9.19629364456,5.840889206680001,5.840889206680001,8.077825498600001,9.19629364456,6.95935735264,8.077825498600001,13.856577586060002,13.856577586060002,11.43322993648,5.840889206680001,6.95935735264
1787,9.19629364456,6.95935735264,6.95935735264,6.95935735264,4.72242106072,6.95935735264,0.0,0.0,0.0,4.72242106072,3.3554044378800003,3.3554044378800003,4.72242106072,5.840889206680001,3.3554044378800003,4.72242106072,6.95935735264,8.077825498600001,5.840889206680001,5.840889206680001,5.840889206680001,0.0,0.0,4.72242106072
1788,0.0,3.3554044378800003,3.3554044378800003,0.0,0.0,0.0,0.0,0.0,0.0,0.0,0.0,0.0,0.0,0.0,0.0,0.0,3.3554044378800003,5.840889206680001,0.0,0.0,3.3554044378800003,0.0,0.0,0.0
1789,0.0,0.0,3.3554044378800003,0.0,0.0,3.1482807071466667,0.0,0.0,0.0,0.0,0.0,0.0,0.0,3.3554044378800003,0.0,3.3554044378800003,4.72242106072,4.72242106072,4.72242106072,6.95935735264,0.0,6.95935735264,0.0,0.0
1790,5.840889206680001,10.314761790520002,12.7381094401,9.19629364456,14.975045732020002,16.09351387798,12.7381094401,12.7381094401,12.7381094401,10.314761790520002,12.7381094401,6.95935735264,8.077825498600001,4.72242106072,6.95935735264,12.7381094401,13.856577586060002,16.09351387798,16.09351387798,17.21198202394,17.21198202394,14.975045732020002,13.856577586060002,11.43322993648
1791,3.3554044378800003,0.0,4.72242106072,4.72242106072,4.72242106072,6.95935735264,4.72242106072,3.3554044378800003,4.72242106072,3.3554044378800003,0.0,3.3554044378800003,3.3554044378800003,0.0,0.0,0.0,5.840889206680001,0.0,0.0,0.0,0.0,0.0,3.3554044378800003,0.0
1792,5.840889206680001,4.72242106072,4.72242106072,8.077825498600001,0.0,4.72242106072,10.314761790520002,5.840889206680001,4.72242106072,10.314761790520002,13.856577586060002,12.7381094401,9.19629364456,10.314761790520002,13.856577586060002,11.43322993648,11.43322993648,11.43322993648,10.314761790520002,12.7381094401,8.077825498600001,6.95935735264,5.840889206680001,3.3554044378800003
1793,0.0,0.0,0.0,0.0,3.3554044378800003,3.3554044378800003,0.0,0.0,3.3554044378800003,0.0,0.0,0.0,0.0,0.0,0.0,0.0,0.0,0.0,0.0,0.0,0.0,0.0,3.3554044378800003,4.72242106072
1794,6.586534637320001,6.9593573526400005,11.495367055700001,9.19629364456,10.37689890974,11.86818977102,13.794440466840001,9.631253479100002,10.376898909740001,11.86818977102,11.930326890240002,10.74972162506,13.0487950362,12.675972320880001,11.86818977102,15.720691162660001,14.97504573202,17.21198202394,17.294831516233334,21.561580369340003,18.868971869806668,18.123326439166668,15.720691162660001,12.303149605560002
1795,0.0,0.0,3.3554044378800003,4.72242106072,8.057113125526667,5.840889206680001,0.0,0.0,0.0,0.0,4.72242106072,0.0,0.0,0.0,0.0,0.0,0.0,0.0,0.0,0.0,0.0,0.0,5.840889206680001,3.3554044378800003
1796,17.21198202394,18.3304501699,17.21198202394,17.21198202394,17.21198202394,13.856577586060002,14.975045732020002,12.7381094401,9.19629364456,9.19629364456,12.7381094401,10.314761790520002,8.077825498600001,11.43322993648,13.856577586060002,17.21198202394,14.975045732020002,13.856577586060002,16.09351387798,14.975045732020002,17.21198202394,17.21198202394,12.7381094401,9.19629364456
1797,0.0,0.0,0.0,0.0,0.0,0.0,0.0,0.0,0.0,0.0,0.0,0.0,0.0,0.0,0.0,0.0,0.0,0.0,4.72242106072,0.0,0.0,0.0,0.0,0.0
1798,6.95935735264,3.3554044378800003,5.840889206680001,6.95935735264,8.077825498600001,5.840889206680001,0.0,5.840889206680001,3.3554044378800003,8.077825498600001,4.72242106072,0.0,0.0,4.72242106072,5.840889206680001,0.0,0.0,0.0,0.0,5.840889206680001,4.72242106072,4.72242106072,6.95935735264,8.077825498600001
1799,0.0,0.0,0.0,3.3554044378800003,5.840889206680001,4.72242106072,0.0,3.3554044378800003,3.3554044378800003,4.72242106072,4.72242106072,3.3554044378800003,3.3554044378800003,4.72242106072,3.3554044378800003,4.72242106072,9.19629364456,10.314761790520002,10.314761790520002,11.43322993648,10.314761790520002,8.077825498600001,9.19629364456,6.95935735264
1800,8.077825498600001,4.929544791453334,6.503685145026668,9.25843076378,4.639571568426667,4.639571568426668,3.1482807071466667,6.58653463732,6.213711921999999,5.012394283746667,6.9593573526400005,3.1482807071466667,6.130862429706667,5.0123942837466675,3.8939261377866665,3.4382539301733335,3.0654312148533336,4.556722076133334,3.4382539301733335,4.639571568426668,5.385216999066667,5.840889206680001,7.70500278328,5.758039714386666
1801,10.314761790520002,10.314761790520002,9.19629364456,17.21198202394,10.314761790520002,0.0,4.72242106072,5.840889206680001,4.72242106072,0.0,0.0,5.840889206680001,0.0,0.0,0.0,0.0,0.0,3.3554044378800003,0.0,0.0,0.0,0.0,0.0,0.0
1802,10.314761790520002,9.19629364456,6.95935735264,0.0,0.0,0.0,0.0,0.0,3.3554044378800003,0.0,0.0,0.0,0.0,0.0,0.0,0.0,0.0,0.0,0.0,0.0,0.0,0.0,0.0,3.3554044378800003
1803,0.0,4.72242106072,4.72242106072,0.0,0.0,4.72242106072,0.0,4.72242106072,0.0,0.0,0.0,0.0,0.0,0.0,0.0,0.0,0.0,0.0,0.0,0.0,0.0,3.3554044378800003,0.0,0.0
1804,3.3554044378800003,0.0,4.72242106072,10.314761790520002,8.077825498600001,5.840889206680001,6.95935735264,8.077825498600001,4.72242106072,3.3554044378800003,3.3554044378800003,4.72242106072,8.077825498600001,3.3554044378800003,3.3554044378800003,4.72242106072,3.3554044378800003,0.0,0.0,0.0,4.72242106072,3.3554044378800003,0.0,0.0
1805,0.0,3.3554044378800003,4.72242106072,0.0,0.0,0.0,4.72242106072,6.95935735264,5.840889206680001,5.840889206680001,0.0,0.0,0.0,0.0,0.0,0.0,0.0,0.0,4.72242106072,4.72242106072,5.840889206680001,5.840889206680001,4.72242106072,0.0
1806,4.72242106072,3.3554044378800003,3.3554044378800003,8.077825498600001,8.077825498600001,4.72242106072,6.95935735264,4.72242106072,5.840889206680001,5.840889206680001,3.3554044378800003,5.840889206680001,4.72242106072,0.0,0.0,0.0,4.72242106072,3.3554044378800003,5.840889206680001,3.3554044378800003,5.840889206680001,4.72242106072,6.95935735264,0.0
1807,8.077825498600001,5.840889206680001,3.3554044378800003,6.95935735264,4.72242106072,4.72242106072,0.0,0.0,0.0,0.0,3.3554044378800003,0.0,3.3554044378800003,3.3554044378800003,3.3554044378800003,0.0,0.0,0.0,3.3554044378800003,3.3554044378800003,0.0,3.3554044378800003,5.840889206680001,3.3554044378800003
1808,8.077825498600001,9.19629364456,8.077825498600001,10.314761790520002,8.077825498600001,8.077825498600001,13.856577586060002,9.19629364456,6.95935735264,9.19629364456,6.95935735264,4.72242106072,6.95935735264,12.7381094401,9.19629364456,8.077825498600001,10.314761790520002,10.314761790520002,8.077825498600001,10.314761790520002,10.314761790520002,10.314761790520002,8.077825498600001,8.077825498600001
1809,0.0,0.0,0.0,0.0,0.0,0.0,4.72242106072,0.0,0.0,0.0,5.840889206680001,0.0,0.0,0.0,0.0,0.0,0.0,0.0,0.0,0.0,0.0,0.0,0.0,0.0
1810,11.43322993648,11.43322993648,12.7381094401,10.314761790520002,9.19629364456,12.7381094401,10.314761790520002,11.43322993648,6.95935735264,8.077825498600001,9.19629364456,10.314761790520002,8.077825498600001,6.95935735264,5.840889206680001,6.95935735264,4.72242106072,8.077825498600001,9.19629364456,3.3554044378800003,6.95935735264,6.95935735264,3.3554044378800003,12.7381094401
1811,6.95935735264,8.077825498600001,3.3554044378800003,0.0,0.0,0.0,0.0,3.3554044378800003,0.0,0.0,4.72242106072,0.0,0.0,3.3554044378800003,0.0,4.72242106072,6.95935735264,3.3554044378800003,0.0,0.0,0.0,0.0,4.72242106072,6.95935735264
1812,0.0,2.6926084995333337,0.0,1.5741403535733334,0.0,0.0,0.0,1.11846814596,1.5741403535733334,0.0,1.11846814596,3.3554044378800003,5.468066491360001,1.5741403535733334,4.183899360813334,4.266748853106667,1.5741403535733334,1.11846814596,4.183899360813334,1.11846814596,1.11846814596,0.0,0.0,0.0
1813,50.76602640274,48.34267875316,46.105742461240006,61.08078819326,56.35836713254,62.19925633922,51.884494548700005,54.12143084062,58.84385190134,51.884494548700005,49.461146899119996,50.76602640274,33.305495901920004,42.501789546480005,38.027916962640006,35.79098067072,38.027916962640006,29.950091464040003,32.18702775596,24.17133937658,21.934403084659998,23.052871230620003,16.09351387798,10.314761790520002
1814,6.95935735264,6.95935735264,14.975045732020002,13.856577586060002,11.43322993648,9.19629364456,8.077825498600001,6.95935735264,6.95935735264,4.72242106072,8.077825498600001,8.077825498600001,5.840889206680001,9.19629364456,8.077825498600001,9.19629364456,10.314761790520002,8.077825498600001,8.077825498600001,8.077825498600001,6.95935735264,10.314761790520002,5.840889206680001,4.72242106072
1815,17.21198202394,12.7381094401,4.72242106072,10.314761790520002,11.43322993648,11.43322993648,6.938644979566668,8.077825498600001,10.314761790520002,10.74972162506,3.3554044378800003,8.077825498600001,5.840889206680001,12.7381094401,17.21198202394,9.19629364456,7.684290410206667,17.21198202394,16.09351387798,14.975045732020002,18.3304501699,16.09351387798,17.21198202394,17.21198202394
1816,3.3554044378800003,0.0,0.0,9.19629364456,6.95935735264,12.7381094401,11.43322993648,14.975045732020002,9.19629364456,11.43322993648,9.19629364456,12.7381094401,6.95935735264,6.95935735264,5.840889206680001,9.19629364456,10.314761790520002,9.19629364456,6.95935735264,9.19629364456,10.314761790520002,9.19629364456,8.077825498600001,4.72242106072
1817,0.0,5.840889206680001,3.3554044378800003,0.0,0.0,0.0,0.0,3.3554044378800003,4.72242106072,0.0,0.0,0.0,0.0,3.3554044378800003,0.0,5.840889206680001,5.840889206680001,3.3554044378800003,4.72242106072,5.840889206680001,3.3554044378800003,4.72242106072,0.0,0.0
1818,4.72242106072,4.72242106072,4.72242106072,0.0,3.3554044378800003,4.72242106072,0.0,3.3554044378800003,9.19629364456,6.95935735264,8.077825498600001,11.43322993648,6.95935735264,5.840889206680001,5.840889206680001,8.077825498600001,6.95935735264,14.975045732020002,10.314761790520002,11.43322993648,16.09351387798,12.7381094401,11.43322993648,9.19629364456
1819,8.077825498600001,6.95935735264,6.95935735264,8.077825498600001,8.077825498600001,9.19629364456,9.19629364456,12.7381094401,13.856577586060002,16.09351387798,14.975045732020002,12.7381094401,12.7381094401,13.856577586060002,16.09351387798,18.3304501699,19.697466792740002,18.3304501699,17.21198202394,17.21198202394,18.3304501699,14.975045732020002,12.7381094401,8.077825498600001
1820,16.09351387798,16.09351387798,13.856577586060002,11.43322993648,10.314761790520002,9.19629364456,8.077825498600001,8.077825498600001,6.95935735264,5.840889206680001,6.95935735264,3.3554044378800003,3.3554044378800003,3.3554044378800003,0.0,0.0,0.0,0.0,0.0,3.3554044378800003,3.3554044378800003,3.3554044378800003,4.72242106072,0.0
1821,25.289807522540002,28.831623318080002,28.831623318080002,25.289807522540002,28.831623318080002,23.052871230620003,21.934403084659998,19.697466792740002,18.3304501699,25.289807522540002,21.934403084659998,23.052871230620003,17.21198202394,16.09351387798,17.21198202394,6.95935735264,13.856577586060002,14.975045732020002,14.975045732020002,11.43322993648,20.8159349387,12.7381094401,12.7381094401,14.975045732020002
1822,4.72242106072,5.840889206680001,6.95935735264,8.077825498600001,6.95935735264,5.840889206680001,4.72242106072,3.3554044378800003,3.3554044378800003,0.0,4.72242106072,3.3554044378800003,4.72242106072,0.0,3.3554044378800003,5.840889206680001,8.077825498600001,6.95935735264,8.077825498600001,6.95935735264,6.95935735264,5.840889206680001,5.840889206680001,6.95935735264
1823,10.314761790520002,8.077825498600001,8.077825498600001,5.840889206680001,6.95935735264,6.95935735264,6.95935735264,4.72242106072,6.95935735264,6.95935735264,5.840889206680001,4.72242106072,6.95935735264,3.3554044378800003,3.3554044378800003,5.840889206680001,3.3554044378800003,5.840889206680001,9.19629364456,8.077825498600001,9.19629364456,6.95935735264,3.3554044378800003,4.72242106072
1824,13.856577586060002,12.7381094401,13.856577586060002,16.09351387798,16.09351387798,13.856577586060002,12.7381094401,4.72242106072,8.077825498600001,3.3554044378800003,5.840889206680001,4.72242106072,3.3554044378800003,5.840889206680001,5.840889206680001,3.3554044378800003,0.0,6.95935735264,0.0,5.840889206680001,0.0,0.0,0.0,11.43322993648
1825,4.72242106072,5.840889206680001,8.077825498600001,6.95935735264,6.95935735264,9.19629364456,9.19629364456,12.7381094401,12.7381094401,10.314761790520002,10.314761790520002,9.19629364456,10.314761790520002,12.7381094401,9.19629364456,9.19629364456,10.314761790520002,12.7381094401,14.975045732020002,18.3304501699,13.856577586060002,13.856577586060002,12.7381094401,12.7381094401
1826,9.19629364456,8.077825498600001,10.314761790520002,9.19629364456,14.975045732020002,10.314761790520002,6.95935735264,5.840889206680001,8.077825498600001,8.077825498600001,8.077825498600001,9.19629364456,10.314761790520002,11.43322993648,9.19629364456,10.314761790520002,5.840889206680001,4.72242106072,6.95935735264,12.7381094401,13.856577586060002,16.09351387798,12.7381094401,8.077825498600001
1827,6.95935735264,5.840889206680001,5.840889206680001,8.077825498600001,6.95935735264,9.19629364456,9.19629364456,5.840889206680001,6.95935735264,6.95935735264,9.19629364456,4.72242106072,5.840889206680001,6.95935735264,6.95935735264,6.95935735264,9.19629364456,6.95935735264,5.840889206680001,8.077825498600001,4.72242106072,6.95935735264,4.72242106072,4.72242106072
1828,5.840889206680001,8.077825498600001,10.314761790520002,11.43322993648,9.19629364456,9.19629364456,10.314761790520002,10.314761790520002,11.43322993648,8.077825498600001,11.43322993648,10.314761790520002,8.077825498600001,10.314761790520002,9.19629364456,13.856577586060002,14.975045732020002,14.975045732020002,18.3304501699,17.21198202394,23.052871230620003,19.697466792740002,16.09351387798,14.975045732020002
1829,9.19629364456,12.7381094401,13.856577586060002,17.21198202394,13.856577586060002,13.856577586060002,11.43322993648,6.95935735264,5.840889206680001,6.95935735264,5.840889206680001,5.840889206680001,10.314761790520002,9.19629364456,3.3554044378800003,9.19629364456,10.314761790520002,8.077825498600001,8.077825498600001,10.314761790520002,10.314761790520002,11.43322993648,10.314761790520002,3.3554044378800003
1830,0.0,3.3554044378800003,3.3554044378800003,0.0,3.3554044378800003,0.0,3.3554044378800003,3.3554044378800003,3.3554044378800003,4.72242106072,0.0,3.3554044378800003,0.0,0.0,3.3554044378800003,0.0,3.3554044378800003,3.3554044378800003,4.72242106072,0.0,5.840889206680001,5.840889206680001,0.0,5.840889206680001
1831,6.95935735264,8.077825498600001,9.19629364456,6.95935735264,5.840889206680001,8.077825498600001,6.95935735264,4.72242106072,8.077825498600001,5.840889206680001,5.840889206680001,5.840889206680001,5.840889206680001,0.0,3.3554044378800003,0.0,6.95935735264,4.72242106072,0.0,0.0,0.0,4.72242106072,0.0,0.0
1832,6.68319237832889,6.034204688697778,4.584338573564445,5.34379225292,5.34379225292,2.1402785509111113,2.1402785509111113,0.0,1.4912908612800002,2.9825817225600004,4.114858117235555,4.197707609528889,2.595950758524445,2.3197857842133334,0.0,1.4912908612800002,3.962967381364445,1.4912908612800002,2.0988538047644445,2.9687734738444447,2.6235672559555554,7.180289332088889,5.716614968239999,4.72242106072
1833,0.0,8.077825498600001,5.840889206680001,9.19629364456,10.314761790520002,10.314761790520002,4.72242106072,5.095243776040001,5.840889206680001,4.72242106072,0.0,3.3554044378800003,4.72242106072,4.72242106072,0.0,0.0,0.0,0.0,0.0,0.0,0.0,0.0,4.72242106072,3.3554044378800003
1834,0.0,0.0,0.0,3.3554044378800003,3.3554044378800003,4.72242106072,3.3554044378800003,5.840889206680001,3.3554044378800003,3.3554044378800003,0.0,0.0,0.0,0.0,0.0,0.0,3.3554044378800003,3.3554044378800003,0.0,3.3554044378800003,5.840889206680001,4.72242106072,4.72242106072,0.0
1835,6.95935735264,4.72242106072,5.840889206680001,4.72242106072,3.5211034224666675,5.840889206680001,0.0,3.3554044378800003,4.72242106072,3.3554044378800003,3.3554044378800003,0.0,1.9469630688933337,0.0,4.72242106072,3.3554044378800003,0.0,0.0,0.0,3.3554044378800003,3.0654312148533336,4.72242106072,4.72242106072,4.72242106072
1836,5.937546947688889,4.8328870504444446,5.040010781177778,3.7696518993466674,5.343792252920001,3.258746696871112,3.258746696871112,0.0,1.4912908612800002,1.8641135766,2.996389971275556,3.742035401915556,3.714418904484445,2.3197857842133334,1.5741403535733334,3.0654312148533336,5.164285019617778,3.0654312148533336,3.672994158337778,4.542913827417778,3.742035401915556,7.180289332088889,5.716614968240001,3.1482807071466667
1837,2.6926084995333337,5.012394283746667,5.385216999066667,6.130862429706667,2.6926084995333337,4.639571568426668,3.5211034224666675,2.6926084995333337,2.6926084995333337,2.6926084995333337,2.23693629192,1.5741403535733334,0.0,3.1482807071466667,1.11846814596,3.4382539301733335,1.11846814596,1.11846814596,1.11846814596,1.11846814596,1.5741403535733334,3.3554044378800003,4.266748853106667,2.23693629192
1838,4.72242106072,0.0,0.0,0.0,0.0,0.0,5.840889206680001,8.077825498600001,8.077825498600001,8.077825498600001,8.077825498600001,6.95935735264,8.077825498600001,4.72242106072,4.72242106072,0.0,0.0,4.72242106072,0.0,5.840889206680001,5.840889206680001,4.72242106072,4.72242106072,0.0
1839,1.11846814596,5.0123942837466675,1.5741403535733334,6.213711922000001,6.213711922000001,7.3321800679599995,8.450648213920001,5.012394283746667,3.5211034224666675,3.0654312148533336,3.1482807071466667,1.9469630688933337,1.11846814596,1.11846814596,1.5741403535733334,2.23693629192,2.23693629192,1.5741403535733334,2.6926084995333337,6.503685145026668,6.58653463732,4.266748853106667,3.8939261377866665,3.8110766454933334
1840,1.6707980945822223,4.860503547875556,2.7202249969644448,5.716614968240001,5.716614968240001,6.034204688697778,6.034204688697778,2.3197857842133334,2.319785784213334,1.8641135766,4.570530324848889,1.0494269023822222,1.7674558355911112,1.11846814596,1.5741403535733334,1.4912908612800002,2.3888270277911112,1.9469630688933333,1.6431815971511112,4.832887050444445,4.943353040168889,4.487680832555555,5.716614968240001,4.266748853106667
1841,0.0,0.0,0.0,0.0,3.3554044378800003,0.0,0.0,0.0,0.0,0.0,3.3554044378800003,3.3554044378800003,0.0,4.72242106072,5.840889206680001,6.95935735264,3.3554044378800003,0.0,0.0,0.0,4.72242106072,3.3554044378800003,5.840889206680001,8.077825498600001
1842,3.3554044378800003,0.0,5.840889206680001,5.840889206680001,5.840889206680001,3.3554044378800003,6.95935735264,4.72242106072,0.0,9.19629364456,11.43322993648,9.19629364456,9.19629364456,9.19629364456,4.72242106072,10.314761790520002,5.840889206680001,5.840889206680001,5.840889206680001,4.72242106072,9.19629364456,9.19629364456,9.19629364456,11.43322993648
1843,0.0,0.0,0.0,0.0,0.0,0.0,0.0,0.0,4.72242106072,3.3554044378800003,3.3554044378800003,3.3554044378800003,0.0,9.19629364456,0.0,0.0,0.0,0.0,3.3554044378800003,0.0,0.0,0.0,0.0,3.3554044378800003
1844,3.3554044378800003,3.3554044378800003,5.840889206680001,3.3554044378800003,3.3554044378800003,0.0,0.0,0.0,3.3554044378800003,0.0,0.0,4.72242106072,3.3554044378800003,4.72242106072,0.0,3.3554044378800003,5.840889206680001,0.0,0.0,0.0,0.0,4.72242106072,0.0,0.0
1845,11.43322993648,11.43322993648,10.314761790520002,8.077825498600001,9.19629364456,10.314761790520002,9.19629364456,10.314761790520002,9.19629364456,10.314761790520002,9.19629364456,6.95935735264,6.95935735264,5.840889206680001,4.72242106072,3.3554044378800003,5.840889206680001,5.840889206680001,6.95935735264,3.3554044378800003,3.3554044378800003,0.0,0.0,3.3554044378800003
1846,4.266748853106667,5.840889206680001,7.33218006796,7.249330575666668,6.213711922000001,5.675190222093335,6.938644979566668,9.548403986806667,8.429935840846667,10.439036028960002,9.19629364456,8.802758556166667,9.631253479100002,9.631253479100002,10.811858744280002,11.930326890240002,14.54008589748,13.794440466840001,14.167263182160001,15.34786844734,13.794440466840001,11.930326890240002,11.495367055700001,9.56911635988
1847,6.586534637320001,4.266748853106667,5.468066491360001,3.811076645493334,3.5211034224666675,3.4382539301733335,2.6926084995333337,2.6926084995333337,3.4382539301733335,3.8939261377866665,3.4382539301733335,3.4382539301733335,3.5211034224666675,1.9469630688933337,3.5211034224666675,4.183899360813334,2.23693629192,2.23693629192,4.266748853106667,3.0654312148533336,3.3554044378800003,5.012394283746667,4.266748853106667,5.84088920668
1848,3.3554044378800003,0.0,5.840889206680001,4.72242106072,8.077825498600001,6.95935735264,4.72242106072,4.72242106072,9.19629364456,13.856577586060002,18.3304501699,14.975045732020002,16.09351387798,13.856577586060002,8.077825498600001,14.975045732020002,19.697466792740002,13.856577586060002,14.975045732020002,10.314761790520002,14.975045732020002,12.7381094401,11.43322993648,8.077825498600001
1849,1.11846814596,5.840889206680001,3.1482807071466667,4.266748853106667,5.385216999066667,6.9593573526400005,8.450648213920001,6.9593573526400005,5.468066491360001,5.012394283746667,3.8939261377866665,3.0654312148533336,2.6926084995333337,2.6926084995333337,1.5741403535733334,4.183899360813334,2.6926084995333337,5.0123942837466675,5.012394283746667,6.9593573526400005,6.130862429706667,6.58653463732,4.266748853106667,2.23693629192
1850,5.840889206680001,3.3554044378800003,3.5211034224666675,5.840889206680001,5.840889206680001,6.95935735264,8.077825498600001,5.840889206680001,6.95935735264,6.95935735264,6.95935735264,5.840889206680001,4.72242106072,5.840889206680001,3.3554044378800003,9.19629364456,10.314761790520002,11.43322993648,11.43322993648,11.43322993648,10.314761790520002,8.077825498600001,9.19629364456,6.95935735264
1851,5.840889206680001,4.72242106072,3.3554044378800003,5.840889206680001,3.3554044378800003,3.3554044378800003,0.0,5.840889206680001,4.72242106072,4.72242106072,4.72242106072,5.840889206680001,4.72242106072,4.72242106072,3.3554044378800003,3.3554044378800003,4.72242106072,3.3554044378800003,4.72242106072,3.3554044378800003,3.3554044378800003,3.3554044378800003,0.0,4.72242106072
1852,0.0,6.95935735264,5.840889206680001,4.72242106072,3.3554044378800003,5.840889206680001,4.72242106072,5.840889206680001,4.72242106072,0.0,4.72242106072,4.72242106072,3.3554044378800003,4.72242106072,0.0,0.0,3.3554044378800003,0.0,3.3554044378800003,0.0,3.3554044378800003,0.0,0.0,4.72242106072
1853,4.72242106072,9.19629364456,9.19629364456,6.95935735264,8.077825498600001,5.840889206680001,8.077825498600001,16.09351387798,12.7381094401,3.3554044378800003,6.95935735264,10.314761790520002,16.09351387798,14.975045732020002,16.09351387798,12.7381094401,9.19629364456,13.856577586060002,11.43322993648,10.314761790520002,10.314761790520002,13.856577586060002,10.314761790520002,8.077825498600001
1854,4.72242106072,0.0,0.0,0.0,0.0,3.3554044378800003,0.0,0.0,3.3554044378800003,0.0,3.3554044378800003,0.0,0.0,4.72242106072,0.0,0.0,3.3554044378800003,0.0,3.3554044378800003,0.0,4.72242106072,4.72242106072,4.72242106072,8.077825498600001
1855,9.19629364456,11.43322993648,12.7381094401,12.7381094401,10.314761790520002,12.7381094401,12.7381094401,11.43322993648,13.856577586060002,11.43322993648,11.43322993648,9.19629364456,5.840889206680001,6.95935735264,5.840889206680001,11.43322993648,13.856577586060002,14.975045732020002,12.7381094401,14.975045732020002,13.856577586060002,11.43322993648,9.19629364456,8.077825498600001
1856,9.25843076378,8.077825498600001,10.811858744280002,9.56911635988,10.811858744280002,13.0487950362,12.241012486340002,14.975045732020002,13.442330124593335,8.82347092924,7.705002783280001,6.213711922000002,2.6926084995333337,1.5741403535733334,1.9469630688933337,7.705002783280001,11.495367055700001,11.557504174920004,10.68758450584,13.110932155420002,10.74972162506,10.00407619442,8.450648213920001,5.3852169990666665
1857,5.840889206680001,4.72242106072,3.3554044378800003,0.0,0.0,0.0,0.0,0.0,0.0,0.0,0.0,0.0,3.3554044378800003,0.0,0.0,3.3554044378800003,4.72242106072,5.840889206680001,4.72242106072,3.3554044378800003,5.840889206680001,3.3554044378800003,5.840889206680001,5.840889206680001
1858,0.0,3.3554044378800003,3.3554044378800003,0.0,3.3554044378800003,3.3554044378800003,3.3554044378800003,0.0,0.0,3.3554044378800003,3.3554044378800003,0.0,0.0,0.0,4.72242106072,3.3554044378800003,6.95935735264,8.077825498600001,6.95935735264,0.0,3.3554044378800003,3.3554044378800003,4.72242106072,4.72242106072
1859,8.077825498600001,10.314761790520002,4.72242106072,0.0,3.3554044378800003,3.3554044378800003,3.3554044378800003,4.72242106072,6.95935735264,6.95935735264,8.077825498600001,8.077825498600001,5.840889206680001,3.3554044378800003,0.0,5.840889206680001,6.95935735264,8.077825498600001,10.314761790520002,8.077825498600001,5.840889206680001,4.72242106072,4.72242106072,6.95935735264
1860,14.975045732020002,13.856577586060002,13.856577586060002,12.7381094401,12.7381094401,13.856577586060002,11.43322993648,13.856577586060002,13.856577586060002,13.856577586060002,11.43322993648,10.314761790520002,9.19629364456,9.19629364456,9.19629364456,11.43322993648,13.856577586060002,12.7381094401,8.077825498600001,9.19629364456,4.72242106072,8.077825498600001,11.43322993648,9.19629364456
1861,11.43322993648,9.19629364456,11.43322993648,10.314761790520002,16.09351387798,10.314761790520002,9.19629364456,8.077825498600001,11.43322993648,11.43322993648,9.19629364456,11.43322993648,10.314761790520002,10.314761790520002,10.314761790520002,8.077825498600001,12.7381094401,11.43322993648,9.19629364456,9.19629364456,9.19629364456,5.840889206680001,8.077825498600001,0.0
1862,0.0,0.0,0.0,0.0,3.3554044378800003,0.0,0.0,5.840889206680001,0.0,4.72242106072,0.0,0.0,5.840889206680001,0.0,0.0,0.0,0.0,3.3554044378800003,3.3554044378800003,0.0,3.3554044378800003,0.0,0.0,3.3554044378800003
1863,0.0,0.0,0.0,0.0,0.0,15.741403535733332,0.0,6.95935735264,11.951039263313334,5.840889206680001,8.077825498600001,8.077825498600001,12.30314960556,4.72242106072,6.95935735264,6.95935735264,4.72242106072,6.95935735264,13.794440466840001,0.0,15.720691162660001,0.0,4.72242106072,6.95935735264
1864,0.0,3.3554044378800003,4.72242106072,5.840889206680001,0.0,5.840889206680001,3.3554044378800003,4.72242106072,0.0,3.3554044378800003,9.19629364456,0.0,5.840889206680001,18.3304501699,4.72242106072,9.19629364456,4.72242106072,6.95935735264,5.840889206680001,0.0,3.3554044378800003,0.0,9.19629364456,17.21198202394
1865,0.0,0.0,3.3554044378800003,0.0,0.0,0.0,0.0,0.0,0.0,0.0,0.0,0.0,0.0,0.0,0.0,0.0,0.0,0.0,0.0,0.0,0.0,0.0,4.72242106072,3.3554044378800003
1866,13.856577586060002,12.7381094401,9.19629364456,13.856577586060002,12.7381094401,10.314761790520002,11.43322993648,9.19629364456,11.43322993648,11.43322993648,8.077825498600001,9.19629364456,9.19629364456,10.314761790520002,9.19629364456,9.19629364456,9.19629364456,8.077825498600001,10.314761790520002,8.077825498600001,4.72242106072,4.72242106072,5.840889206680001,4.72242106072
1867,9.19629364456,10.314761790520002,9.19629364456,13.856577586060002,13.856577586060002,10.314761790520002,12.7381094401,11.43322993648,9.19629364456,11.43322993648,12.7381094401,10.314761790520002,10.314761790520002,12.7381094401,12.7381094401,8.077825498600001,8.077825498600001,8.077825498600001,9.19629364456,10.314761790520002,11.43322993648,11.43322993648,9.19629364456,9.19629364456
1868,4.72242106072,0.0,6.95935735264,6.95935735264,4.72242106072,4.72242106072,3.3554044378800003,5.840889206680001,3.3554044378800003,0.0,0.0,0.0,8.077825498600001,4.72242106072,5.840889206680001,5.840889206680001,5.840889206680001,5.840889206680001,4.72242106072,4.72242106072,3.3554044378800003,3.3554044378800003,3.3554044378800003,0.0
1869,9.19629364456,9.19629364456,12.241012486340002,9.19629364456,11.43322993648,14.975045732020002,11.43322993648,11.43322993648,5.840889206680001,10.314761790520002,8.077825498600001,5.840889206680001,4.72242106072,3.3554044378800003,3.3554044378800003,4.72242106072,8.077825498600001,8.077825498600001,13.794440466840001,12.7381094401,13.856577586060002,11.868189771019999,8.82347092924,8.077825498600001
1870,0.0,0.0,0.0,3.3554044378800003,4.72242106072,0.0,0.0,3.3554044378800003,0.0,0.0,0.0,0.0,0.0,0.0,0.0,0.0,0.0,0.0,0.0,5.840889206680001,4.72242106072,8.077825498600001,5.840889206680001,4.72242106072
1871,11.43322993648,12.7381094401,10.314761790520002,12.7381094401,4.72242106072,9.19629364456,9.19629364456,6.95935735264,6.95935735264,0.0,9.19629364456,5.840889206680001,4.72242106072,5.840889206680001,3.3554044378800003,0.0,4.72242106072,0.0,0.0,0.0,0.0,0.0,0.0,4.72242106072
1872,4.72242106072,3.3554044378800003,0.0,3.3554044378800003,6.95935735264,10.314761790520002,8.077825498600001,8.077825498600001,5.840889206680001,10.314761790520002,9.19629364456,8.077825498600001,13.856577586060002,10.314761790520002,12.7381094401,10.314761790520002,8.077825498600001,10.314761790520002,12.7381094401,10.314761790520002,4.72242106072,4.72242106072,4.72242106072,6.95935735264
1873,0.0,3.3554044378800003,0.0,0.0,0.0,0.0,0.0,3.3554044378800003,0.0,0.0,0.0,0.0,0.0,0.0,0.0,0.0,0.0,0.0,3.3554044378800003,4.72242106072,5.840889206680001,4.72242106072,0.0,0.0
1874,5.840889206680001,0.0,0.0,0.0,0.0,0.0,0.0,0.0,3.3554044378800003,4.72242106072,3.3554044378800003,4.72242106072,5.840889206680001,4.72242106072,5.840889206680001,5.840889206680001,8.077825498600001,8.077825498600001,9.19629364456,6.95935735264,8.077825498600001,4.72242106072,3.3554044378800003,3.3554044378800003
1875,4.72242106072,3.3554044378800003,3.3554044378800003,4.72242106072,6.95935735264,8.077825498600001,9.19629364456,9.19629364456,9.19629364456,6.95935735264,5.840889206680001,3.3554044378800003,3.3554044378800003,0.0,0.0,5.840889206680001,6.95935735264,6.95935735264,9.19629364456,10.314761790520002,8.077825498600001,8.077825498600001,5.840889206680001,0.0
1876,10.314761790520002,10.314761790520002,12.7381094401,10.314761790520002,10.314761790520002,11.43322993648,9.19629364456,11.43322993648,10.314761790520002,10.314761790520002,12.7381094401,10.314761790520002,12.7381094401,11.43322993648,10.314761790520002,10.314761790520002,10.314761790520002,8.077825498600001,5.840889206680001,8.077825498600001,5.840889206680001,5.840889206680001,8.077825498600001,3.3554044378800003
1877,3.3554044378800003,0.0,0.0,5.840889206680001,6.95935735264,9.19629364456,9.19629364456,8.077825498600001,10.314761790520002,12.7381094401,11.43322993648,12.7381094401,16.09351387798,13.856577586060002,6.95935735264,14.975045732020002,8.077825498600001,12.7381094401,11.43322993648,13.856577586060002,12.7381094401,13.856577586060002,13.856577586060002,13.856577586060002
1878,0.0,0.0,0.0,0.0,0.0,3.3554044378800003,0.0,0.0,0.0,4.72242106072,0.0,0.0,0.0,0.0,0.0,6.95935735264,6.95935735264,6.95935735264,9.19629364456,10.314761790520002,10.314761790520002,6.95935735264,4.72242106072,6.95935735264
1879,8.45064821392,6.876507860346667,8.885608048460002,9.25843076378,5.385216999066667,7.622153290986667,8.51278533314,9.631253479100002,8.82347092924,6.876507860346667,8.429935840846667,7.33218006796,7.622153290986668,7.705002783280001,7.70500278328,5.3852169990666665,5.3852169990666665,7.33218006796,8.885608048460002,9.548403986806667,9.19629364456,8.0778254986,6.213711921999999,6.130862429706667
1880,0.0,0.0,0.0,0.0,1.11846814596,0.0,0.0,0.0,0.0,0.0,2.23693629192,3.8939261377866665,4.266748853106667,5.095243776040001,5.0123942837466675,2.23693629192,2.23693629192,0.0,1.11846814596,0.0,1.11846814596,1.11846814596,0.0,0.0
1881,3.3554044378800003,5.012394283746667,5.012394283746667,1.5741403535733334,1.11846814596,1.9469630688933337,3.811076645493334,4.72242106072,1.5741403535733334,1.11846814596,4.72242106072,1.5741403535733334,3.8110766454933334,4.72242106072,1.5741403535733334,1.5741403535733334,3.8110766454933334,1.5741403535733334,0.0,1.11846814596,4.266748853106667,3.5211034224666675,3.5211034224666675,3.5211034224666675
1882,0.0,3.3554044378800003,3.3554044378800003,4.72242106072,5.840889206680001,4.72242106072,6.95935735264,4.72242106072,0.0,0.0,0.0,0.0,0.0,0.0,4.72242106072,6.95935735264,3.3554044378800003,0.0,4.72242106072,10.314761790520002,8.077825498600001,9.19629364456,11.43322993648,14.975045732020002
1883,12.7381094401,11.43322993648,10.314761790520002,14.975045732020002,13.856577586060002,12.7381094401,10.314761790520002,9.19629364456,11.43322993648,10.314761790520002,8.077825498600001,8.077825498600001,8.077825498600001,9.19629364456,5.840889206680001,9.19629364456,12.7381094401,10.314761790520002,12.7381094401,10.314761790520002,11.43322993648,5.840889206680001,13.856577586060002,9.19629364456
1884,0.0,5.840889206680001,0.0,6.95935735264,8.077825498600001,10.314761790520002,11.43322993648,13.856577586060002,9.19629364456,11.43322993648,12.7381094401,6.95935735264,3.3554044378800003,0.0,3.3554044378800003,6.95935735264,6.95935735264,8.077825498600001,9.19629364456,9.19629364456,10.314761790520002,10.314761790520002,4.72242106072,6.95935735264
1885,2.23693629192,0.0,1.5741403535733334,1.11846814596,0.0,1.11846814596,0.0,0.0,0.0,1.11846814596,2.6926084995333337,1.5741403535733334,4.266748853106667,1.11846814596,2.23693629192,3.8939261377866665,6.9593573526400005,4.929544791453334,6.9593573526400005,5.758039714386666,7.33218006796,5.3852169990666665,3.0654312148533336,2.6926084995333337
1886,5.840889206680001,3.3554044378800003,4.72242106072,6.95935735264,6.95935735264,3.3554044378800003,3.3554044378800003,4.72242106072,3.3554044378800003,0.0,0.0,6.95935735264,0.0,3.3554044378800003,3.3554044378800003,0.0,3.3554044378800003,8.077825498600001,10.314761790520002,6.95935735264,8.077825498600001,5.840889206680001,0.0,0.0
1887,9.19629364456,9.19629364456,12.7381094401,9.19629364456,9.19629364456,9.19629364456,11.43322993648,16.09351387798,13.856577586060002,14.975045732020002,14.975045732020002,17.21198202394,13.856577586060002,13.856577586060002,16.09351387798,19.697466792740002,13.856577586060002,17.21198202394,18.3304501699,17.21198202394,17.21198202394,19.697466792740002,14.975045732020002,9.19629364456
1888,8.077825498600001,6.503685145026668,6.503685145026668,8.077825498600001,6.58653463732,6.586534637320001,6.586534637320001,5.012394283746667,5.012394283746667,5.09524377604,2.23693629192,4.639571568426668,4.266748853106667,4.639571568426668,5.09524377604,4.639571568426668,3.5211034224666675,2.6926084995333337,4.639571568426668,3.8939261377866665,2.6926084995333337,3.811076645493334,5.385216999066667,4.639571568426668
1889,13.856577586060002,16.09351387798,16.09351387798,13.856577586060002,13.856577586060002,16.09351387798,17.21198202394,18.3304501699,17.21198202394,17.21198202394,20.8159349387,14.975045732020002,11.43322993648,13.856577586060002,14.975045732020002,14.975045732020002,16.09351387798,17.21198202394,16.09351387798,13.856577586060002,14.975045732020002,11.43322993648,14.975045732020002,12.7381094401
1890,8.077825498600001,6.95935735264,4.72242106072,4.72242106072,4.72242106072,0.0,0.0,0.0,0.0,0.0,0.0,3.3554044378800003,0.0,0.0,0.0,0.0,0.0,5.840889206680001,10.314761790520002,5.840889206680001,4.72242106072,5.840889206680001,0.0,0.0
1891,6.95935735264,5.840889206680001,3.3554044378800003,3.3554044378800003,4.72242106072,5.840889206680001,6.95935735264,8.077825498600001,3.3554044378800003,8.077825498600001,6.95935735264,8.077825498600001,5.840889206680001,6.95935735264,6.95935735264,9.19629364456,8.077825498600001,8.077825498600001,10.314761790520002,12.7381094401,11.43322993648,14.975045732020002,12.7381094401,8.077825498600001
1892,0.0,0.0,0.0,0.0,6.95935735264,0.0,3.3554044378800003,0.0,0.0,0.0,0.0,0.0,8.077825498600001,0.0,0.0,0.0,0.0,0.0,8.077825498600001,5.840889206680001,8.077825498600001,0.0,4.72242106072,0.0
1893,0.0,0.0,5.840889206680001,9.19629364456,8.077825498600001,8.077825498600001,10.314761790520002,4.72242106072,5.840889206680001,0.0,0.0,0.0,0.0,4.72242106072,0.0,3.3554044378800003,0.0,3.3554044378800003,3.3554044378800003,4.72242106072,3.3554044378800003,5.840889206680001,3.3554044378800003,0.0
1894,10.314761790520002,8.077825498600001,9.19629364456,11.43322993648,8.077825498600001,6.95935735264,5.840889206680001,8.077825498600001,6.95935735264,5.840889206680001,6.95935735264,9.19629364456,3.3554044378800003,4.72242106072,0.0,3.3554044378800003,0.0,0.0,0.0,0.0,0.0,0.0,0.0,0.0
1895,3.3554044378800003,4.72242106072,4.72242106072,0.0,0.0,3.3554044378800003,5.840889206680001,0.0,0.0,3.3554044378800003,4.72242106072,0.0,0.0,0.0,0.0,0.0,4.72242106072,6.95935735264,3.3554044378800003,4.72242106072,6.95935735264,4.72242106072,3.3554044378800003,5.840889206680001
1896,0.0,0.0,0.0,0.0,0.0,0.0,0.0,0.0,0.0,0.0,0.0,0.0,4.72242106072,0.0,3.3554044378800003,4.72242106072,3.3554044378800003,0.0,0.0,3.3554044378800003,4.72242106072,0.0,0.0,0.0
1897,13.856577586060002,14.975045732020002,14.975045732020002,14.975045732020002,17.21198202394,16.09351387798,13.856577586060002,12.7381094401,14.975045732020002,11.43322993648,10.314761790520002,12.7381094401,10.314761790520002,8.077825498600001,10.314761790520002,12.7381094401,12.7381094401,13.856577586060002,13.856577586060002,12.7381094401,9.19629364456,14.975045732020002,11.43322993648,8.077825498600001
1898,5.840889206680001,3.3554044378800003,4.72242106072,5.840889206680001,5.840889206680001,6.95935735264,4.72242106072,4.72242106072,5.840889206680001,5.840889206680001,3.3554044378800003,3.3554044378800003,3.3554044378800003,0.0,4.72242106072,8.077825498600001,13.856577586060002,11.43322993648,9.19629364456,5.840889206680001,10.314761790520002,10.314761790520002,9.19629364456,6.95935735264
1899,2.23693629192,2.23693629192,1.11846814596,3.8939261377866674,1.5741403535733334,4.639571568426668,4.266748853106667,0.0,1.11846814596,0.0,1.5741403535733334,0.0,0.0,0.0,0.0,1.9469630688933337,6.130862429706667,3.5211034224666675,1.11846814596,0.0,1.5741403535733334,5.840889206680001,5.758039714386666,4.556722076133334
1900,4.618859195353334,4.246036480033333,6.938644979566668,6.938644979566668,6.938644979566668,8.057113125526667,8.88560804846,8.057113125526667,8.057113125526667,9.25843076378,9.631253479100002,8.057113125526667,10.666872132766668,8.057113125526667,8.057113125526667,9.631253479100002,10.356186536666668,11.578216547993334,10.086925686713334,6.565822264246667,13.0487950362,16.114226251053335,9.631253479100002,6.1101500566333335
1901,8.077825498600001,6.95935735264,6.95935735264,6.95935735264,8.077825498600001,6.95935735264,8.077825498600001,8.077825498600001,6.95935735264,9.19629364456,6.95935735264,6.95935735264,8.077825498600001,8.077825498600001,8.077825498600001,5.840889206680001,9.19629364456,9.19629364456,12.7381094401,9.19629364456,10.314761790520002,10.314761790520002,10.314761790520002,5.840889206680001
1902,0.0,0.0,0.0,0.0,0.0,3.3554044378800003,4.72242106072,3.3554044378800003,0.0,0.0,0.0,0.0,0.0,4.72242106072,0.0,0.0,0.0,0.0,0.0,0.0,0.0,0.0,0.0,0.0
1903,10.314761790520002,13.856577586060002,12.7381094401,17.21198202394,11.43322993648,8.077825498600001,9.19629364456,10.314761790520002,14.975045732020002,5.840889206680001,11.43322993648,9.19629364456,10.314761790520002,8.077825498600001,4.72242106072,8.077825498600001,8.077825498600001,10.314761790520002,6.95935735264,8.077825498600001,9.19629364456,7.311467694886667,6.95935735264,5.840889206680001
1904,10.314761790520002,6.95935735264,12.7381094401,9.19629364456,6.95935735264,10.314761790520002,8.077825498600001,3.3554044378800003,3.3554044378800003,0.0,0.0,0.0,3.3554044378800003,0.0,4.72242106072,0.0,3.3554044378800003,0.0,0.0,0.0,3.3554044378800003,0.0,0.0,0.0
1905,11.43322993648,8.077825498600001,6.95935735264,9.19629364456,6.95935735264,9.19629364456,9.19629364456,6.95935735264,6.95935735264,8.077825498600001,8.077825498600001,8.077825498600001,6.95935735264,5.840889206680001,4.72242106072,4.72242106072,5.840889206680001,4.72242106072,4.72242106072,4.72242106072,5.840889206680001,3.3554044378800003,6.95935735264,8.077825498600001
1906,6.95935735264,0.0,0.0,0.0,4.72242106072,11.43322993648,0.0,6.95935735264,0.0,8.077825498600001,8.077825498600001,0.0,4.72242106072,4.72242106072,5.840889206680001,3.3554044378800003,4.72242106072,0.0,0.0,5.840889206680001,0.0,5.840889206680001,17.21198202394,18.3304501699
1907,2.6926084995333337,1.5741403535733334,3.0654312148533336,1.11846814596,1.11846814596,4.183899360813334,2.6926084995333337,3.5211034224666675,1.11846814596,1.11846814596,0.0,1.11846814596,2.23693629192,3.0654312148533336,3.1482807071466667,1.9469630688933337,1.11846814596,0.0,0.0,0.0,1.9469630688933337,2.3197857842133334,1.11846814596,1.11846814596
1908,8.077825498600001,8.077825498600001,8.077825498600001,5.840889206680001,4.72242106072,5.840889206680001,3.3554044378800003,0.0,3.3554044378800003,4.72242106072,4.72242106072,4.72242106072,0.0,0.0,0.0,5.840889206680001,3.3554044378800003,0.0,4.72242106072,0.0,0.0,0.0,3.3554044378800003,0.0
1909,24.17133937658,24.17133937658,21.934403084659998,20.8159349387,21.934403084659998,17.21198202394,12.7381094401,13.856577586060002,6.95935735264,11.43322993648,11.43322993648,15.741403535733335,16.09351387798,20.8159349387,13.856577586060002,4.72242106072,23.052871230620003,10.314761790520002,20.8159349387,11.43322993648,13.069507409273333,8.077825498600001,4.72242106072,9.19629364456
1910,3.3554044378800003,0.0,0.0,0.0,3.3554044378800003,2.6926084995333337,3.3554044378800003,0.0,0.0,3.3554044378800003,3.3554044378800003,0.0,4.72242106072,11.43322993648,10.314761790520002,5.840889206680001,3.3554044378800003,0.0,0.0,0.0,0.0,1.11846814596,0.0,0.0
1911,9.19629364456,6.95935735264,6.130862429706667,10.314761790520002,8.077825498600001,0.0,3.3554044378800003,5.840889206680001,0.0,3.3554044378800003,0.0,0.0,3.4382539301733335,4.266748853106667,4.266748853106667,1.9469630688933337,1.5741403535733334,1.5741403535733334,3.0654312148533336,3.0654312148533336,3.5211034224666675,2.6926084995333337,4.639571568426667,1.5741403535733334
1912,4.72242106072,4.72242106072,4.72242106072,3.3554044378800003,0.0,0.0,4.72242106072,5.840889206680001,5.840889206680001,4.72242106072,3.3554044378800003,0.0,0.0,0.0,0.0,3.3554044378800003,0.0,3.3554044378800003,4.72242106072,3.3554044378800003,4.72242106072,4.72242106072,0.0,0.0
1913,4.639571568426668,3.8939261377866665,4.183899360813334,5.758039714386666,5.3852169990666665,9.19629364456,6.9593573526400005,5.012394283746667,7.33218006796,5.840889206680001,8.0778254986,8.077825498600001,7.70500278328,5.385216999066667,7.705002783280001,6.58653463732,5.468066491360001,5.385216999066667,1.11846814596,5.840889206680001,7.9949760063066675,8.077825498600001,11.930326890240002,14.167263182160001
1914,0.0,0.0,0.0,0.0,0.0,0.0,0.0,0.0,0.0,0.0,0.0,5.840889206680001,4.72242106072,0.0,3.3554044378800003,0.0,0.0,0.0,3.3554044378800003,3.3554044378800003,0.0,0.0,0.0,0.0
1915,5.840889206680001,4.72242106072,4.72242106072,8.077825498600001,6.95935735264,10.314761790520002,9.19629364456,10.376898909740001,9.19629364456,8.077825498600001,8.077825498600001,8.077825498600001,9.19629364456,8.077825498600001,11.43322993648,12.7381094401,8.077825498600001,9.19629364456,5.840889206680001,6.95935735264,9.19629364456,9.19629364456,5.840889206680001,0.0
1916,3.3554044378800003,4.72242106072,8.077825498600001,4.72242106072,5.840889206680001,9.19629364456,6.95935735264,8.077825498600001,8.077825498600001,11.43322993648,10.314761790520002,5.840889206680001,5.840889206680001,4.72242106072,4.72242106072,11.43322993648,10.314761790520002,11.43322993648,13.856577586060002,12.7381094401,11.43322993648,13.856577586060002,6.95935735264,9.19629364456
1917,1.11846814596,0.0,2.23693629192,1.11846814596,0.0,3.0654312148533336,1.5741403535733334,1.9469630688933337,1.11846814596,0.0,0.0,1.11846814596,1.11846814596,1.11846814596,1.5741403535733334,0.0,0.0,0.0,0.0,0.0,4.266748853106667,3.8939261377866665,2.23693629192,1.11846814596
1918,10.314761790520002,9.19629364456,10.314761790520002,10.314761790520002,10.314761790520002,9.19629364456,10.314761790520002,10.314761790520002,6.95935735264,8.077825498600001,10.314761790520002,9.19629364456,6.95935735264,5.840889206680001,3.3554044378800003,5.840889206680001,3.3554044378800003,3.3554044378800003,5.840889206680001,3.3554044378800003,0.0,0.0,3.3554044378800003,0.0
1919,0.0,3.3554044378800003,0.0,0.0,0.0,0.0,4.72242106072,3.3554044378800003,4.72242106072,8.077825498600001,0.0,4.72242106072,0.0,5.840889206680001,0.0,0.0,0.0,0.0,0.0,0.0,0.0,5.840889206680001,5.840889206680001,4.72242106072
1920,0.0,4.72242106072,4.72242106072,0.0,3.3554044378800003,3.3554044378800003,3.3554044378800003,3.3554044378800003,3.3554044378800003,14.975045732020002,12.7381094401,11.43322993648,13.856577586060002,11.43322993648,10.314761790520002,10.314761790520002,11.43322993648,11.43322993648,9.19629364456,9.19629364456,10.314761790520002,8.077825498600001,6.95935735264,5.840889206680001
1921,1.11846814596,1.5741403535733334,1.11846814596,1.5741403535733334,1.9469630688933337,1.5741403535733334,1.11846814596,1.11846814596,4.639571568426668,3.0654312148533336,1.11846814596,0.0,0.0,0.0,0.0,1.11846814596,0.0,0.0,1.9469630688933337,2.6926084995333337,4.639571568426667,2.6926084995333337,1.11846814596,0.0
1922,12.61383520166,11.578216547993334,13.3594806323,11.868189771019999,10.004076194420001,12.986657916980002,9.631253479100002,10.37689890974,10.376898909740001,10.31476179052,8.82347092924,8.51278533314,7.249330575666666,5.758039714386666,7.33218006796,8.82347092924,7.705002783280001,10.74972162506,9.56911635988,8.077825498600001,8.45064821392,8.450648213920001,6.586534637320001,7.33218006796
1923,12.7381094401,11.43322993648,9.19629364456,11.43322993648,10.314761790520002,9.19629364456,6.95935735264,6.95935735264,4.72242106072,3.3554044378800003,0.0,6.95935735264,4.72242106072,4.72242106072,6.95935735264,8.077825498600001,9.19629364456,9.19629364456,6.95935735264,5.840889206680001,5.840889206680001,5.840889206680001,5.840889206680001,4.72242106072
1924,8.077825498600001,6.95935735264,5.840889206680001,8.077825498600001,8.077825498600001,6.95935735264,0.0,3.3554044378800003,0.0,0.0,3.3554044378800003,0.0,3.3554044378800003,0.0,3.3554044378800003,0.0,0.0,0.0,3.3554044378800003,0.0,3.3554044378800003,3.3554044378800003,0.0,0.0
1925,6.95935735264,11.43322993648,6.95935735264,6.95935735264,6.95935735264,6.95935735264,9.19629364456,10.314761790520002,9.19629364456,10.314761790520002,8.077825498600001,8.077825498600001,10.314761790520002,9.19629364456,9.19629364456,12.7381094401,16.09351387798,17.21198202394,18.3304501699,13.856577586060002,14.975045732020002,17.21198202394,11.43322993648,8.077825498600001
1926,6.95935735264,8.077825498600001,4.72242106072,6.95935735264,5.840889206680001,4.72242106072,5.840889206680001,5.840889206680001,8.077825498600001,6.95935735264,6.95935735264,8.077825498600001,6.95935735264,8.077825498600001,10.314761790520002,9.19629364456,11.43322993648,12.7381094401,14.975045732020002,14.975045732020002,17.21198202394,14.975045732020002,12.7381094401,9.19629364456
1927,0.0,4.72242106072,3.3554044378800003,3.3554044378800003,4.72242106072,5.840889206680001,6.95935735264,9.19629364456,12.7381094401,12.7381094401,11.43322993648,8.077825498600001,5.840889206680001,0.0,0.0,0.0,4.72242106072,11.43322993648,8.077825498600001,5.840889206680001,5.840889206680001,8.077825498600001,3.3554044378800003,3.3554044378800003
1928,6.130862429706667,4.556722076133334,7.3321800679599995,8.0778254986,7.705002783280001,9.25843076378,9.631253479100002,8.512785333140002,9.25843076378,8.077825498600001,5.840889206680001,4.639571568426668,1.11846814596,3.0654312148533336,4.639571568426668,6.58653463732,9.19629364456,8.077825498600001,9.19629364456,7.705002783280001,9.941939075200002,9.19629364456,6.213711922000001,4.266748853106667
1929,6.95935735264,9.19629364456,12.7381094401,8.077825498600001,8.077825498600001,4.72242106072,4.72242106072,3.3554044378800003,0.0,0.0,4.72242106072,3.3554044378800003,0.0,0.0,0.0,3.3554044378800003,5.840889206680001,5.840889206680001,9.19629364456,6.95935735264,8.077825498600001,0.0,0.0,0.0
1930,3.3554044378800003,5.840889206680001,0.0,6.95935735264,6.95935735264,6.95935735264,10.314761790520002,8.077825498600001,4.72242106072,5.840889206680001,0.0,5.840889206680001,0.0,0.0,0.0,3.3554044378800003,3.3554044378800003,0.0,4.72242106072,8.077825498600001,8.077825498600001,4.72242106072,0.0,3.3554044378800003
1931,8.077825498600001,14.975045732020002,8.077825498600001,3.3554044378800003,3.3554044378800003,0.0,0.0,0.0,4.72242106072,3.3554044378800003,0.0,0.0,0.0,0.0,3.3554044378800003,8.077825498600001,4.72242106072,5.840889206680001,0.0,6.95935735264,5.840889206680001,4.72242106072,0.0,3.3554044378800003
1932,5.840889206680001,5.840889206680001,0.0,0.0,0.0,0.0,0.0,8.077825498600001,4.72242106072,5.840889206680001,4.72242106072,0.0,0.0,0.0,0.0,0.0,0.0,0.0,4.72242106072,4.72242106072,4.72242106072,4.72242106072,0.0,0.0
1933,3.3554044378800003,0.0,0.0,0.0,0.0,3.3554044378800003,3.3554044378800003,0.0,3.3554044378800003,5.840889206680001,6.95935735264,6.95935735264,5.840889206680001,3.3554044378800003,0.0,4.72242106072,0.0,0.0,3.3554044378800003,0.0,0.0,3.3554044378800003,3.3554044378800003,5.840889206680001
1934,9.19629364456,9.19629364456,12.7381094401,12.7381094401,9.19629364456,11.43322993648,11.43322993648,12.7381094401,10.314761790520002,8.077825498600001,5.840889206680001,10.314761790520002,9.19629364456,12.7381094401,11.43322993648,14.975045732020002,13.856577586060002,12.7381094401,13.856577586060002,12.7381094401,16.09351387798,10.314761790520002,9.19629364456,6.95935735264
1935,0.0,0.0,0.0,0.0,0.0,0.0,0.0,0.0,0.0,3.3554044378800003,0.0,0.0,0.0,0.0,0.0,0.0,0.0,0.0,0.0,3.3554044378800003,0.0,0.0,0.0,0.0
1936,0.0,3.3554044378800003,4.72242106072,4.72242106072,5.840889206680001,8.077825498600001,6.95935735264,6.95935735264,6.95935735264,6.95935735264,6.95935735264,5.840889206680001,6.95935735264,0.0,0.0,6.95935735264,8.077825498600001,11.43322993648,10.314761790520002,10.314761790520002,10.314761790520002,8.077825498600001,4.72242106072,5.840889206680001
1937,6.95935735264,6.95935735264,6.95935735264,0.0,4.72242106072,0.0,0.0,5.840889206680001,4.72242106072,3.3554044378800003,4.72242106072,6.95935735264,4.72242106072,5.840889206680001,8.077825498600001,3.3554044378800003,6.95935735264,4.72242106072,6.95935735264,3.3554044378800003,4.72242106072,5.840889206680001,3.3554044378800003,5.840889206680001
1938,3.3554044378800003,5.840889206680001,5.840889206680001,4.72242106072,0.0,0.0,0.0,0.0,0.0,4.72242106072,4.72242106072,4.72242106072,3.3554044378800003,4.72242106072,0.0,0.0,0.0,0.0,4.72242106072,3.3554044378800003,5.840889206680001,3.3554044378800003,4.72242106072,3.3554044378800003
1939,10.314761790520002,14.975045732020002,16.09351387798,18.3304501699,10.314761790520002,8.077825498600001,5.840889206680001,3.3554044378800003,8.077825498600001,4.72242106072,0.0,3.3554044378800003,4.72242106072,0.0,0.0,3.3554044378800003,4.72242106072,3.3554044378800003,0.0,0.0,4.639571568426667,4.266748853106667,3.3554044378800003,0.0
1940,5.840889206680001,4.72242106072,8.077825498600001,11.43322993648,10.314761790520002,13.856577586060002,10.314761790520002,5.840889206680001,3.3554044378800003,3.3554044378800003,0.0,5.840889206680001,3.3554044378800003,5.840889206680001,5.840889206680001,6.95935735264,8.077825498600001,6.95935735264,0.0,0.0,0.0,0.0,3.3554044378800003,5.840889206680001
1941,4.72242106072,4.72242106072,3.3554044378800003,5.716614968239999,2.471676520084445,2.9825817225600004,2.7478414943955562,2.23693629192,0.0,0.5247134511911111,2.7478414943955562,3.3554044378800003,4.736229309435555,0.0,0.0,0.0,3.244938448155556,5.191901517048889,4.239132355675556,9.19629364456,8.077825498600001,5.840889206680001,5.840889206680001,3.962967381364445
1942,3.3554044378800003,5.840889206680001,9.19629364456,4.72242106072,4.72242106072,5.840889206680001,4.72242106072,3.3554044378800003,0.0,3.3554044378800003,0.0,3.3554044378800003,4.72242106072,4.72242106072,5.840889206680001,4.72242106072,6.95935735264,8.077825498600001,9.19629364456,12.7381094401,10.314761790520002,9.19629364456,10.314761790520002,9.19629364456
1943,12.7381094401,10.314761790520002,11.43322993648,11.43322993648,11.43322993648,11.43322993648,10.314761790520002,10.314761790520002,9.19629364456,8.077825498600001,5.840889206680001,9.19629364456,6.95935735264,4.72242106072,5.840889206680001,5.840889206680001,5.840889206680001,4.72242106072,4.72242106072,4.72242106072,6.95935735264,5.840889206680001,4.72242106072,5.840889206680001
1944,0.0,0.0,0.0,0.0,0.0,0.0,0.0,0.0,0.0,0.0,0.0,0.0,0.0,3.3554044378800003,0.0,0.0,0.0,4.72242106072,3.3554044378800003,4.72242106072,0.0,0.0,0.0,0.0
1945,0.0,5.840889206680001,5.840889206680001,4.72242106072,6.95935735264,8.077825498600001,8.077825498600001,12.7381094401,12.7381094401,9.19629364456,12.7381094401,10.314761790520002,9.19629364456,9.19629364456,11.43322993648,12.7381094401,13.856577586060002,11.43322993648,6.95935735264,10.314761790520002,11.43322993648,10.314761790520002,8.077825498600001,8.077825498600001
1946,9.19629364456,9.56911635988,9.19629364456,6.95935735264,3.3554044378800003,8.077825498600001,8.077825498600001,3.3554044378800003,0.0,0.0,3.3554044378800003,3.3554044378800003,3.3554044378800003,3.3554044378800003,4.72242106072,5.840889206680001,6.95935735264,8.077825498600001,4.72242106072,6.95935735264,6.95935735264,4.72242106072,0.0,3.3554044378800003
1947,6.95935735264,6.95935735264,6.95935735264,9.19629364456,8.077825498600001,10.314761790520002,11.43322993648,11.43322993648,11.43322993648,10.314761790520002,10.314761790520002,16.09351387798,13.856577586060002,12.7381094401,9.19629364456,4.72242106072,23.052871230620003,13.856577586060002,13.856577586060002,14.975045732020002,14.975045732020002,26.4082756685,27.713155172120004,20.8159349387
1948,6.95935735264,10.314761790520002,10.314761790520002,9.19629364456,8.077825498600001,6.95935735264,9.19629364456,9.19629364456,6.95935735264,9.19629364456,6.95935735264,5.840889206680001,8.077825498600001,9.19629364456,9.19629364456,10.314761790520002,14.975045732020002,13.856577586060002,14.975045732020002,14.975045732020002,17.21198202394,17.21198202394,11.43322993648,8.077825498600001
1949,9.19629364456,5.840889206680001,6.95935735264,11.43322993648,14.975045732020002,11.43322993648,10.314761790520002,5.840889206680001,5.840889206680001,6.95935735264,8.077825498600001,5.840889206680001,5.840889206680001,5.840889206680001,6.95935735264,5.840889206680001,5.840889206680001,8.077825498600001,6.95935735264,6.95935735264,8.077825498600001,4.72242106072,9.19629364456,3.3554044378800003
1950,5.840889206680001,6.95935735264,16.09351387798,11.43322993648,10.314761790520002,9.19629364456,9.19629364456,0.0,0.0,0.0,0.0,0.0,3.3554044378800003,0.0,0.0,0.0,3.3554044378800003,5.840889206680001,3.3554044378800003,5.840889206680001,5.840889206680001,3.3554044378800003,0.0,0.0
1951,4.72242106072,0.0,3.3554044378800003,3.3554044378800003,3.3554044378800003,0.0,0.0,0.0,0.0,0.0,0.0,0.0,0.0,0.0,0.0,4.72242106072,5.840889206680001,6.95935735264,8.077825498600001,8.077825498600001,0.0,5.840889206680001,4.72242106072,0.0
1952,12.7381094401,10.314761790520002,10.314761790520002,9.19629364456,8.077825498600001,12.7381094401,9.19629364456,9.19629364456,6.95935735264,9.19629364456,9.19629364456,6.95935735264,4.72242106072,0.0,6.95935735264,6.95935735264,6.95935735264,4.72242106072,9.19629364456,8.077825498600001,5.840889206680001,4.72242106072,0.0,0.0
1953,1.5741403535733334,1.11846814596,0.0,0.0,0.0,0.0,0.0,0.0,0.0,0.0,0.0,0.0,0.0,0.0,1.5741403535733334,4.266748853106667,5.84088920668,5.012394283746667,5.012394283746667,2.6926084995333337,2.23693629192,4.183899360813334,5.095243776040001,3.5211034224666675
1954,2.23693629192,3.0654312148533336,6.876507860346668,8.077825498600001,12.7381094401,11.43322993648,8.077825498600001,9.56911635988,13.856577586060002,14.975045732020002,9.19629364456,11.43322993648,11.43322993648,9.19629364456,10.31476179052,11.868189771019999,13.85657758606,13.794440466840001,14.6022230167,14.602223016700002,13.421617751520001,16.466336593300003,13.421617751520001,10.376898909740001
1955,19.697466792740002,18.3304501699,14.975045732020002,18.3304501699,14.975045732020002,21.934403084659998,6.95935735264,10.314761790520002,12.7381094401,8.077825498600001,17.21198202394,16.09351387798,17.21198202394,14.975045732020002,16.09351387798,14.975045732020002,11.43322993648,4.72242106072,5.840889206680001,10.314761790520002,6.95935735264,10.314761790520002,13.856577586060002,23.052871230620003
1956,0.0,0.0,3.3554044378800003,0.0,0.0,0.0,0.0,0.0,0.0,3.3554044378800003,0.0,0.0,0.0,0.0,0.0,0.0,3.3554044378800003,4.72242106072,5.840889206680001,5.840889206680001,0.0,5.840889206680001,0.0,0.0
1957,8.077825498600001,6.95935735264,4.72242106072,5.840889206680001,4.72242106072,3.3554044378800003,5.840889206680001,0.0,4.72242106072,4.72242106072,4.72242106072,4.72242106072,5.840889206680001,5.840889206680001,5.840889206680001,0.0,3.3554044378800003,0.0,3.3554044378800003,0.0,0.0,3.3554044378800003,0.0,0.0
1958,11.43322993648,12.7381094401,13.856577586060002,19.987440015766666,18.413299662193335,12.7381094401,18.3304501699,14.975045732020002,17.21198202394,11.43322993648,8.077825498600001,14.975045732020002,13.856577586060002,12.7381094401,9.19629364456,12.7381094401,12.7381094401,8.077825498600001,9.19629364456,13.856577586060002,11.43322993648,12.7381094401,10.314761790520002,5.840889206680001
1959,0.0,5.840889206680001,0.0,5.840889206680001,9.19629364456,9.19629364456,6.95935735264,9.19629364456,6.95935735264,5.840889206680001,4.72242106072,0.0,0.0,0.0,0.0,4.72242106072,8.077825498600001,8.077825498600001,6.95935735264,4.72242106072,6.95935735264,6.95935735264,5.840889206680001,3.3554044378800003
1960,0.0,0.0,0.0,0.0,0.0,0.0,0.0,0.0,0.0,0.0,0.0,0.0,0.0,0.0,0.0,0.0,0.0,0.0,0.0,0.0,0.0,0.0,3.3554044378800003,0.0
1961,3.3554044378800003,4.72242106072,6.95935735264,6.95935735264,6.95935735264,8.077825498600001,5.840889206680001,5.840889206680001,3.3554044378800003,4.72242106072,4.72242106072,0.0,0.0,5.840889206680001,4.72242106072,5.840889206680001,4.72242106072,5.840889206680001,5.840889206680001,4.72242106072,4.72242106072,4.72242106072,3.3554044378800003,3.3554044378800003
1962,10.314761790520002,11.43322993648,9.19629364456,12.7381094401,14.975045732020002,8.077825498600001,6.95935735264,6.95935735264,9.19629364456,8.077825498600001,8.077825498600001,9.19629364456,9.19629364456,10.314761790520002,10.314761790520002,12.7381094401,12.7381094401,12.7381094401,16.09351387798,13.856577586060002,13.856577586060002,10.314761790520002,9.25843076378,8.45064821392
1963,6.95935735264,6.95935735264,4.72242106072,2.6926084995333337,0.0,3.3554044378800003,6.95935735264,4.72242106072,5.840889206680001,5.840889206680001,4.72242106072,4.72242106072,5.012394283746667,5.840889206680001,4.72242106072,9.19629364456,10.314761790520002,5.840889206680001,10.314761790520002,10.314761790520002,10.314761790520002,11.43322993648,8.077825498600001,6.95935735264
1964,14.250112674453334,10.74972162506,13.421617751520001,12.303149605560002,13.421617751520001,15.285731328119999,13.732303347619998,13.815152839913333,14.167263182160001,13.421617751520003,12.61383520166,10.729009251986668,13.0487950362,11.951039263313334,9.631253479100002,13.0487950362,7.622153290986667,9.56911635988,6.876507860346668,8.077825498600001,10.376898909740001,12.323861978633333,10.708296878913336,14.995758105093335
1965,13.856577586060002,11.43322993648,14.975045732020002,23.052871230620003,14.975045732020002,21.934403084659998,9.19629364456,10.314761790520002,4.72242106072,0.0,6.95935735264,8.077825498600001,13.856577586060002,20.8159349387,11.43322993648,19.697466792740002,19.697466792740002,21.934403084659998,24.17133937658,20.8159349387,25.289807522540002,28.831623318080002,27.713155172120004,18.3304501699
1966,0.0,3.3554044378800003,0.0,3.3554044378800003,0.0,3.3554044378800003,0.0,4.72242106072,0.0,3.3554044378800003,4.72242106072,0.0,3.3554044378800003,3.3554044378800003,0.0,3.3554044378800003,0.0,0.0,0.0,0.0,3.3554044378800003,4.72242106072,3.3554044378800003,5.840889206680001
1967,5.454258242644445,5.385216999066667,7.684290410206668,8.82347092924,8.947745167679999,9.56911635988,9.19629364456,7.705002783280001,10.687584505840002,11.495367055700001,11.122544340380001,10.376898909740001,11.86818977102,10.376898909740001,9.196293644559999,13.0487950362,10.749721625060003,12.30314960556,12.61383520166,15.34786844734,15.430717939633334,15.803540654953336,13.421617751520001,10.004076194420001
1968,5.840889206680001,5.840889206680001,6.95935735264,5.840889206680001,5.840889206680001,6.95935735264,5.840889206680001,8.077825498600001,6.95935735264,6.95935735264,5.840889206680001,5.840889206680001,4.72242106072,3.3554044378800003,4.72242106072,3.3554044378800003,3.3554044378800003,4.72242106072,4.72242106072,3.3554044378800003,0.0,0.0,0.0,0.0
1969,0.0,0.0,0.0,0.0,11.43322993648,0.0,11.43322993648,17.21198202394,14.975045732020002,4.72242106072,10.314761790520002,0.0,0.0,0.0,0.0,0.0,10.314761790520002,10.314761790520002,10.314761790520002,8.077825498600001,8.077825498600001,0.0,0.0,0.0
1970,8.0778254986,7.705002783280001,6.213711922000001,5.0123942837466675,3.1482807071466667,3.0654312148533336,1.5741403535733334,1.11846814596,2.6926084995333337,3.8939261377866665,3.1482807071466667,1.11846814596,3.3554044378800003,2.6926084995333337,2.6926084995333337,3.4382539301733335,1.5741403535733334,3.8110766454933334,6.130862429706667,6.503685145026666,5.012394283746667,1.5741403535733334,2.6926084995333337,2.3197857842133334
1971,9.25843076378,6.876507860346668,6.9593573526400005,6.213711922000001,5.840889206680001,5.09524377604,1.9469630688933337,4.266748853106667,4.183899360813334,4.266748853106667,4.639571568426668,5.012394283746667,4.266748853106667,3.0654312148533336,1.11846814596,1.9469630688933337,5.385216999066667,5.758039714386666,6.503685145026668,7.705002783280001,6.58653463732,5.840889206680001,3.5211034224666675,0.37282271532000005
1972,9.19629364456,11.43322993648,8.077825498600001,5.840889206680001,9.19629364456,3.3554044378800003,5.840889206680001,6.95935735264,5.840889206680001,6.95935735264,6.95935735264,6.95935735264,5.840889206680001,5.840889206680001,6.95935735264,4.72242106072,6.95935735264,6.95935735264,10.314761790520002,9.19629364456,11.43322993648,13.856577586060002,11.43322993648,13.856577586060002
1973,7.207905829520001,7.207905829520001,6.558918139888889,5.716614968240001,0.0,3.3554044378800003,0.0,0.0,0.0,0.0,4.72242106072,3.3554044378800003,5.840889206680001,0.0,3.3554044378800003,0.0,5.840889206680001,6.95935735264,8.077825498600001,8.077825498600001,9.19629364456,9.19629364456,5.840889206680001,3.3554044378800003
1974,1.11846814596,0.0,0.0,0.0,0.0,0.0,1.11846814596,0.0,1.5741403535733334,0.0,1.11846814596,0.0,1.5741403535733334,1.5741403535733334,1.9469630688933337,1.5741403535733334,0.0,3.8939261377866674,3.8939261377866665,1.9469630688933337,1.11846814596,2.3197857842133334,0.0,2.3197857842133334
1975,0.0,3.3554044378800003,0.0,0.0,3.3554044378800003,0.0,0.0,0.0,0.0,0.0,3.3554044378800003,0.0,0.0,4.72242106072,5.840889206680001,3.3554044378800003,0.0,4.72242106072,4.72242106072,4.72242106072,4.72242106072,4.72242106072,0.0,3.3554044378800003
1976,10.00407619442,11.06040722116,8.0778254986,9.19629364456,9.56911635988,5.84088920668,7.705002783280001,5.468066491360001,8.45064821392,6.213711922000001,6.58653463732,6.9593573526400005,5.758039714386668,5.012394283746667,1.11846814596,4.72242106072,3.5211034224666675,1.11846814596,3.8939261377866674,3.5211034224666675,3.811076645493334,0.0,6.58653463732,5.0123942837466675
1977,8.077825498600001,6.95935735264,6.95935735264,5.840889206680001,6.95935735264,5.840889206680001,3.3554044378800003,3.3554044378800003,3.3554044378800003,4.72242106072,3.3554044378800003,3.3554044378800003,0.0,3.3554044378800003,5.840889206680001,0.0,5.840889206680001,3.3554044378800003,3.3554044378800003,5.840889206680001,9.19629364456,8.077825498600001,9.19629364456,8.077825498600001
1978,1.11846814596,0.0,0.0,0.0,1.11846814596,1.11846814596,2.23693629192,0.0,2.6926084995333337,5.0123942837466675,6.213711922000001,5.012394283746667,3.0654312148533336,3.811076645493334,3.4382539301733335,5.84088920668,0.0,2.23693629192,3.0654312148533336,3.5211034224666675,1.11846814596,2.23693629192,3.0654312148533336,3.0654312148533336
1979,0.0,0.0,0.0,0.0,0.0,0.0,0.0,0.0,0.0,0.0,0.0,4.72242106072,4.72242106072,0.0,3.3554044378800003,3.3554044378800003,0.0,0.0,4.72242106072,4.72242106072,0.0,3.3554044378800003,3.3554044378800003,0.0
1980,6.95935735264,5.840889206680001,5.840889206680001,5.840889206680001,3.3554044378800003,3.3554044378800003,6.95935735264,4.72242106072,3.3554044378800003,0.0,3.3554044378800003,4.72242106072,0.0,3.3554044378800003,8.077825498600001,6.95935735264,8.077825498600001,8.077825498600001,11.43322993648,6.95935735264,5.840889206680001,3.3554044378800003,9.19629364456,6.95935735264
1981,5.840889206680001,4.72242106072,5.840889206680001,5.840889206680001,6.95935735264,5.840889206680001,4.72242106072,3.3554044378800003,3.3554044378800003,0.0,0.0,3.3554044378800003,0.0,0.0,0.0,0.0,0.0,5.840889206680001,4.72242106072,5.840889206680001,3.3554044378800003,0.0,0.0,0.0
1982,9.19629364456,11.43322993648,9.19629364456,11.43322993648,8.077825498600001,9.19629364456,9.19629364456,5.840889206680001,6.95935735264,5.840889206680001,3.3554044378800003,5.840889206680001,4.72242106072,5.840889206680001,5.840889206680001,5.840889206680001,5.840889206680001,4.72242106072,5.840889206680001,6.95935735264,4.72242106072,8.077825498600001,5.840889206680001,5.840889206680001
1983,4.72242106072,0.0,3.3554044378800003,3.3554044378800003,4.72242106072,3.3554044378800003,4.72242106072,6.95935735264,6.95935735264,5.840889206680001,4.72242106072,6.95935735264,3.3554044378800003,6.95935735264,5.840889206680001,9.19629364456,6.95935735264,3.3554044378800003,0.0,5.840889206680001,6.95935735264,4.72242106072,5.840889206680001,4.72242106072
1984,5.840889206680001,0.0,3.3554044378800003,5.840889206680001,3.3554044378800003,3.3554044378800003,6.95935735264,0.0,3.3554044378800003,0.0,0.0,0.0,0.0,0.0,3.3554044378800003,3.3554044378800003,0.0,0.0,3.3554044378800003,0.0,6.95935735264,5.840889206680001,8.077825498600001,6.95935735264
1985,6.213711922000001,4.183899360813334,5.840889206680001,5.3852169990666665,4.556722076133333,5.012394283746667,5.84088920668,5.468066491360001,2.6926084995333337,2.6926084995333337,3.4382539301733335,4.266748853106667,2.23693629192,4.266748853106667,7.33218006796,6.213711922000001,7.705002783280001,8.82347092924,11.868189771019999,8.82347092924,5.385216999066667,3.811076645493334,7.33218006796,6.213711921999999
1986,0.0,0.0,3.3554044378800003,4.72242106072,3.3554044378800003,4.72242106072,8.077825498600001,4.72242106072,6.95935735264,9.19629364456,4.72242106072,3.3554044378800003,5.840889206680001,0.0,5.840889206680001,4.72242106072,4.72242106072,6.95935735264,10.314761790520002,6.95935735264,8.077825498600001,6.95935735264,5.840889206680001,3.3554044378800003
1987,4.72242106072,3.3554044378800003,0.0,0.0,5.840889206680001,4.72242106072,5.840889206680001,5.840889206680001,3.3554044378800003,5.840889206680001,5.840889206680001,5.840889206680001,6.95935735264,0.0,5.840889206680001,3.3554044378800003,0.0,0.0,0.0,0.0,0.0,0.0,0.0,0.0
1988,5.012394283746667,6.130862429706667,4.929544791453334,5.012394283746667,3.0654312148533336,5.012394283746667,4.183899360813334,4.183899360813334,4.266748853106667,5.468066491360001,5.468066491360001,4.72242106072,5.840889206680001,4.639571568426667,3.4382539301733335,5.758039714386668,5.012394283746667,3.5211034224666675,4.639571568426668,4.266748853106667,2.23693629192,5.468066491360001,5.468066491360001,5.840889206680001
1989,6.95935735264,3.3554044378800003,3.3554044378800003,6.95935735264,3.3554044378800003,4.72242106072,3.3554044378800003,3.3554044378800003,5.840889206680001,5.840889206680001,5.840889206680001,4.72242106072,4.72242106072,3.3554044378800003,3.3554044378800003,5.840889206680001,4.72242106072,4.72242106072,4.72242106072,4.72242106072,3.3554044378800003,4.72242106072,5.840889206680001,6.95935735264
1990,10.314761790520002,13.856577586060002,11.43322993648,11.43322993648,6.95935735264,11.43322993648,9.19629364456,11.43322993648,10.314761790520002,6.95935735264,10.314761790520002,8.077825498600001,10.314761790520002,13.856577586060002,10.314761790520002,11.43322993648,11.43322993648,9.19629364456,8.077825498600001,5.840889206680001,6.95935735264,6.95935735264,8.077825498600001,6.95935735264
1991,3.3554044378800003,0.0,5.840889206680001,6.95935735264,12.7381094401,6.95935735264,6.95935735264,4.72242106072,5.840889206680001,0.0,0.0,0.0,0.0,0.0,0.0,3.3554044378800003,3.3554044378800003,3.3554044378800003,3.3554044378800003,3.3554044378800003,0.0,4.72242106072,0.0,0.0
1992,10.314761790520002,10.314761790520002,12.7381094401,10.314761790520002,11.43322993648,11.43322993648,12.7381094401,5.840889206680001,10.314761790520002,9.19629364456,10.314761790520002,9.19629364456,11.43322993648,12.7381094401,12.7381094401,8.077825498600001,12.7381094401,9.19629364456,8.077825498600001,4.72242106072,8.077825498600001,8.077825498600001,4.72242106072,6.95935735264
1993,3.3554044378800003,3.3554044378800003,3.3554044378800003,3.3554044378800003,3.3554044378800003,0.0,0.0,0.0,3.3554044378800003,0.0,0.0,0.0,3.3554044378800003,0.0,3.3554044378800003,3.3554044378800003,4.72242106072,6.95935735264,5.840889206680001,5.840889206680001,4.72242106072,8.077825498600001,6.95935735264,5.840889206680001
1994,0.5247134511911111,1.4912908612800002,0.0,1.5741403535733334,1.9469630688933333,0.0,3.1482807071466667,2.6926084995333337,3.5211034224666675,4.639571568426668,1.9469630688933337,3.8939261377866665,1.11846814596,1.9469630688933337,1.5741403535733334,2.6926084995333337,0.7456454306400001,0.0,2.319785784213334,2.0988538047644445,2.6235672559555554,3.3968291840266667,5.799464460533334,4.970969537600001
1995,11.86818977102,11.122544340380001,12.675972320880001,13.0487950362,15.368580820413335,12.675972320880001,11.495367055700001,8.077825498600001,6.9593573526400005,8.057113125526667,6.9593573526400005,8.139962617820002,6.503685145026668,5.012394283746667,5.84088920668,5.0123942837466675,4.266748853106667,6.9593573526400005,6.192999548926667,8.82347092924,5.012394283746667,6.130862429706667,5.758039714386666,9.56911635988
1996,8.077825498600001,6.95935735264,0.0,4.72242106072,4.72242106072,6.95935735264,8.077825498600001,9.19629364456,9.19629364456,10.314761790520002,9.19629364456,9.19629364456,10.314761790520002,11.43322993648,9.19629364456,9.19629364456,8.077825498600001,10.314761790520002,6.95935735264,8.077825498600001,8.077825498600001,8.077825498600001,10.314761790520002,9.19629364456
1997,5.840889206680001,3.3554044378800003,4.72242106072,3.3554044378800003,3.3554044378800003,4.72242106072,4.72242106072,4.72242106072,0.0,0.0,0.0,3.3554044378800003,3.3554044378800003,4.72242106072,6.95935735264,5.840889206680001,6.95935735264,8.077825498600001,11.43322993648,11.43322993648,6.95935735264,0.0,8.077825498600001,6.95935735264
1998,5.840889206680001,6.95935735264,6.95935735264,5.840889206680001,5.840889206680001,8.077825498600001,8.077825498600001,8.077825498600001,5.840889206680001,6.95935735264,6.95935735264,10.314761790520002,4.72242106072,6.95935735264,5.840889206680001,6.95935735264,9.19629364456,4.72242106072,8.077825498600001,6.95935735264,5.840889206680001,5.840889206680001,4.72242106072,3.3554044378800003
1999,11.43322993648,12.7381094401,16.09351387798,11.43322993648,10.314761790520002,11.43322993648,10.314761790520002,12.7381094401,10.314761790520002,8.077825498600001,6.95935735264,8.077825498600001,6.95935735264,4.72242106072,0.0,0.0,0.0,5.840889206680001,6.95935735264,8.077825498600001,12.7381094401,11.43322993648,9.19629364456,9.19629364456
2000,6.58653463732,2.23693629192,1.11846814596,3.0654312148533336,2.23693629192,1.11846814596,5.385216999066667,1.11846814596,2.6926084995333337,2.6926084995333337,0.0,1.5741403535733334,1.9469630688933337,2.23693629192,4.266748853106667,2.23693629192,1.11846814596,3.1482807071466667,2.6926084995333337,1.11846814596,5.468066491360001,6.9593573526400005,7.705002783280001,7.705002783280001
2001,5.0123942837466675,4.556722076133333,4.929544791453334,3.8939261377866665,3.1482807071466667,1.11846814596,1.9469630688933337,1.5741403535733334,2.23693629192,0.0,0.0,1.11846814596,1.11846814596,1.9469630688933337,1.9469630688933337,2.6926084995333337,6.130862429706667,5.840889206680001,5.385216999066667,1.9469630688933337,4.639571568426667,4.266748853106667,1.11846814596,0.0
2002,9.9419390752,10.74972162506,9.175581271486667,9.983363821346668,7.684290410206668,5.799464460533334,3.4589663032466667,1.1391805190333335,2.2576486649933334,4.2253241069600005,3.1068559610000004,5.053819029893334,4.6602839415,2.2576486649933334,2.2576486649933334,2.2576486649933334,2.651183753386667,5.7373273413133345,5.7373273413133345,6.482972771953334,4.246036480033333,2.651183753386667,1.5327156074266668,2.651183753386667
2003,11.122544340380001,9.548403986806667,7.994976006306668,6.876507860346667,8.429935840846667,7.684290410206668,6.876507860346667,4.639571568426668,2.6926084995333337,4.639571568426668,6.58653463732,2.3197857842133334,8.0778254986,6.9593573526400005,5.0123942837466675,5.758039714386666,3.0654312148533336,3.5211034224666675,1.9469630688933337,3.5211034224666675,3.5211034224666675,5.840889206680001,5.84088920668,3.4382539301733335
2004,8.077825498600001,12.7381094401,10.314761790520002,10.314761790520002,8.077825498600001,6.95935735264,3.3554044378800003,3.3554044378800003,0.0,5.840889206680001,4.72242106072,0.0,4.72242106072,0.0,4.72242106072,4.72242106072,3.3554044378800003,0.0,3.3554044378800003,0.0,2.6926084995333337,0.0,4.72242106072,0.0
2005,8.802758556166667,9.25843076378,6.793658368053333,6.089437683560001,8.077825498600001,6.917932606493334,8.0778254986,6.213711922000001,3.3968291840266667,8.450648213920001,6.58653463732,6.130862429706667,5.012394283746667,3.8939261377866665,6.9593573526400005,1.2427423844,2.23693629192,3.1897054532933335,3.811076645493334,5.012394283746667,5.385216999066667,8.077825498600001,3.0654312148533336,8.326373975480001
2006,10.376898909740001,10.37689890974,9.631253479100002,11.122544340380001,11.495367055700001,11.122544340380001,7.7050027832799985,8.0778254986,6.503685145026668,6.959357352640001,6.876507860346667,6.9593573526400005,1.11846814596,2.6926084995333337,2.23693629192,1.5741403535733334,3.0654312148533336,2.3197857842133334,3.8110766454933334,3.1482807071466667,3.8939261377866665,1.9469630688933337,1.9469630688933337,1.5741403535733334
2007,3.8939261377866674,5.09524377604,3.0654312148533336,5.095243776040001,4.045816873657778,2.23693629192,0.0,1.11846814596,3.3554044378800003,1.9469630688933337,1.5741403535733334,3.0654312148533336,4.266748853106667,4.266748853106667,2.6926084995333337,3.1482807071466667,1.9469630688933337,0.0,2.23693629192,3.686802407053334,4.266748853106667,9.299855509926665,8.057113125526667,6.9593573526400005
2008,0.0,0.0,0.0,0.0,0.0,0.0,0.0,0.0,0.0,0.0,0.0,0.0,0.0,0.0,0.0,0.0,0.0,0.0,0.0,4.72242106072,0.0,4.72242106072,4.72242106072,4.72242106072
2009,0.0,0.0,0.0,0.0,0.0,3.3554044378800003,0.0,3.3554044378800003,0.0,0.0,0.0,0.0,0.0,4.72242106072,0.0,0.0,0.0,0.0,0.0,0.0,0.0,3.3554044378800003,2.23693629192,0.0
2010,0.0,3.3554044378800003,4.72242106072,3.3554044378800003,0.0,0.0,0.0,0.0,0.0,0.0,0.0,0.0,0.0,0.0,0.0,0.0,6.95935735264,8.077825498600001,6.95935735264,6.95935735264,4.72242106072,5.840889206680001,5.840889206680001,3.3554044378800003
2011,0.0,3.3554044378800003,0.0,0.0,0.0,3.3554044378800003,0.0,3.3554044378800003,0.0,0.0,0.0,0.0,0.0,0.0,0.0,4.72242106072,0.0,4.72242106072,6.95935735264,4.72242106072,3.3554044378800003,4.72242106072,0.0,0.0
2012,0.0,0.0,6.95935735264,4.72242106072,3.3554044378800003,4.72242106072,4.72242106072,4.72242106072,5.840889206680001,3.3554044378800003,3.3554044378800003,6.95935735264,3.3554044378800003,4.72242106072,5.840889206680001,5.840889206680001,4.72242106072,5.840889206680001,4.72242106072,0.0,4.72242106072,0.0,0.0,3.3554044378800003
2013,0.0,5.840889206680001,4.72242106072,5.840889206680001,6.95935735264,5.840889206680001,5.840889206680001,11.43322993648,13.856577586060002,10.314761790520002,5.840889206680001,5.840889206680001,10.314761790520002,8.077825498600001,10.314761790520002,5.840889206680001,8.077825498600001,12.7381094401,13.856577586060002,9.19629364456,4.72242106072,0.0,0.0,0.0
2014,5.840889206680001,4.72242106072,4.72242106072,0.0,0.0,0.0,0.0,0.0,3.3554044378800003,5.840889206680001,5.840889206680001,4.72242106072,4.72242106072,5.840889206680001,4.72242106072,5.840889206680001,5.840889206680001,5.840889206680001,6.95935735264,4.72242106072,5.840889206680001,9.19629364456,9.19629364456,8.077825498600001
2015,17.21198202394,11.43322993648,16.09351387798,16.09351387798,12.7381094401,12.7381094401,10.314761790520002,13.856577586060002,10.314761790520002,0.0,0.0,3.3554044378800003,0.0,0.0,4.72242106072,4.72242106072,0.0,4.72242106072,4.72242106072,9.19629364456,10.314761790520002,13.856577586060002,11.43322993648,9.19629364456
2016,4.72242106072,8.077825498600001,9.19629364456,10.314761790520002,11.43322993648,14.975045732020002,13.856577586060002,13.856577586060002,12.7381094401,16.09351387798,10.314761790520002,9.19629364456,8.077825498600001,5.840889206680001,8.077825498600001,8.077825498600001,8.077825498600001,9.19629364456,11.43322993648,11.43322993648,11.43322993648,9.19629364456,6.95935735264,4.72242106072
2017,9.56911635988,10.68758450584,9.56911635988,10.749721625060003,11.122544340380003,10.936132982720002,11.495367055700001,11.495367055700001,10.004076194420001,10.004076194420001,9.631253479100002,7.477166679473334,9.25843076378,7.9949760063066675,7.705002783280001,8.077825498600001,6.586534637320001,8.077825498600001,8.51278533314,11.495367055700001,8.88560804846,8.82347092924,11.122544340380001,12.758821813173332
2018,6.95935735264,10.314761790520002,10.314761790520002,12.7381094401,9.19629364456,11.43322993648,11.43322993648,9.19629364456,10.314761790520002,9.19629364456,10.314761790520002,6.95935735264,9.19629364456,12.7381094401,9.19629364456,8.077825498600001,9.19629364456,11.43322993648,11.43322993648,11.43322993648,10.314761790520002,11.43322993648,8.077825498600001,10.314761790520002
2019,0.0,3.3554044378800003,3.3554044378800003,3.3554044378800003,5.840889206680001,0.0,0.0,0.0,0.0,3.3554044378800003,3.3554044378800003,3.3554044378800003,0.0,3.8939261377866665,3.3554044378800003,3.3554044378800003,3.3554044378800003,0.0,3.3554044378800003,3.3554044378800003,3.3554044378800003,2.23693629192,0.0,0.0
2020,6.95935735264,8.077825498600001,8.077825498600001,6.95935735264,8.077825498600001,6.95935735264,8.077825498600001,8.077825498600001,9.19629364456,11.43322993648,14.975045732020002,9.19629364456,11.43322993648,10.314761790520002,5.840889206680001,5.840889206680001,6.95935735264,4.72242106072,6.95935735264,5.840889206680001,16.09351387798,11.43322993648,16.09351387798,9.19629364456
2021,0.0,0.0,0.0,0.0,0.0,0.0,0.0,0.0,5.840889206680001,4.72242106072,6.95935735264,4.72242106072,4.72242106072,3.3554044378800003,4.72242106072,4.72242106072,4.72242106072,3.3554044378800003,3.3554044378800003,5.840889206680001,4.72242106072,4.72242106072,4.72242106072,0.0
2022,3.3554044378800003,5.840889206680001,4.72242106072,3.3554044378800003,0.0,0.0,0.0,0.0,0.0,0.0,3.3554044378800003,0.0,3.3554044378800003,0.0,0.0,0.0,0.0,0.0,0.0,0.0,3.3554044378800003,0.0,4.72242106072,6.95935735264
2023,11.495367055700001,11.122544340380001,10.74972162506,11.495367055700001,11.86818977102,11.86818977102,10.74972162506,7.705002783280001,8.0778254986,6.503685145026666,6.9593573526400005,5.840889206680001,6.130862429706667,6.130862429706667,6.959357352640001,5.758039714386668,4.639571568426668,6.58653463732,3.8939261377866674,8.450648213920001,4.639571568426668,6.130862429706667,8.057113125526667,12.98665791698
2024,4.72242106072,0.0,0.0,0.0,0.0,3.3554044378800003,3.3554044378800003,4.72242106072,5.840889206680001,0.0,3.3554044378800003,4.72242106072,4.72242106072,8.077825498600001,3.3554044378800003,6.95935735264,9.19629364456,11.43322993648,10.314761790520002,10.314761790520002,8.077825498600001,10.314761790520002,11.43322993648,8.077825498600001
2025,3.3554044378800003,0.0,3.3554044378800003,3.3554044378800003,5.840889206680001,4.72242106072,8.077825498600001,6.95935735264,8.077825498600001,6.95935735264,5.840889206680001,8.077825498600001,6.95935735264,3.3554044378800003,4.72242106072,8.077825498600001,11.43322993648,12.7381094401,11.43322993648,14.975045732020002,16.09351387798,9.19629364456,9.19629364456,10.314761790520002
2026,6.95935735264,3.3554044378800003,0.0,0.0,0.0,0.0,3.3554044378800003,0.0,4.72242106072,3.3554044378800003,0.0,0.0,5.840889206680001,3.3554044378800003,4.72242106072,0.0,3.3554044378800003,4.72242106072,4.72242106072,0.0,4.72242106072,6.95935735264,6.95935735264,8.077825498600001
2027,8.077825498600001,3.3554044378800003,11.43322993648,13.856577586060002,9.19629364456,12.7381094401,17.21198202394,13.856577586060002,16.09351387798,13.856577586060002,9.19629364456,6.95935735264,4.72242106072,5.840889206680001,4.72242106072,8.077825498600001,11.43322993648,11.43322993648,12.7381094401,11.43322993648,10.314761790520002,10.314761790520002,8.077825498600001,4.72242106072
2028,0.0,0.0,0.0,5.840889206680001,0.0,4.72242106072,4.72242106072,0.0,0.0,0.0,4.72242106072,0.0,0.0,0.0,0.0,0.0,5.840889206680001,4.72242106072,3.3554044378800003,0.0,4.72242106072,8.077825498600001,9.19629364456,10.314761790520002
2029,5.840889206680001,4.72242106072,4.72242106072,0.0,4.72242106072,3.3554044378800003,0.0,0.0,4.72242106072,4.72242106072,0.0,0.0,0.0,0.0,3.3554044378800003,5.840889206680001,3.3554044378800003,3.3554044378800003,0.0,0.0,0.0,0.0,4.72242106072,0.0
2030,1.5741403535733334,0.0,0.0,0.0,0.0,1.11846814596,3.1482807071466667,2.23693629192,2.6926084995333337,5.0123942837466675,3.8939261377866665,3.8939261377866674,2.6926084995333337,4.266748853106667,1.11846814596,1.5741403535733334,0.0,1.11846814596,0.0,0.0,2.3197857842133334,0.0,1.5741403535733334,3.1482807071466667
2031,8.077825498600001,4.72242106072,3.3554044378800003,0.0,0.0,0.0,4.72242106072,0.0,0.0,0.0,3.3554044378800003,3.3554044378800003,3.3554044378800003,4.72242106072,6.95935735264,11.43322993648,6.95935735264,8.077825498600001,6.95935735264,9.19629364456,6.95935735264,5.840889206680001,3.3554044378800003,3.3554044378800003
2032,4.7086128120044455,4.853599423517778,6.869603735988889,4.860503547875556,6.4760686475955564,8.719909063873333,8.326373975480001,9.154868898413334,8.222812110113335,9.838377209833334,10.149062805933335,8.637059571580002,6.973165601355556,3.990583878795556,3.3415961891644446,3.838693142924445,4.211515858244446,4.736229309435556,5.109052024755555,4.8328870504444446,3.4382539301733335,3.0654312148533336,4.556722076133334,3.5211034224666675
2033,10.314761790520002,12.7381094401,8.077825498600001,6.95935735264,12.7381094401,12.7381094401,5.840889206680001,6.95935735264,8.077825498600001,10.314761790520002,10.314761790520002,10.314761790520002,8.077825498600001,4.72242106072,0.0,5.840889206680001,4.72242106072,6.95935735264,8.077825498600001,8.077825498600001,4.72242106072,10.314761790520002,4.72242106072,4.72242106072
2034,5.758039714386668,3.5211034224666675,7.705002783280001,7.705002783280001,10.376898909740001,8.077825498600001,7.33218006796,6.213711922000002,6.586534637320001,4.639571568426667,4.639571568426667,1.5741403535733334,1.9469630688933337,1.5741403535733334,1.11846814596,3.811076645493334,1.11846814596,3.3554044378800003,3.3554044378800003,2.23693629192,1.11846814596,2.6926084995333337,1.5741403535733334,2.6926084995333337
2035,3.3554044378800003,0.0,4.72242106072,4.72242106072,3.3554044378800003,0.0,0.0,0.0,3.3554044378800003,0.0,0.0,0.0,3.3554044378800003,0.0,0.0,4.72242106072,6.95935735264,5.840889206680001,5.840889206680001,5.840889206680001,5.840889206680001,5.840889206680001,4.72242106072,4.72242106072
2036,9.56911635988,12.241012486340002,11.930326890240002,10.376898909740001,8.0778254986,9.19629364456,9.19629364456,9.19629364456,11.1846814596,11.122544340380003,10.74972162506,12.30314960556,12.675972320880001,11.868189771019999,12.675972320880001,15.720691162660001,16.4663365933,16.09351387798,16.114226251053335,14.540085897480003,14.540085897480003,12.61383520166,13.85657758606,11.06040722116
2037,8.077825498600001,8.077825498600001,4.72242106072,4.72242106072,0.0,0.0,0.0,0.0,0.0,0.0,0.0,0.0,0.0,3.3554044378800003,0.0,0.0,3.3554044378800003,0.0,4.72242106072,4.72242106072,3.3554044378800003,0.0,0.0,0.0
2038,0.0,2.6926084995333337,3.4382539301733335,2.3197857842133334,0.0,0.0,0.0,0.0,0.0,0.0,0.0,0.0,0.0,0.0,0.0,6.95935735264,6.95935735264,6.95935735264,8.077825498600001,5.840889206680001,0.0,0.0,4.72242106072,4.72242106072
2039,5.840889206680001,9.19629364456,3.3554044378800003,9.19629364456,4.72242106072,4.72242106072,5.840889206680001,3.3554044378800003,3.3554044378800003,4.72242106072,3.3554044378800003,4.72242106072,3.3554044378800003,4.72242106072,3.3554044378800003,0.0,3.3554044378800003,3.3554044378800003,6.95935735264,4.72242106072,4.72242106072,5.840889206680001,8.077825498600001,4.72242106072
2040,10.314761790520002,13.856577586060002,14.975045732020002,14.975045732020002,12.7381094401,11.43322993648,10.314761790520002,12.7381094401,13.856577586060002,13.856577586060002,13.856577586060002,10.314761790520002,10.314761790520002,8.077825498600001,8.077825498600001,10.314761790520002,9.19629364456,9.19629364456,6.95935735264,11.43322993648,11.43322993648,9.19629364456,11.43322993648,4.72242106072
2041,5.840889206680001,0.0,3.3554044378800003,0.0,0.0,0.0,3.3554044378800003,4.72242106072,3.3554044378800003,0.0,0.0,3.3554044378800003,0.0,4.72242106072,5.840889206680001,8.077825498600001,0.0,11.43322993648,3.3554044378800003,6.95935735264,13.856577586060002,10.314761790520002,19.697466792740002,20.8159349387
2042,4.391023091546667,2.5683342610933337,2.5683342610933337,2.9825817225600004,3.5211034224666675,4.929544791453334,5.840889206680001,6.130862429706667,5.84088920668,5.840889206680001,3.8939261377866665,6.545109891173333,3.686802407053334,6.58653463732,5.012394283746667,8.160674990893334,7.33218006796,4.142474614666667,2.6926084995333337,3.3968291840266667,5.385216999066667,4.556722076133334,3.8110766454933334,3.9353508839333338
2043,0.0,4.72242106072,4.72242106072,4.72242106072,4.72242106072,8.077825498600001,8.077825498600001,8.077825498600001,8.077825498600001,16.09351387798,9.19629364456,12.7381094401,9.19629364456,10.314761790520002,8.077825498600001,8.077825498600001,10.314761790520002,10.314761790520002,10.314761790520002,9.19629364456,9.19629364456,6.95935735264,4.72242106072,4.72242106072
2044,8.077825498600001,6.95935735264,6.95935735264,6.95935735264,6.95935735264,8.077825498600001,9.19629364456,8.077825498600001,10.314761790520002,10.314761790520002,9.19629364456,11.43322993648,13.856577586060002,12.7381094401,13.856577586060002,10.314761790520002,11.43322993648,19.697466792740002,19.697466792740002,19.697466792740002,18.3304501699,13.856577586060002,10.314761790520002,13.856577586060002
2045,10.314761790520002,8.077825498600001,8.077825498600001,5.840889206680001,8.077825498600001,8.077825498600001,6.95935735264,6.95935735264,8.077825498600001,8.077825498600001,6.95935735264,5.840889206680001,6.95935735264,5.840889206680001,3.3554044378800003,4.72242106072,6.95935735264,6.95935735264,3.3554044378800003,4.72242106072,5.840889206680001,8.077825498600001,0.0,0.0
2046,0.0,0.0,0.0,0.0,0.0,3.3554044378800003,4.72242106072,3.3554044378800003,3.3554044378800003,3.3554044378800003,4.72242106072,4.72242106072,0.0,4.72242106072,0.0,0.0,4.72242106072,0.0,0.0,0.0,0.0,3.3554044378800003,3.3554044378800003,0.0
2047,5.012394283746667,6.917932606493334,9.25843076378,6.130862429706667,4.611955070995556,4.363406594115556,2.8721157328355553,2.0160043124711113,0.7732619280711112,0.37282271532000005,2.0988538047644445,2.9825817225600004,1.8641135766,0.0,0.0,3.3968291840266667,4.763845806866668,8.574922452360001,6.917932606493334,6.130862429706667,4.142474614666667,3.1897054532933335,1.2427423844,0.0
2048,2.23693629192,0.0,1.11846814596,1.11846814596,0.0,1.9469630688933337,1.5741403535733334,1.9469630688933337,1.11846814596,0.0,1.11846814596,1.11846814596,1.11846814596,1.11846814596,1.5741403535733334,0.0,0.0,1.11846814596,0.0,2.3197857842133334,4.266748853106667,5.468066491360001,2.23693629192,1.11846814596
2049,11.495367055700001,13.421617751520001,12.241012486340002,9.631253479100002,8.82347092924,8.0778254986,6.130862429706667,5.012394283746667,6.130862429706667,6.213711922000001,8.45064821392,5.840889206680001,5.84088920668,3.1482807071466667,4.639571568426668,5.840889206680001,5.840889206680001,5.840889206680001,6.95935735264,9.19629364456,5.840889206680001,0.0,5.840889206680001,0.0
2050,13.856577586060002,17.21198202394,16.09351387798,20.8159349387,16.09351387798,14.975045732020002,18.3304501699,17.21198202394,16.09351387798,13.856577586060002,14.975045732020002,5.840889206680001,11.43322993648,12.7381094401,12.7381094401,16.09351387798,13.856577586060002,14.975045732020002,12.7381094401,10.314761790520002,16.09351387798,18.3304501699,12.7381094401,8.077825498600001
2051,12.7381094401,11.43322993648,9.19629364456,4.72242106072,8.077825498600001,9.19629364456,9.19629364456,3.3554044378800003,6.95935735264,4.72242106072,6.95935735264,4.72242106072,5.840889206680001,0.0,0.0,0.0,0.0,5.840889206680001,5.840889206680001,10.314761790520002,4.72242106072,3.3554044378800003,0.0,3.3554044378800003
2052,6.95935735264,5.840889206680001,8.077825498600001,10.314761790520002,5.840889206680001,6.95935735264,5.840889206680001,4.72242106072,3.3554044378800003,4.72242106072,5.840889206680001,3.3554044378800003,5.840889206680001,4.72242106072,3.3554044378800003,5.840889206680001,8.077825498600001,4.72242106072,4.72242106072,3.3554044378800003,0.0,3.3554044378800003,4.72242106072,0.0
2053,3.0447188417800004,3.8732137647133342,4.618859195353334,5.447354118286667,8.057113125526667,5.447354118286668,3.1068559610000004,2.651183753386667,2.651183753386667,2.2576486649933334,2.713320872606667,2.2576486649933334,1.1391805190333335,1.1391805190333335,2.2576486649933334,1.8848259496733337,2.2576486649933334,1.1391805190333335,0.7663578037133334,2.2576486649933334,2.2576486649933334,1.1391805190333335,5.03310665682,4.59814682228
2054,3.3554044378800003,4.72242106072,5.840889206680001,4.72242106072,5.840889206680001,3.3554044378800003,0.0,0.0,3.3554044378800003,5.840889206680001,3.3554044378800003,4.72242106072,5.840889206680001,3.3554044378800003,5.840889206680001,3.3554044378800003,8.077825498600001,9.19629364456,8.077825498600001,0.0,5.840889206680001,5.840889206680001,3.3554044378800003,0.0
2055,4.72242106072,3.3554044378800003,0.0,0.0,3.3554044378800003,3.3554044378800003,3.3554044378800003,4.72242106072,0.0,3.3554044378800003,4.72242106072,5.840889206680001,3.3554044378800003,5.840889206680001,4.72242106072,5.840889206680001,8.077825498600001,4.72242106072,0.0,5.840889206680001,5.840889206680001,4.72242106072,0.0,0.0
2056,0.0,4.72242106072,3.3554044378800003,0.0,0.0,0.0,0.0,0.0,5.840889206680001,4.72242106072,8.077825498600001,13.856577586060002,9.19629364456,11.43322993648,11.43322993648,16.09351387798,13.856577586060002,12.7381094401,12.7381094401,12.7381094401,11.43322993648,9.19629364456,10.314761790520002,13.856577586060002
2057,5.840889206680001,5.840889206680001,5.840889206680001,8.077825498600001,8.077825498600001,11.43322993648,9.19629364456,8.077825498600001,10.314761790520002,9.19629364456,13.856577586060002,11.43322993648,11.43322993648,14.975045732020002,18.3304501699,18.3304501699,14.975045732020002,12.7381094401,11.43322993648,13.856577586060002,10.314761790520002,13.856577586060002,9.19629364456,8.077825498600001
2058,0.0,3.3554044378800003,6.95935735264,5.840889206680001,9.19629364456,8.077825498600001,6.95935735264,9.19629364456,6.95935735264,5.840889206680001,3.3554044378800003,4.72242106072,0.0,5.840889206680001,5.840889206680001,8.077825498600001,9.19629364456,11.43322993648,10.314761790520002,8.077825498600001,6.95935735264,8.077825498600001,4.72242106072,5.840889206680001
2059,19.697466792740002,17.21198202394,24.17133937658,25.289807522540002,23.052871230620003,26.4082756685,25.289807522540002,26.4082756685,21.934403084659998,16.09351387798,21.934403084659998,19.697466792740002,18.3304501699,21.934403084659998,20.8159349387,20.8159349387,20.8159349387,19.697466792740002,17.21198202394,14.975045732020002,17.21198202394,14.975045732020002,10.314761790520002,11.43322993648
2060,5.840889206680001,5.840889206680001,6.95935735264,8.077825498600001,6.95935735264,9.19629364456,9.19629364456,10.314761790520002,9.19629364456,12.7381094401,9.19629364456,9.19629364456,14.975045732020002,16.09351387798,16.09351387798,19.697466792740002,14.975045732020002,17.21198202394,18.3304501699,16.09351387798,18.3304501699,18.3304501699,14.975045732020002,16.09351387798
2061,11.43322993648,11.43322993648,10.314761790520002,11.43322993648,14.975045732020002,11.43322993648,12.7381094401,10.314761790520002,9.19629364456,9.19629364456,5.840889206680001,8.077825498600001,9.19629364456,9.19629364456,6.95935735264,11.43322993648,8.077825498600001,9.19629364456,10.314761790520002,13.856577586060002,12.7381094401,9.19629364456,8.077825498600001,9.19629364456
2062,6.95935735264,8.077825498600001,10.314761790520002,9.19629364456,9.19629364456,13.856577586060002,9.19629364456,5.840889206680001,4.72242106072,5.840889206680001,8.077825498600001,4.72242106072,9.19629364456,6.95935735264,4.72242106072,10.314761790520002,8.077825498600001,6.95935735264,6.95935735264,10.314761790520002,10.314761790520002,6.95935735264,4.72242106072,9.19629364456
2063,12.61383520166,12.98665791698,13.421617751520001,16.09351387798,13.421617751520001,12.675972320880001,12.696684693953335,13.856577586060002,14.975045732020002,17.21198202394,17.21198202394,14.975045732020002,10.314761790520002,9.6312534791,11.55750417492,16.09351387798,11.1846814596,13.856577586060002,11.930326890240002,11.1846814596,11.1846814596,6.130862429706667,11.43322993648,9.19629364456
2064,4.72242106072,3.3554044378800003,4.72242106072,0.0,4.72242106072,3.3554044378800003,3.3554044378800003,0.0,0.0,0.0,0.0,3.3554044378800003,3.3554044378800003,0.0,4.72242106072,4.72242106072,6.95935735264,4.72242106072,4.72242106072,4.72242106072,3.3554044378800003,6.95935735264,4.72242106072,0.0
2065,11.43322993648,11.43322993648,8.077825498600001,10.314761790520002,11.43322993648,8.077825498600001,4.72242106072,5.840889206680001,3.3554044378800003,4.72242106072,6.95935735264,4.72242106072,0.0,0.0,0.0,0.0,0.0,2.23693629192,3.3554044378800003,0.0,4.72242106072,0.0,0.0,0.0
2066,3.1482807071466667,3.811076645493334,5.095243776040001,4.266748853106667,3.0654312148533336,5.385216999066667,4.556722076133334,6.503685145026668,7.70500278328,8.077825498600001,8.077825498600001,9.56911635988,7.705002783280001,5.758039714386666,6.9593573526400005,8.45064821392,9.25843076378,13.48375487074,11.86818977102,13.421617751520001,14.602223016700002,14.602223016700002,11.868189771019999,8.82347092924
2067,0.0,0.0,0.0,0.0,0.0,0.0,0.0,0.0,0.0,0.0,0.0,0.0,0.0,0.0,0.0,3.3554044378800003,0.0,4.72242106072,4.72242106072,6.95935735264,6.95935735264,6.95935735264,4.72242106072,4.72242106072
2068,4.72242106072,8.077825498600001,9.19629364456,8.077825498600001,9.19629364456,6.95935735264,11.43322993648,16.09351387798,19.697466792740002,13.856577586060002,14.975045732020002,13.856577586060002,11.43322993648,6.95935735264,8.077825498600001,13.856577586060002,12.7381094401,12.7381094401,12.7381094401,14.975045732020002,16.09351387798,12.7381094401,9.19629364456,5.840889206680001
2069,5.840889206680001,9.19629364456,8.077825498600001,10.314761790520002,9.19629364456,6.95935735264,4.72242106072,3.3554044378800003,3.3554044378800003,0.0,0.0,6.95935735264,6.95935735264,5.840889206680001,6.95935735264,8.077825498600001,3.3554044378800003,4.72242106072,0.0,0.0,0.0,0.0,0.0,0.0
2070,10.314761790520002,11.43322993648,9.19629364456,13.856577586060002,4.72242106072,6.95935735264,0.0,6.95935735264,4.72242106072,3.3554044378800003,3.3554044378800003,4.72242106072,3.3554044378800003,0.0,0.0,4.72242106072,0.0,3.3554044378800003,3.3554044378800003,3.3554044378800003,0.0,0.0,0.0,0.0
2071,1.9469630688933337,5.012394283746667,1.5741403535733334,5.840889206680001,7.33218006796,6.586534637320001,5.758039714386666,8.45064821392,6.58653463732,4.639571568426667,2.6926084995333337,1.5741403535733334,1.9469630688933337,0.0,1.9469630688933337,2.6926084995333337,6.213711922000001,5.840889206680001,5.468066491360001,6.213711922000002,6.213711922000001,5.012394283746667,5.012394283746667,2.23693629192
2072,10.314761790520002,10.314761790520002,11.43322993648,16.09351387798,14.975045732020002,17.21198202394,18.3304501699,16.09351387798,13.856577586060002,11.43322993648,10.314761790520002,9.19629364456,6.95935735264,6.95935735264,6.95935735264,10.314761790520002,10.314761790520002,13.856577586060002,13.856577586060002,14.975045732020002,17.21198202394,11.43322993648,9.19629364456,8.077825498600001
2073,10.314761790520002,9.19629364456,5.840889206680001,8.077825498600001,0.0,4.72242106072,4.72242106072,0.0,6.95935735264,6.95935735264,8.077825498600001,10.314761790520002,10.314761790520002,5.840889206680001,3.3554044378800003,6.95935735264,0.0,6.95935735264,4.72242106072,4.72242106072,6.95935735264,3.3554044378800003,4.72242106072,9.19629364456
2074,4.72242106072,5.840889206680001,8.077825498600001,8.077825498600001,9.19629364456,8.077825498600001,8.077825498600001,11.43322993648,11.43322993648,12.7381094401,11.43322993648,14.975045732020002,16.09351387798,14.975045732020002,14.975045732020002,16.09351387798,14.975045732020002,17.21198202394,14.975045732020002,12.7381094401,12.7381094401,16.09351387798,16.09351387798,12.7381094401
2075,8.077825498600001,8.450648213920001,8.450648213920001,4.556722076133333,3.8939261377866665,6.586534637320001,8.450648213920001,5.385216999066667,7.767139902500001,9.631253479100002,6.213711921999999,7.70500278328,9.25843076378,8.82347092924,7.33218006796,8.450648213920001,10.335474163593334,9.941939075200002,8.45064821392,9.19629364456,8.82347092924,6.9593573526400005,4.639571568426668,0.0
2076,10.314761790520002,8.077825498600001,11.43322993648,5.840889206680001,10.314761790520002,5.840889206680001,4.72242106072,8.077825498600001,8.077825498600001,6.95935735264,5.840889206680001,5.840889206680001,4.72242106072,6.503685145026668,3.8939261377866674,4.72242106072,0.0,0.0,1.11846814596,0.0,0.0,5.840889206680001,0.0,1.11846814596
2077,3.3554044378800003,4.639571568426668,5.840889206680001,4.72242106072,3.3554044378800003,2.6926084995333337,0.0,0.0,0.0,3.3554044378800003,0.0,3.3554044378800003,4.72242106072,4.72242106072,4.72242106072,8.077825498600001,5.840889206680001,5.840889206680001,8.077825498600001,8.077825498600001,5.840889206680001,6.95935735264,0.0,0.0
2078,3.3554044378800003,3.3554044378800003,4.72242106072,4.72242106072,5.840889206680001,4.72242106072,5.840889206680001,10.314761790520002,12.7381094401,10.314761790520002,10.314761790520002,13.856577586060002,11.43322993648,5.840889206680001,6.95935735264,9.19629364456,10.314761790520002,6.95935735264,10.314761790520002,10.314761790520002,9.19629364456,10.314761790520002,8.077825498600001,6.95935735264
2079,4.556722076133333,3.8939261377866674,4.266748853106667,5.0123942837466675,8.45064821392,8.077825498600001,8.82347092924,7.705002783280001,6.213711922000001,3.811076645493334,6.503685145026668,6.213711922000001,7.705002783280001,4.266748853106667,4.639571568426668,2.6926084995333337,2.23693629192,1.9469630688933337,1.9469630688933337,1.9469630688933337,1.5741403535733334,3.0654312148533336,1.5741403535733334,2.6926084995333337
2080,0.0,0.0,0.0,9.19629364456,8.077825498600001,9.19629364456,8.077825498600001,4.72242106072,5.840889206680001,8.077825498600001,5.840889206680001,10.314761790520002,8.077825498600001,5.840889206680001,8.077825498600001,9.19629364456,0.0,8.077825498600001,4.72242106072,5.840889206680001,4.639571568426667,5.840889206680001,6.95935735264,3.3554044378800003
2081,4.72242106072,6.95935735264,6.95935735264,3.3554044378800003,5.840889206680001,3.3554044378800003,6.95935735264,4.72242106072,4.72242106072,4.72242106072,8.077825498600001,11.43322993648,6.95935735264,11.43322993648,11.43322993648,12.7381094401,6.95935735264,11.43322993648,10.314761790520002,9.19629364456,8.077825498600001,9.19629364456,5.840889206680001,6.95935735264
2082,0.0,0.0,0.0,0.0,0.0,3.3554044378800003,4.72242106072,0.0,0.0,3.3554044378800003,3.3554044378800003,5.840889206680001,0.0,0.0,4.72242106072,5.840889206680001,0.0,0.0,0.0,0.0,0.0,0.0,3.3554044378800003,6.95935735264
2083,0.0,0.0,0.0,4.72242106072,4.72242106072,6.95935735264,8.077825498600001,9.19629364456,0.0,11.43322993648,3.3554044378800003,3.3554044378800003,12.7381094401,4.72242106072,14.975045732020002,4.72242106072,6.95935735264,0.0,5.840889206680001,4.72242106072,6.95935735264,3.3554044378800003,3.3554044378800003,10.314761790520002
2084,3.3554044378800003,0.0,0.0,0.0,0.0,3.3554044378800003,0.0,0.0,3.3554044378800003,0.0,0.0,0.0,0.0,0.0,0.0,0.0,0.0,0.0,0.0,3.3554044378800003,0.0,0.0,4.72242106072,0.0
2085,9.19629364456,10.00407619442,7.33218006796,9.19629364456,8.82347092924,8.077825498600001,6.9593573526400005,6.9593573526400005,5.385216999066667,7.705002783280001,5.840889206680001,6.9593573526400005,6.9593573526400005,6.876507860346668,6.9593573526400005,6.213711921999999,6.9593573526400005,4.556722076133333,5.468066491360001,3.8939261377866674,5.012394283746667,5.012394283746667,5.385216999066667,5.095243776040001
2086,5.840889206680001,9.19629364456,6.95935735264,6.95935735264,9.19629364456,11.43322993648,10.314761790520002,3.3554044378800003,4.72242106072,4.72242106072,3.3554044378800003,3.3554044378800003,4.72242106072,4.72242106072,4.72242106072,0.0,0.0,0.0,0.0,0.0,5.840889206680001,0.0,6.95935735264,4.72242106072
2087,5.288559258057778,7.477166679473335,3.024006468706667,2.36121053036,2.9066363546244447,1.2703588818311111,0.0,0.0,0.37282271532000005,0.0,0.5247134511911111,4.087241619804445,3.244938448155556,2.6926084995333337,0.0,1.4912908612800002,5.012394283746667,3.714418904484445,2.6926084995333337,3.3968291840266667,4.970969537600001,4.142474614666667,4.1010498685200005,8.51278533314
2088,8.077825498600001,6.95935735264,9.19629364456,8.077825498600001,9.19629364456,8.077825498600001,6.95935735264,9.19629364456,10.314761790520002,5.840889206680001,4.72242106072,3.3554044378800003,5.840889206680001,4.72242106072,4.72242106072,3.3554044378800003,4.72242106072,3.3554044378800003,0.0,4.72242106072,4.72242106072,5.840889206680001,4.72242106072,5.840889206680001
2089,10.74972162506,8.51278533314,7.08363159108,5.219518014480001,6.420835652733334,3.1482807071466667,1.9469630688933337,1.5741403535733334,1.11846814596,0.0,1.5741403535733334,1.9469630688933333,2.60975900724,3.7282271532,3.4382539301733335,4.888120045306667,5.633765475946667,5.633765475946667,4.722421060720001,4.142474614666667,3.3554044378799994,2.36121053036,2.1540867996266666,1.9469630688933333
2090,9.19629364456,5.840889206680001,10.314761790520002,6.95935735264,6.95935735264,5.840889206680001,8.077825498600001,8.077825498600001,11.43322993648,10.314761790520002,8.077825498600001,6.95935735264,9.19629364456,8.077825498600001,8.077825498600001,8.077825498600001,9.19629364456,9.19629364456,8.077825498600001,9.19629364456,9.19629364456,6.95935735264,6.95935735264,6.95935735264
2091,4.72242106072,0.0,0.0,3.3554044378800003,3.3554044378800003,4.72242106072,6.95935735264,5.840889206680001,0.0,4.72242106072,0.0,3.3554044378800003,4.72242106072,5.840889206680001,5.840889206680001,5.840889206680001,3.3554044378800003,3.3554044378800003,4.72242106072,3.3554044378800003,0.0,0.0,0.0,0.0
2092,0.0,0.0,0.0,3.3554044378800003,3.3554044378800003,3.3554044378800003,3.3554044378800003,3.3554044378800003,4.72242106072,4.72242106072,0.0,0.0,0.0,0.0,0.0,0.0,4.72242106072,0.0,4.72242106072,0.0,0.0,5.840889206680001,4.72242106072,0.0
2093,4.72242106072,4.72242106072,5.840889206680001,8.077825498600001,8.077825498600001,6.95935735264,11.43322993648,11.43322993648,11.43322993648,17.21198202394,11.43322993648,17.21198202394,13.856577586060002,13.856577586060002,11.43322993648,14.975045732020002,16.09351387798,13.856577586060002,12.7381094401,16.09351387798,12.7381094401,12.7381094401,11.43322993648,6.95935735264
2094,5.840889206680001,5.840889206680001,4.72242106072,6.95935735264,6.95935735264,13.856577586060002,13.856577586060002,8.077825498600001,4.72242106072,9.19629364456,8.077825498600001,9.19629364456,6.95935735264,6.95935735264,8.077825498600001,11.43322993648,10.314761790520002,13.856577586060002,11.43322993648,6.95935735264,10.314761790520002,6.95935735264,4.72242106072,0.0
2095,8.077825498600001,6.95935735264,8.077825498600001,9.19629364456,10.314761790520002,9.19629364456,9.19629364456,5.840889206680001,6.95935735264,4.72242106072,6.95935735264,4.72242106072,5.840889206680001,5.840889206680001,8.077825498600001,5.840889206680001,8.077825498600001,12.7381094401,11.43322993648,6.95935735264,5.840889206680001,5.840889206680001,4.72242106072,6.95935735264
2096,0.0,3.3554044378800003,4.72242106072,4.72242106072,5.840889206680001,3.3554044378800003,3.3554044378800003,4.72242106072,3.3554044378800003,4.72242106072,3.3554044378800003,3.3554044378800003,3.3554044378800003,0.0,0.0,0.0,0.0,0.0,0.0,0.0,3.3554044378800003,0.0,0.0,3.3554044378800003
2097,5.840889206680001,4.72242106072,3.3554044378800003,4.72242106072,4.72242106072,8.077825498600001,5.840889206680001,3.3554044378800003,6.95935735264,10.314761790520002,9.19629364456,9.19629364456,8.077825498600001,8.077825498600001,8.077825498600001,11.43322993648,12.7381094401,17.21198202394,18.3304501699,14.975045732020002,17.21198202394,14.975045732020002,12.7381094401,11.43322993648
2098,5.840889206680001,6.95935735264,4.72242106072,0.0,0.0,0.0,0.0,5.840889206680001,4.639571568426667,3.3554044378800003,0.0,0.0,5.840889206680001,0.0,4.72242106072,4.72242106072,5.840889206680001,10.314761790520002,9.19629364456,12.7381094401,8.077825498600001,5.840889206680001,3.3554044378800003,3.3554044378800003
2099,12.7381094401,11.43322993648,12.7381094401,11.43322993648,10.314761790520002,10.314761790520002,10.314761790520002,9.19629364456,8.077825498600001,10.314761790520002,8.077825498600001,8.077825498600001,6.95935735264,10.314761790520002,9.19629364456,10.314761790520002,9.19629364456,9.19629364456,11.43322993648,8.077825498600001,10.314761790520002,11.43322993648,8.077825498600001,8.077825498600001
2100,5.840889206680001,9.19629364456,4.72242106072,3.3554044378800003,8.077825498600001,6.95935735264,5.840889206680001,4.72242106072,4.72242106072,0.0,3.3554044378800003,6.95935735264,0.0,8.077825498600001,3.3554044378800003,8.077825498600001,5.840889206680001,4.72242106072,5.840889206680001,3.3554044378800003,3.3554044378800003,0.0,0.0,0.0
2101,7.33218006796,4.639571568426668,1.9469630688933337,2.6926084995333337,6.186095424568889,5.468066491360001,5.840889206680001,4.639571568426667,6.586534637320001,5.840889206680001,4.183899360813334,5.385216999066667,3.5211034224666675,3.1482807071466667,6.213711922000002,8.885608048460002,8.45064821392,8.45064821392,7.249330575666666,7.70500278328,6.58653463732,6.9593573526400005,5.0123942837466675,4.72242106072
2102,3.3554044378800003,4.72242106072,0.0,4.72242106072,0.0,4.72242106072,3.3554044378800003,0.0,0.0,0.0,0.0,0.0,0.0,3.3554044378800003,6.95935735264,10.314761790520002,10.314761790520002,6.95935735264,6.95935735264,8.077825498600001,5.840889206680001,9.19629364456,6.95935735264,5.840889206680001
2103,3.3554044378800003,0.0,0.0,0.0,0.0,0.0,0.0,0.0,0.0,0.0,0.0,0.0,3.3554044378800003,4.72242106072,0.0,3.3554044378800003,0.0,3.3554044378800003,3.3554044378800003,3.3554044378800003,1.5741403535733334,0.0,0.0,0.0
2104,0.0,0.0,3.3554044378800003,3.3554044378800003,3.3554044378800003,4.72242106072,0.0,4.72242106072,3.3554044378800003,5.840889206680001,0.0,3.3554044378800003,4.72242106072,3.3554044378800003,5.840889206680001,10.314761790520002,5.840889206680001,11.43322993648,6.95935735264,5.840889206680001,5.840889206680001,5.840889206680001,0.0,0.0
2105,6.95935735264,6.95935735264,6.95935735264,5.012394283746667,11.43322993648,8.077825498600001,4.72242106072,3.3554044378800003,0.0,4.72242106072,5.840889206680001,5.840889206680001,3.3554044378800003,0.0,8.077825498600001,6.95935735264,6.95935735264,6.95935735264,8.077825498600001,5.840889206680001,0.0,4.72242106072,5.840889206680001,6.95935735264
2106,0.0,3.3554044378800003,0.0,4.72242106072,5.840889206680001,3.3554044378800003,3.3554044378800003,3.3554044378800003,0.0,0.0,0.0,3.3554044378800003,4.72242106072,4.72242106072,6.95935735264,0.0,3.3554044378800003,10.314761790520002,6.95935735264,9.19629364456,10.314761790520002,6.95935735264,5.840889206680001,5.840889206680001
2107,6.95935735264,3.3554044378800003,4.72242106072,6.95935735264,11.43322993648,14.975045732020002,18.3304501699,14.975045732020002,18.3304501699,16.09351387798,12.7381094401,11.43322993648,12.7381094401,10.314761790520002,8.077825498600001,12.7381094401,10.314761790520002,11.43322993648,12.7381094401,8.077825498600001,12.7381094401,11.43322993648,9.19629364456,5.840889206680001
2108,0.0,4.72242106072,4.72242106072,9.19629364456,8.077825498600001,4.72242106072,6.95935735264,5.840889206680001,3.3554044378800003,3.3554044378800003,4.72242106072,0.0,3.3554044378800003,4.72242106072,0.0,4.72242106072,0.0,3.3554044378800003,0.0,0.0,0.0,0.0,4.72242106072,0.0
2109,6.95935735264,10.314761790520002,8.077825498600001,4.72242106072,6.95935735264,6.95935735264,5.840889206680001,5.840889206680001,3.3554044378800003,5.840889206680001,4.72242106072,6.95935735264,3.3554044378800003,4.72242106072,3.3554044378800003,0.0,4.72242106072,4.72242106072,0.0,3.3554044378800003,3.3554044378800003,3.3554044378800003,3.3554044378800003,3.3554044378800003
2110,3.3554044378800003,0.0,0.0,0.0,4.72242106072,3.3554044378800003,3.3554044378800003,0.0,0.0,0.0,0.0,3.3554044378800003,3.3554044378800003,0.0,0.0,5.840889206680001,9.19629364456,4.72242106072,6.95935735264,5.840889206680001,8.077825498600001,4.72242106072,0.0,6.95935735264
2111,17.21198202394,17.21198202394,16.09351387798,18.3304501699,17.21198202394,19.697466792740002,20.8159349387,20.8159349387,17.21198202394,18.3304501699,14.975045732020002,18.3304501699,18.3304501699,18.3304501699,16.09351387798,17.21198202394,16.09351387798,14.975045732020002,12.7381094401,11.43322993648,6.95935735264,5.840889206680001,8.077825498600001,8.077825498600001
2112,1.11846814596,3.0654312148533336,1.9469630688933337,0.0,1.11846814596,3.811076645493334,2.6926084995333337,3.0654312148533336,1.9469630688933337,3.1482807071466667,3.811076645493334,4.639571568426668,2.6926084995333337,4.266748853106667,4.639571568426668,3.5211034224666675,3.811076645493334,3.5211034224666675,2.6926084995333337,2.23693629192,2.6926084995333337,3.0654312148533336,3.5211034224666675,2.6926084995333337
2113,7.622153290986667,9.56911635988,9.56911635988,10.37689890974,10.74972162506,10.004076194420001,10.004076194420001,10.74972162506,9.25843076378,9.56911635988,8.45064821392,8.51278533314,7.7050027832799985,7.311467694886667,6.503685145026668,6.503685145026666,6.959357352640001,5.012394283746667,3.4382539301733335,5.758039714386666,4.556722076133334,0.0,0.0,1.11846814596
2114,7.33218006796,4.639571568426667,4.266748853106667,4.639571568426668,6.213711922000001,6.9593573526400005,5.468066491360001,7.705002783280001,7.705002783280001,6.213711921999999,6.58653463732,4.183899360813334,5.468066491360001,5.468066491360001,6.213711922000001,8.82347092924,12.303149605560002,9.56911635988,10.68758450584,9.941939075200002,9.19629364456,6.9593573526400005,3.1482807071466667,2.6926084995333337
2115,3.3554044378800003,0.0,0.0,0.0,0.0,5.840889206680001,0.0,3.3554044378800003,3.3554044378800003,0.0,0.0,3.3554044378800003,6.95935735264,3.3554044378800003,4.72242106072,6.95935735264,8.077825498600001,4.72242106072,4.72242106072,6.95935735264,5.840889206680001,5.840889206680001,0.0,0.0
2116,11.43322993648,10.314761790520002,12.7381094401,11.43322993648,9.19629364456,10.314761790520002,9.19629364456,8.077825498600001,11.43322993648,9.19629364456,8.077825498600001,5.840889206680001,6.95935735264,5.840889206680001,4.72242106072,8.077825498600001,5.840889206680001,4.72242106072,5.840889206680001,5.840889206680001,5.840889206680001,5.840889206680001,6.95935735264,5.840889206680001
2117,12.7381094401,19.697466792740002,13.856577586060002,11.43322993648,10.314761790520002,13.856577586060002,11.43322993648,8.077825498600001,8.077825498600001,9.19629364456,9.19629364456,10.314761790520002,9.19629364456,9.19629364456,11.43322993648,10.314761790520002,12.7381094401,10.314761790520002,9.19629364456,9.19629364456,5.840889206680001,5.840889206680001,8.077825498600001,6.95935735264
2118,10.74972162506,8.51278533314,7.08363159108,5.219518014480001,6.420835652733334,3.1482807071466667,1.9469630688933337,1.5741403535733334,1.11846814596,0.0,1.5741403535733334,1.9469630688933333,2.60975900724,3.7282271532,3.4382539301733335,4.888120045306667,5.633765475946667,5.633765475946667,4.722421060720001,4.142474614666667,3.3554044378799994,2.36121053036,2.1540867996266666,1.9469630688933333
2119,3.438253930173334,5.06762727860889,2.6926084995333337,7.33218006796,9.56911635988,11.122544340380001,12.61383520166,14.685072508993334,12.323861978633333,12.61383520166,11.557504174920004,8.88560804846,4.556722076133333,0.8975361665111112,4.929544791453334,8.077825498600001,8.82347092924,10.00407619442,11.495367055700001,9.900514329053333,11.122544340380003,8.450648213920003,5.840889206680001,6.58653463732
2120,3.3554044378800003,5.840889206680001,4.72242106072,4.72242106072,5.840889206680001,4.72242106072,5.840889206680001,3.3554044378800003,6.95935735264,3.3554044378800003,5.840889206680001,6.95935735264,8.077825498600001,11.43322993648,9.19629364456,11.43322993648,14.975045732020002,11.43322993648,14.975045732020002,16.09351387798,8.077825498600001,10.314761790520002,4.72242106072,5.840889206680001
2121,3.0654312148533336,0.0,3.1482807071466667,3.811076645493334,4.266748853106667,1.9469630688933337,1.9469630688933337,3.811076645493334,1.9469630688933337,2.3197857842133334,2.6926084995333337,3.8939261377866665,2.3197857842133334,4.639571568426667,3.8939261377866665,3.4382539301733335,5.012394283746667,1.9469630688933337,3.4382539301733335,3.0654312148533336,3.1482807071466667,3.4382539301733335,3.0654312148533336,2.3197857842133334
2122,9.19629364456,10.314761790520002,9.19629364456,3.3554044378800003,4.72242106072,9.19629364456,5.840889206680001,5.840889206680001,0.0,5.840889206680001,5.840889206680001,4.72242106072,6.95935735264,0.0,0.0,5.840889206680001,4.72242106072,4.72242106072,4.72242106072,5.840889206680001,5.840889206680001,6.95935735264,4.72242106072,3.3554044378800003
2123,0.0,0.0,1.5741403535733334,4.183899360813334,0.0,4.266748853106667,1.9469630688933337,2.3197857842133334,1.11846814596,1.11846814596,1.9469630688933337,2.23693629192,4.639571568426668,3.8110766454933334,3.3554044378800003,3.4382539301733335,5.758039714386666,6.9593573526400005,4.556722076133333,4.639571568426668,3.8939261377866665,3.0654312148533336,2.23693629192,1.11846814596
2124,9.19629364456,5.840889206680001,8.077825498600001,5.840889206680001,6.95935735264,5.840889206680001,5.840889206680001,6.95935735264,8.077825498600001,6.95935735264,6.95935735264,9.19629364456,8.077825498600001,8.077825498600001,9.19629364456,11.43322993648,11.43322993648,10.314761790520002,10.314761790520002,10.314761790520002,9.19629364456,10.314761790520002,9.19629364456,8.077825498600001
2125,4.266748853106667,5.385216999066667,5.840889206680001,6.9593573526400005,7.705002783280001,9.19629364456,7.33218006796,7.705002783280001,8.077825498600001,7.33218006796,6.9593573526400005,4.266748853106667,3.5211034224666675,3.0654312148533336,0.0,1.5741403535733334,0.0,1.11846814596,0.0,1.5741403535733334,2.3197857842133334,1.5741403535733334,3.0654312148533336,1.5741403535733334
2126,9.19629364456,9.19629364456,13.856577586060002,12.7381094401,16.09351387798,13.856577586060002,17.21198202394,14.975045732020002,16.09351387798,16.09351387798,14.975045732020002,12.7381094401,13.856577586060002,16.09351387798,19.697466792740002,13.856577586060002,13.856577586060002,14.975045732020002,16.09351387798,13.856577586060002,13.856577586060002,13.856577586060002,11.43322993648,6.95935735264
2127,12.7381094401,3.3554044378800003,16.09351387798,4.72242106072,10.376898909740001,0.0,0.0,16.94272117398667,13.069507409273335,8.057113125526667,4.72242106072,3.3554044378800003,11.122544340380001,11.122544340380001,4.72242106072,10.00407619442,0.0,0.0,5.840889206680001,0.0,5.840889206680001,6.95935735264,0.0,8.077825498600001
2128,1.11846814596,1.11846814596,1.11846814596,3.0654312148533336,2.0988538047644445,3.5211034224666675,3.8939261377866665,2.6926084995333337,6.58653463732,7.33218006796,6.9593573526400005,3.811076645493334,3.811076645493334,3.5211034224666675,6.876507860346667,7.33218006796,9.25843076378,12.510273336293332,14.229400301380002,12.675972320880001,13.421617751520001,13.794440466840001,11.495367055700001,10.749721625060003
2129,10.314761790520002,6.95935735264,8.077825498600001,6.95935735264,4.72242106072,3.3554044378800003,5.840889206680001,4.72242106072,3.3554044378800003,0.0,0.0,3.3554044378800003,3.3554044378800003,5.840889206680001,5.840889206680001,4.72242106072,6.95935735264,5.840889206680001,10.314761790520002,5.840889206680001,4.72242106072,8.077825498600001,3.3554044378800003,0.0
2130,0.0,4.72242106072,8.077825498600001,9.19629364456,8.077825498600001,8.077825498600001,8.077825498600001,6.95935735264,6.95935735264,6.95935735264,6.95935735264,8.077825498600001,6.95935735264,6.95935735264,8.077825498600001,4.72242106072,10.314761790520002,8.077825498600001,8.077825498600001,9.19629364456,6.95935735264,8.077825498600001,6.95935735264,4.72242106072
2131,14.975045732020002,12.7381094401,12.7381094401,11.43322993648,13.856577586060002,11.43322993648,11.43322993648,8.077825498600001,8.077825498600001,5.840889206680001,5.840889206680001,5.840889206680001,4.72242106072,4.72242106072,6.95935735264,10.314761790520002,12.7381094401,16.09351387798,18.3304501699,17.21198202394,16.09351387798,16.09351387798,14.975045732020002,11.43322993648
2132,7.70500278328,3.1482807071466667,1.9469630688933337,1.5741403535733334,3.1482807071466667,3.5211034224666675,1.5741403535733334,1.11846814596,0.0,4.183899360813334,3.4658704276044445,1.5741403535733334,2.1402785509111113,0.0,0.0,1.5741403535733334,1.5741403535733334,1.11846814596,3.0654312148533336,1.9469630688933337,2.6926084995333337,4.611955070995556,1.11846814596,4.266748853106667
2133,10.314761790520002,10.314761790520002,10.314761790520002,8.077825498600001,6.95935735264,3.3554044378800003,0.0,0.0,3.3554044378800003,4.72242106072,5.840889206680001,6.95935735264,3.3554044378800003,4.72242106072,0.0,0.0,0.0,0.0,3.3554044378800003,3.3554044378800003,0.0,0.0,0.0,0.0
2134,0.0,0.0,3.3554044378800003,0.0,5.840889206680001,3.3554044378800003,0.0,8.077825498600001,5.840889206680001,0.0,3.3554044378800003,5.840889206680001,3.3554044378800003,4.72242106072,10.314761790520002,8.077825498600001,9.19629364456,6.95935735264,8.077825498600001,9.19629364456,4.72242106072,0.0,4.72242106072,0.0
2135,17.21198202394,16.09351387798,12.7381094401,10.314761790520002,14.975045732020002,10.314761790520002,16.09351387798,24.17133937658,35.79098067072,12.7381094401,14.975045732020002,32.18702775596,31.06855961,12.7381094401,9.19629364456,12.7381094401,3.3554044378800003,8.077825498600001,12.7381094401,18.3304501699,12.7381094401,6.95935735264,14.975045732020002,13.856577586060002
2136,3.3554044378800003,3.3554044378800003,0.0,0.0,3.3554044378800003,0.0,0.0,0.0,0.0,0.0,0.0,0.0,0.0,0.0,4.72242106072,4.72242106072,8.077825498600001,6.95935735264,8.077825498600001,8.077825498600001,8.077825498600001,8.077825498600001,4.72242106072,5.840889206680001
2137,11.43322993648,10.314761790520002,13.856577586060002,16.09351387798,11.43322993648,17.21198202394,16.09351387798,16.09351387798,14.975045732020002,13.856577586060002,10.314761790520002,6.95935735264,6.95935735264,5.840889206680001,4.72242106072,8.077825498600001,11.43322993648,13.856577586060002,11.43322993648,12.7381094401,10.314761790520002,12.7381094401,8.077825498600001,5.840889206680001
2138,4.72242106072,3.3554044378800003,3.3554044378800003,3.3554044378800003,3.3554044378800003,3.3554044378800003,4.72242106072,4.72242106072,5.840889206680001,5.840889206680001,0.0,0.0,4.72242106072,4.72242106072,4.72242106072,5.840889206680001,9.19629364456,8.077825498600001,9.19629364456,11.43322993648,13.856577586060002,8.077825498600001,8.077825498600001,9.19629364456
2139,5.840889206680001,5.840889206680001,5.840889206680001,4.72242106072,5.840889206680001,5.840889206680001,3.3554044378800003,3.3554044378800003,4.72242106072,4.72242106072,0.0,0.0,3.3554044378800003,0.0,0.0,0.0,0.0,0.0,0.0,8.077825498600001,4.72242106072,6.95935735264,9.19629364456,6.95935735264
2140,17.21198202394,19.697466792740002,21.934403084659998,19.697466792740002,17.21198202394,14.975045732020002,14.975045732020002,13.856577586060002,11.43322993648,13.856577586060002,14.975045732020002,11.43322993648,10.314761790520002,8.077825498600001,8.077825498600001,8.077825498600001,8.077825498600001,9.19629364456,10.314761790520002,6.95935735264,9.19629364456,9.19629364456,5.840889206680001,6.95935735264
2141,0.0,5.840889206680001,10.314761790520002,4.72242106072,3.3554044378800003,4.72242106072,0.0,0.0,4.72242106072,5.840889206680001,0.0,3.3554044378800003,3.3554044378800003,5.840889206680001,0.0,4.72242106072,3.3554044378800003,3.3554044378800003,4.72242106072,3.3554044378800003,0.0,3.3554044378800003,0.0,3.3554044378800003
2142,9.19629364456,0.0,5.840889206680001,0.0,0.0,3.3554044378800003,0.0,3.3554044378800003,5.840889206680001,4.72242106072,3.3554044378800003,3.3554044378800003,6.95935735264,4.72242106072,3.3554044378800003,5.840889206680001,4.72242106072,0.0,0.0,0.0,5.840889206680001,9.19629364456,9.19629364456,11.43322993648
2143,9.19629364456,9.19629364456,10.314761790520002,12.7381094401,9.19629364456,6.95935735264,6.95935735264,3.3554044378800003,0.0,0.0,0.0,3.3554044378800003,0.0,5.840889206680001,5.840889206680001,5.840889206680001,9.19629364456,10.314761790520002,11.43322993648,12.7381094401,12.7381094401,10.314761790520002,8.077825498600001,5.840889206680001
2144,5.840889206680001,3.3554044378800003,8.077825498600001,4.72242106072,6.95935735264,6.95935735264,4.72242106072,4.72242106072,5.840889206680001,0.0,0.0,0.0,0.0,0.0,0.0,0.0,0.0,6.95935735264,6.95935735264,5.840889206680001,3.3554044378800003,0.0,3.3554044378800003,3.3554044378800003
2145,9.19629364456,9.19629364456,10.314761790520002,10.314761790520002,10.314761790520002,11.43322993648,6.95935735264,6.95935735264,5.840889206680001,4.72242106072,0.0,0.0,0.0,5.840889206680001,0.0,0.0,0.0,0.0,0.0,4.72242106072,4.72242106072,3.3554044378800003,4.72242106072,6.95935735264
2146,4.72242106072,4.72242106072,4.72242106072,5.840889206680001,5.840889206680001,3.8939261377866674,5.840889206680001,3.3554044378800003,9.19629364456,6.95935735264,6.95935735264,4.72242106072,5.840889206680001,8.077825498600001,5.840889206680001,10.314761790520002,6.95935735264,3.3554044378800003,4.72242106072,5.840889206680001,3.3554044378800003,6.95935735264,4.72242106072,0.0
2147,19.697466792740002,14.975045732020002,17.21198202394,23.052871230620003,32.18702775596,32.18702775596,34.42396404788,23.052871230620003,16.09351387798,18.3304501699,6.95935735264,11.43322993648,12.7381094401,12.7381094401,3.3554044378800003,3.3554044378800003,8.077825498600001,9.19629364456,10.314761790520002,12.7381094401,18.3304501699,17.21198202394,6.95935735264,4.72242106072
2148,0.0,0.0,3.3554044378800003,0.0,0.0,0.0,0.0,0.0,0.0,0.0,3.3554044378800003,0.0,0.0,4.72242106072,4.72242106072,5.840889206680001,4.72242106072,0.0,4.72242106072,3.3554044378800003,3.3554044378800003,3.3554044378800003,0.0,0.0
2149,16.09351387798,18.3304501699,18.3304501699,13.856577586060002,14.975045732020002,12.7381094401,6.95935735264,6.95935735264,4.72242106072,0.0,4.72242106072,0.0,5.840889206680001,0.0,0.0,0.0,4.72242106072,4.72242106072,5.840889206680001,6.95935735264,6.95935735264,6.95935735264,3.3554044378800003,3.3554044378800003
2150,6.95935735264,3.3554044378800003,5.840889206680001,4.72242106072,8.077825498600001,5.840889206680001,0.0,4.72242106072,6.95935735264,6.95935735264,5.840889206680001,0.0,5.840889206680001,3.3554044378800003,5.840889206680001,3.3554044378800003,0.0,0.0,0.0,3.3554044378800003,9.19629364456,6.95935735264,5.840889206680001,6.95935735264
2151,14.975045732020002,17.21198202394,19.697466792740002,13.856577586060002,12.7381094401,12.7381094401,14.975045732020002,8.077825498600001,9.19629364456,11.43322993648,12.7381094401,12.7381094401,10.314761790520002,8.077825498600001,10.314761790520002,12.7381094401,14.975045732020002,13.856577586060002,11.43322993648,10.314761790520002,9.19629364456,9.19629364456,10.314761790520002,9.19629364456
2152,0.0,4.72242106072,4.72242106072,4.72242106072,0.0,0.0,0.0,0.0,0.0,0.0,3.3554044378800003,5.840889206680001,4.72242106072,0.0,3.3554044378800003,0.0,0.0,3.3554044378800003,0.0,0.0,3.3554044378800003,0.0,0.0,0.0
2153,3.3554044378800003,5.840889206680001,4.266748853106667,3.0654312148533336,0.37282271532000005,0.37282271532000005,0.0,0.0,0.37282271532000005,2.6926084995333337,3.438253930173334,3.1482807071466667,3.8110766454933334,3.1482807071466667,0.37282271532000005,1.5741403535733334,0.37282271532000005,1.11846814596,2.6926084995333337,2.6926084995333337,4.639571568426667,2.23693629192,4.266748853106667,5.012394283746667
2154,3.3554044378800003,3.3554044378800003,3.3554044378800003,4.72242106072,5.840889206680001,4.72242106072,5.840889206680001,4.72242106072,6.95935735264,9.19629364456,12.7381094401,13.856577586060002,9.19629364456,12.7381094401,10.314761790520002,5.840889206680001,8.077825498600001,8.077825498600001,12.7381094401,11.43322993648,12.7381094401,8.077825498600001,5.840889206680001,6.95935735264
2155,10.314761790520002,8.077825498600001,6.95935735264,9.19629364456,9.19629364456,8.077825498600001,8.077825498600001,8.077825498600001,3.3554044378800003,8.077825498600001,4.72242106072,5.840889206680001,4.72242106072,8.077825498600001,8.077825498600001,6.95935735264,6.95935735264,3.8110766454933334,6.95935735264,5.840889206680001,6.95935735264,6.95935735264,6.95935735264,5.840889206680001
2156,3.3554044378800003,0.0,0.0,3.3554044378800003,0.0,0.0,0.0,0.0,0.0,0.0,3.3554044378800003,0.0,5.840889206680001,3.3554044378800003,3.3554044378800003,6.95935735264,6.95935735264,3.3554044378800003,6.95935735264,9.19629364456,9.19629364456,6.95935735264,5.840889206680001,4.72242106072
2157,5.840889206680001,4.72242106072,3.3554044378800003,5.840889206680001,3.3554044378800003,0.0,3.3554044378800003,4.72242106072,4.72242106072,0.0,0.0,0.0,0.0,0.0,0.0,0.0,3.3554044378800003,4.72242106072,3.3554044378800003,4.72242106072,0.0,6.95935735264,4.72242106072,6.95935735264
2158,0.0,4.72242106072,6.95935735264,4.72242106072,0.0,3.3554044378800003,0.0,0.0,0.0,0.0,0.0,0.0,0.0,0.0,0.0,0.0,4.72242106072,8.077825498600001,4.72242106072,3.3554044378800003,0.0,5.840889206680001,0.0,0.0
2159,4.72242106072,0.0,5.840889206680001,18.3304501699,5.840889206680001,0.0,4.72242106072,0.0,4.72242106072,3.3554044378800003,0.0,0.0,0.0,3.3554044378800003,0.0,3.3554044378800003,4.72242106072,4.72242106072,3.3554044378800003,3.3554044378800003,0.0,4.72242106072,3.3554044378800003,3.3554044378800003
2160,19.697466792740002,20.8159349387,21.934403084659998,20.8159349387,25.289807522540002,27.713155172120004,29.950091464040003,29.950091464040003,26.4082756685,18.3304501699,19.697466792740002,19.697466792740002,21.934403084659998,18.3304501699,16.09351387798,11.43322993648,9.19629364456,9.19629364456,14.975045732020002,16.09351387798,16.09351387798,14.975045732020002,17.21198202394,11.43322993648
2161,12.7381094401,12.7381094401,10.314761790520002,14.975045732020002,14.975045732020002,14.975045732020002,14.975045732020002,10.314761790520002,10.314761790520002,9.19629364456,5.840889206680001,9.19629364456,9.19629364456,12.7381094401,17.21198202394,13.856577586060002,14.975045732020002,17.21198202394,18.3304501699,12.7381094401,16.09351387798,11.43322993648,13.856577586060002,13.856577586060002
2162,16.09351387798,19.697466792740002,23.052871230620003,18.3304501699,19.697466792740002,20.8159349387,17.21198202394,11.43322993648,10.314761790520002,9.19629364456,6.95935735264,10.314761790520002,8.077825498600001,5.840889206680001,4.72242106072,4.72242106072,0.0,3.3554044378800003,4.72242106072,6.95935735264,5.840889206680001,4.72242106072,4.72242106072,0.0
2163,2.6926084995333337,1.5741403535733334,3.5211034224666675,6.130862429706667,7.33218006796,6.58653463732,8.0778254986,4.639571568426668,5.3852169990666665,3.0654312148533336,1.5741403535733334,1.11846814596,2.6926084995333337,3.1482807071466667,0.0,4.266748853106667,1.11846814596,3.8110766454933334,1.11846814596,3.1482807071466667,2.23693629192,3.8939261377866674,2.6926084995333337,0.0
2164,4.72242106072,3.3554044378800003,0.0,0.0,4.72242106072,5.840889206680001,0.0,4.72242106072,0.0,3.3554044378800003,0.0,0.0,3.3554044378800003,3.3554044378800003,3.3554044378800003,4.72242106072,4.72242106072,3.3554044378800003,0.0,0.0,3.3554044378800003,4.72242106072,3.3554044378800003,3.3554044378800003
2165,4.72242106072,5.840889206680001,3.3554044378800003,0.0,3.3554044378800003,3.3554044378800003,4.72242106072,3.3554044378800003,0.0,5.840889206680001,4.72242106072,6.95935735264,0.0,3.3554044378800003,3.3554044378800003,6.95935735264,4.72242106072,5.840889206680001,3.3554044378800003,4.72242106072,4.72242106072,0.0,3.3554044378800003,0.0
2166,5.012394283746667,2.36121053036,2.595950758524445,2.3197857842133334,0.0,1.11846814596,2.23693629192,1.5741403535733334,2.23693629192,1.11846814596,1.5741403535733334,1.5741403535733334,1.5741403535733334,2.6926084995333337,0.0,3.1068559610000004,2.278361038066667,2.278361038066667,2.278361038066667,2.6926084995333337,3.1068559610000004,3.5211034224666666,3.1068559610000004,5.758039714386668
2167,3.3554044378800003,5.840889206680001,3.3554044378800003,4.72242106072,3.3554044378800003,4.72242106072,0.0,0.0,0.0,0.0,0.0,3.3554044378800003,4.72242106072,4.72242106072,6.95935735264,5.840889206680001,3.3554044378800003,4.72242106072,5.840889206680001,4.72242106072,4.72242106072,4.72242106072,0.0,8.077825498600001
2168,0.0,0.0,0.0,0.0,4.72242106072,3.3554044378800003,5.840889206680001,4.72242106072,4.72242106072,8.077825498600001,6.95935735264,4.72242106072,6.95935735264,6.95935735264,8.077825498600001,8.077825498600001,13.856577586060002,18.3304501699,19.697466792740002,18.3304501699,14.975045732020002,14.975045732020002,10.314761790520002,10.314761790520002
2169,0.0,0.0,5.840889206680001,4.72242106072,3.3554044378800003,0.0,0.0,3.3554044378800003,0.0,9.19629364456,4.72242106072,0.0,8.077825498600001,8.077825498600001,6.95935735264,9.19629364456,10.314761790520002,12.7381094401,11.43322993648,12.7381094401,10.314761790520002,11.43322993648,10.314761790520002,9.19629364456
2170,12.7381094401,9.19629364456,9.19629364456,5.840889206680001,6.95935735264,6.95935735264,8.077825498600001,6.95935735264,6.95935735264,6.95935735264,5.840889206680001,5.840889206680001,3.3554044378800003,6.95935735264,3.3554044378800003,5.840889206680001,5.840889206680001,5.840889206680001,4.72242106072,5.840889206680001,0.0,4.72242106072,4.72242106072,6.95935735264
2171,9.19629364456,8.077825498600001,9.19629364456,9.19629364456,9.19629364456,10.314761790520002,9.19629364456,11.43322993648,11.43322993648,9.19629364456,10.314761790520002,8.077825498600001,8.077825498600001,6.95935735264,3.3554044378800003,8.077825498600001,4.72242106072,6.95935735264,5.840889206680001,11.43322993648,4.72242106072,8.077825498600001,8.077825498600001,0.0
2172,9.19629364456,6.95935735264,6.95935735264,9.19629364456,12.7381094401,13.856577586060002,13.856577586060002,11.43322993648,12.7381094401,12.7381094401,10.314761790520002,10.314761790520002,6.95935735264,8.077825498600001,8.077825498600001,9.19629364456,10.314761790520002,10.314761790520002,11.43322993648,16.09351387798,10.314761790520002,12.7381094401,13.856577586060002,13.856577586060002
2173,1.5741403535733334,0.0,0.0,0.0,1.5741403535733334,1.11846814596,4.266748853106667,2.6926084995333337,4.929544791453334,7.705002783280001,4.266748853106667,4.266748853106667,4.639571568426667,3.3554044378800003,1.11846814596,1.11846814596,0.0,2.23693629192,0.0,2.23693629192,4.556722076133333,1.11846814596,2.6926084995333337,4.72242106072
2174,9.19629364456,8.077825498600001,8.077825498600001,10.314761790520002,9.19629364456,5.840889206680001,4.72242106072,5.840889206680001,4.72242106072,5.840889206680001,8.077825498600001,9.19629364456,5.840889206680001,4.72242106072,5.840889206680001,6.95935735264,5.840889206680001,0.0,0.0,3.3554044378800003,6.95935735264,0.0,0.0,0.0
2175,4.72242106072,5.840889206680001,5.840889206680001,9.19629364456,8.077825498600001,10.314761790520002,8.077825498600001,11.43322993648,12.7381094401,10.314761790520002,12.7381094401,9.19629364456,8.077825498600001,12.7381094401,12.7381094401,16.09351387798,18.3304501699,17.21198202394,19.697466792740002,19.697466792740002,17.21198202394,18.3304501699,16.09351387798,13.856577586060002
2176,4.72242106072,4.72242106072,4.72242106072,6.95935735264,6.95935735264,6.95935735264,6.95935735264,6.95935735264,6.95935735264,8.077825498600001,8.077825498600001,8.077825498600001,6.95935735264,6.95935735264,6.95935735264,9.19629364456,10.314761790520002,14.975045732020002,9.19629364456,9.19629364456,5.840889206680001,5.840889206680001,6.95935735264,0.0
2177,5.468066491360001,4.266748853106667,6.130862429706667,8.450648213920001,6.130862429706667,7.33218006796,5.468066491360001,5.758039714386666,3.5211034224666675,5.758039714386668,3.8939261377866665,2.6926084995333337,3.811076645493334,4.266748853106667,5.84088920668,6.503685145026668,8.450648213920001,8.077825498600001,10.74972162506,8.0778254986,6.130862429706667,7.33218006796,6.213711922000002,6.586534637320001
2178,0.0,3.3554044378800003,10.314761790520002,10.314761790520002,13.856577586060002,11.43322993648,11.43322993648,11.43322993648,12.7381094401,9.19629364456,13.856577586060002,11.43322993648,9.19629364456,12.7381094401,9.19629364456,11.43322993648,14.975045732020002,12.7381094401,13.856577586060002,14.975045732020002,16.09351387798,16.09351387798,14.975045732020002,10.314761790520002
2179,11.43322993648,12.7381094401,11.43322993648,6.95935735264,5.840889206680001,5.840889206680001,0.0,4.72242106072,3.3554044378800003,0.0,3.3554044378800003,6.95935735264,5.840889206680001,3.3554044378800003,4.72242106072,4.72242106072,3.3554044378800003,0.0,0.0,3.3554044378800003,0.0,4.72242106072,3.3554044378800003,3.3554044378800003
2180,0.0,0.0,0.0,0.0,0.0,0.0,0.0,0.0,0.0,0.0,0.0,0.0,0.0,0.0,6.95935735264,6.95935735264,4.72242106072,9.19629364456,0.0,5.840889206680001,11.43322993648,8.077825498600001,0.0,6.95935735264
2181,9.19629364456,10.314761790520002,6.95935735264,8.077825498600001,9.19629364456,4.72242106072,4.72242106072,4.72242106072,6.95935735264,6.95935735264,4.72242106072,6.95935735264,3.3554044378800003,4.72242106072,0.0,4.72242106072,5.840889206680001,3.3554044378800003,5.840889206680001,5.840889206680001,8.077825498600001,0.0,6.95935735264,5.840889206680001
2182,11.122544340380003,11.495367055700001,12.30314960556,11.495367055700001,9.19629364456,10.68758450584,9.631253479100002,9.19629364456,10.687584505840002,7.7050027832799985,9.19629364456,8.82347092924,10.31476179052,11.930326890240002,11.495367055700001,9.9419390752,11.122544340380001,8.82347092924,6.9593573526400005,5.468066491360001,7.705002783280001,6.58653463732,6.58653463732,7.33218006796
2183,0.0,1.11846814596,0.0,0.0,0.0,0.0,0.0,0.0,0.0,0.0,0.0,0.0,0.0,3.3554044378800003,0.0,5.840889206680001,3.3554044378800003,0.0,0.0,0.0,0.0,0.0,0.0,0.0
2184,0.0,3.3554044378800003,8.077825498600001,8.077825498600001,3.3554044378800003,0.0,0.0,3.3554044378800003,5.840889206680001,6.95935735264,4.72242106072,3.3554044378800003,8.077825498600001,8.077825498600001,6.95935735264,9.19629364456,10.314761790520002,11.43322993648,12.7381094401,10.314761790520002,11.43322993648,11.43322993648,12.7381094401,9.19629364456
2185,3.3554044378800003,3.3554044378800003,4.72242106072,6.95935735264,4.72242106072,5.840889206680001,4.72242106072,6.95935735264,3.3554044378800003,4.72242106072,5.840889206680001,6.95935735264,6.95935735264,9.19629364456,6.95935735264,8.077825498600001,11.43322993648,11.43322993648,12.7381094401,14.975045732020002,9.19629364456,10.314761790520002,8.077825498600001,5.840889206680001
2186,10.314761790520002,6.95935735264,6.95935735264,14.975045732020002,12.7381094401,12.7381094401,12.7381094401,11.43322993648,10.314761790520002,9.19629364456,9.19629364456,6.95935735264,5.840889206680001,3.3554044378800003,5.840889206680001,5.840889206680001,11.43322993648,10.314761790520002,9.19629364456,12.7381094401,9.19629364456,6.95935735264,6.95935735264,6.95935735264
2187,6.95935735264,10.314761790520002,10.314761790520002,9.19629364456,10.314761790520002,9.19629364456,9.19629364456,9.19629364456,9.19629364456,8.077825498600001,10.314761790520002,9.19629364456,8.077825498600001,10.314761790520002,10.314761790520002,10.314761790520002,9.19629364456,10.314761790520002,8.077825498600001,6.95935735264,8.077825498600001,5.840889206680001,8.077825498600001,4.72242106072
2188,0.0,0.0,0.0,0.0,0.0,0.0,0.0,0.0,1.11846814596,4.72242106072,0.0,0.0,0.0,0.0,0.0,0.0,0.0,3.3554044378800003,3.3554044378800003,0.0,3.3554044378800003,0.0,0.0,0.0
2189,8.077825498600001,8.077825498600001,8.077825498600001,6.95935735264,4.72242106072,4.72242106072,5.840889206680001,4.72242106072,5.840889206680001,4.72242106072,4.72242106072,3.3554044378800003,0.0,0.0,0.0,3.3554044378800003,6.95935735264,6.95935735264,8.077825498600001,6.95935735264,8.077825498600001,6.95935735264,0.0,0.0
2190,6.95935735264,11.43322993648,9.19629364456,8.077825498600001,6.95935735264,6.95935735264,6.95935735264,8.077825498600001,9.19629364456,6.95935735264,9.19629364456,11.43322993648,13.856577586060002,12.7381094401,16.09351387798,12.7381094401,17.21198202394,16.09351387798,14.975045732020002,16.09351387798,17.21198202394,14.975045732020002,12.7381094401,12.7381094401
2191,12.696684693953332,9.631253479100002,10.729009251986668,13.421617751520001,6.938644979566668,10.811858744280002,8.429935840846667,13.421617751520001,16.549186085593334,16.487048966373333,17.294831516233334,18.786122377513333,13.131644528493334,14.250112674453334,11.474654682626669,16.569898458666668,16.487048966373333,8.88560804846,13.504467243813332,14.16726318216,14.622935389773337,18.040476946873333,17.667654231553332,16.176363370273336
2192,1.11846814596,1.9469630688933337,1.9469630688933337,1.11846814596,4.266748853106667,4.266748853106667,3.5211034224666675,5.468066491360001,6.213711921999999,8.82347092924,6.130862429706667,3.5211034224666675,6.130862429706667,6.58653463732,6.876507860346667,6.9593573526400005,10.376898909740001,11.495367055700001,13.131644528493334,14.167263182160001,15.803540654953332,13.421617751520003,11.86818977102,10.376898909740001
2193,16.09351387798,17.21198202394,14.975045732020002,14.975045732020002,17.21198202394,10.314761790520002,14.975045732020002,13.856577586060002,10.314761790520002,11.43322993648,17.21198202394,17.21198202394,20.8159349387,20.8159349387,12.7381094401,13.856577586060002,16.09351387798,11.43322993648,14.975045732020002,20.8159349387,17.21198202394,19.697466792740002,16.09351387798,16.09351387798
2194,6.130862429706667,5.012394283746667,6.95935735264,6.9593573526400005,5.840889206680001,5.095243776040001,5.095243776040001,5.385216999066667,4.72242106072,5.758039714386666,3.3554044378800003,5.840889206680001,5.840889206680001,6.95935735264,3.0654312148533336,5.385216999066667,2.6926084995333337,4.639571568426668,1.5741403535733334,3.3554044378800003,0.0,2.6926084995333337,1.9469630688933337,4.639571568426668
2195,6.95935735264,4.72242106072,10.314761790520002,9.19629364456,4.72242106072,10.314761790520002,6.95935735264,3.3554044378800003,6.95935735264,5.840889206680001,8.077825498600001,6.95935735264,9.19629364456,6.95935735264,8.077825498600001,5.840889206680001,4.72242106072,10.314761790520002,9.19629364456,11.43322993648,8.077825498600001,8.077825498600001,6.95935735264,8.077825498600001
2196,9.19629364456,6.95935735264,9.19629364456,11.43322993648,10.314761790520002,8.077825498600001,10.314761790520002,10.314761790520002,12.7381094401,12.7381094401,13.856577586060002,12.7381094401,9.19629364456,11.43322993648,8.077825498600001,10.314761790520002,8.077825498600001,11.43322993648,8.077825498600001,10.314761790520002,8.077825498600001,6.95935735264,6.95935735264,3.3554044378800003
2197,0.0,0.0,3.3554044378800003,0.0,0.0,3.3554044378800003,0.0,0.0,0.0,0.0,0.0,0.0,0.0,0.0,0.0,0.0,0.0,0.0,0.0,0.0,0.0,0.0,0.0,0.0
2198,5.840889206680001,7.705002783280001,1.5741403535733334,1.11846814596,1.11846814596,0.0,1.5741403535733334,0.0,1.5741403535733334,1.5741403535733334,1.11846814596,3.0654312148533336,1.11846814596,2.6926084995333337,0.0,3.811076645493334,6.95935735264,2.6926084995333337,0.0,1.9469630688933337,7.33218006796,6.938644979566668,9.19629364456,9.19629364456
2199,0.0,4.639571568426667,0.0,6.213711922000002,8.450648213920001,7.33218006796,6.503685145026668,8.82347092924,6.9593573526400005,6.876507860346667,5.385216999066667,2.3197857842133334,1.11846814596,0.0,1.11846814596,3.5211034224666675,6.9593573526400005,7.33218006796,7.70500278328,6.213711922000002,7.705002783280001,3.8939261377866665,4.639571568426667,2.6926084995333337
2200,5.840889206680001,5.840889206680001,4.72242106072,0.0,3.3554044378800003,4.72242106072,3.3554044378800003,0.0,0.0,4.72242106072,0.0,0.0,0.0,3.3554044378800003,0.0,6.95935735264,3.3554044378800003,0.0,0.0,0.0,0.0,0.0,3.3554044378800003,4.72242106072
2201,10.004076194420001,11.86818977102,10.37689890974,8.82347092924,5.758039714386668,4.639571568426667,4.639571568426668,3.0654312148533336,2.3197857842133334,4.639571568426667,6.130862429706667,8.057113125526667,8.88560804846,9.631253479100002,8.51278533314,6.1101500566333335,11.55750417492,9.983363821346668,11.930326890240002,12.303149605560002,13.421617751520001,13.048795036200003,9.548403986806667,9.548403986806667
2202,18.3304501699,14.975045732020002,16.09351387798,12.7381094401,12.7381094401,13.856577586060002,13.856577586060002,11.43322993648,10.314761790520002,12.7381094401,11.43322993648,13.856577586060002,11.43322993648,10.314761790520002,11.43322993648,13.856577586060002,12.7381094401,12.7381094401,9.19629364456,6.95935735264,6.95935735264,6.95935735264,4.72242106072,5.840889206680001
2203,0.0,0.0,0.0,0.0,0.0,0.0,0.0,0.0,0.0,0.0,0.0,0.0,0.0,0.0,0.0,0.0,0.0,0.0,0.0,0.0,0.0,1.5741403535733334,3.3554044378800003,0.0
2204,3.811076645493334,1.11846814596,1.11846814596,2.6926084995333337,0.0,3.0654312148533336,1.5741403535733334,1.9469630688933337,2.6926084995333337,1.9469630688933337,3.0654312148533336,2.6926084995333337,1.11846814596,1.11846814596,3.1482807071466667,1.5741403535733334,1.11846814596,3.0654312148533336,2.3197857842133334,4.266748853106667,4.639571568426668,5.012394283746667,1.11846814596,2.23693629192
2205,29.950091464040003,23.052871230620003,13.856577586060002,17.21198202394,18.3304501699,28.831623318080002,20.8159349387,14.975045732020002,6.95935735264,6.95935735264,0.0,11.43322993648,3.3554044378800003,12.7381094401,8.077825498600001,4.72242106072,3.3554044378800003,5.840889206680001,8.077825498600001,10.314761790520002,21.934403084659998,17.21198202394,12.7381094401,12.7381094401
2206,6.95935735264,5.840889206680001,8.077825498600001,5.840889206680001,0.0,0.0,0.0,0.0,0.0,0.0,0.0,0.0,0.0,0.0,3.3554044378800003,0.0,0.0,0.0,0.0,3.3554044378800003,3.3554044378800003,0.0,3.3554044378800003,0.0
2207,0.0,0.0,0.0,9.19629364456,8.077825498600001,8.077825498600001,13.856577586060002,13.856577586060002,13.856577586060002,11.43322993648,14.975045732020002,11.43322993648,6.95935735264,8.077825498600001,6.95935735264,8.077825498600001,8.077825498600001,6.95935735264,9.19629364456,9.19629364456,8.077825498600001,6.95935735264,5.840889206680001,6.95935735264
2208,1.11846814596,5.468066491360001,3.1482807071466667,0.0,2.6926084995333337,4.639571568426668,3.8939261377866674,3.5211034224666675,5.840889206680001,3.0654312148533336,4.639571568426667,3.0654312148533336,1.5741403535733334,1.5741403535733334,0.0,5.095243776040001,4.266748853106667,8.45064821392,6.58653463732,5.09524377604,5.012394283746667,5.385216999066667,4.266748853106667,1.5741403535733334
2209,12.7381094401,12.7381094401,12.7381094401,9.19629364456,9.19629364456,11.43322993648,5.840889206680001,9.19629364456,8.077825498600001,9.19629364456,9.19629364456,9.19629364456,6.95935735264,8.077825498600001,9.19629364456,9.19629364456,5.840889206680001,4.72242106072,4.72242106072,4.72242106072,8.077825498600001,0.0,3.3554044378800003,0.0
2210,9.19629364456,9.19629364456,11.43322993648,11.43322993648,10.314761790520002,11.43322993648,10.314761790520002,8.077825498600001,10.314761790520002,5.840889206680001,5.840889206680001,10.314761790520002,9.19629364456,9.19629364456,8.077825498600001,8.077825498600001,10.314761790520002,12.7381094401,11.43322993648,12.7381094401,9.19629364456,10.314761790520002,8.077825498600001,6.95935735264
2211,11.43322993648,6.95935735264,3.3554044378800003,3.3554044378800003,0.0,3.3554044378800003,0.0,0.0,0.0,6.95935735264,0.0,3.3554044378800003,0.0,0.0,0.0,0.0,0.0,0.0,0.0,4.72242106072,5.840889206680001,0.0,6.95935735264,9.19629364456
2212,3.3554044378800003,0.0,0.0,0.0,5.840889206680001,5.840889206680001,8.077825498600001,6.95935735264,8.077825498600001,14.975045732020002,11.43322993648,12.7381094401,6.95935735264,8.077825498600001,9.19629364456,11.43322993648,8.077825498600001,5.840889206680001,9.19629364456,10.314761790520002,10.314761790520002,9.19629364456,6.95935735264,5.840889206680001
2213,10.314761790520002,10.314761790520002,11.43322993648,5.840889206680001,3.3554044378800003,3.3554044378800003,3.3554044378800003,4.72242106072,3.3554044378800003,0.0,3.3554044378800003,0.0,0.0,3.3554044378800003,0.0,3.3554044378800003,5.840889206680001,5.840889206680001,4.72242106072,5.840889206680001,6.95935735264,4.72242106072,0.0,0.0
2214,11.43322993648,11.43322993648,9.19629364456,9.19629364456,8.077825498600001,11.43322993648,12.7381094401,10.314761790520002,10.314761790520002,12.7381094401,9.19629364456,6.95935735264,6.95935735264,3.3554044378800003,5.840889206680001,3.3554044378800003,0.0,0.0,3.3554044378800003,0.0,3.3554044378800003,8.077825498600001,4.72242106072,3.3554044378800003
2215,0.0,3.3554044378800003,3.3554044378800003,6.95935735264,6.95935735264,4.72242106072,0.0,3.3554044378800003,6.95935735264,3.3554044378800003,0.0,0.0,0.0,0.0,0.0,3.3554044378800003,4.72242106072,3.3554044378800003,5.840889206680001,5.840889206680001,5.840889206680001,5.840889206680001,4.72242106072,5.840889206680001
2216,5.840889206680001,8.077825498600001,9.19629364456,9.19629364456,8.077825498600001,8.077825498600001,8.077825498600001,6.95935735264,6.95935735264,9.19629364456,6.95935735264,10.314761790520002,9.19629364456,6.95935735264,9.19629364456,6.95935735264,10.314761790520002,10.314761790520002,6.95935735264,9.19629364456,8.077825498600001,9.19629364456,8.077825498600001,5.840889206680001
2217,8.077825498600001,8.077825498600001,5.840889206680001,10.314761790520002,10.314761790520002,8.077825498600001,8.077825498600001,8.077825498600001,11.43322993648,6.95935735264,6.95935735264,8.077825498600001,9.19629364456,9.19629364456,8.077825498600001,6.95935735264,8.077825498600001,11.43322993648,9.19629364456,8.077825498600001,5.840889206680001,11.43322993648,9.19629364456,9.19629364456
2218,5.840889206680001,6.95935735264,4.72242106072,0.0,3.3554044378800003,3.3554044378800003,0.0,4.72242106072,4.72242106072,0.0,0.0,0.0,0.0,0.0,0.0,0.0,0.0,0.0,0.0,0.0,0.0,0.0,0.0,0.0
2219,12.7381094401,13.856577586060002,12.7381094401,17.21198202394,16.09351387798,14.975045732020002,17.21198202394,19.697466792740002,17.21198202394,10.314761790520002,6.95935735264,8.077825498600001,10.314761790520002,11.43322993648,9.19629364456,12.7381094401,17.21198202394,14.975045732020002,16.09351387798,12.7381094401,14.975045732020002,11.43322993648,11.43322993648,11.43322993648
2220,3.3554044378800003,4.72242106072,0.0,3.3554044378800003,3.3554044378800003,5.840889206680001,0.0,0.0,11.43322993648,8.077825498600001,8.077825498600001,11.43322993648,6.95935735264,10.314761790520002,6.95935735264,8.077825498600001,12.7381094401,11.43322993648,6.95935735264,12.7381094401,9.19629364456,9.19629364456,10.314761790520002,6.95935735264
2221,0.0,5.840889206680001,0.0,5.840889206680001,4.72242106072,0.0,3.3554044378800003,5.840889206680001,4.72242106072,6.95935735264,8.077825498600001,5.840889206680001,8.077825498600001,8.077825498600001,8.077825498600001,9.19629364456,11.43322993648,9.19629364456,13.856577586060002,8.077825498600001,12.7381094401,13.856577586060002,11.43322993648,9.19629364456
2222,9.19629364456,6.95935735264,9.19629364456,10.314761790520002,10.314761790520002,8.077825498600001,9.19629364456,9.19629364456,6.95935735264,5.840889206680001,6.95935735264,10.314761790520002,6.95935735264,5.840889206680001,6.95935735264,8.077825498600001,8.077825498600001,10.314761790520002,5.840889206680001,8.077825498600001,3.3554044378800003,8.077825498600001,3.3554044378800003,0.0
2223,9.19629364456,11.43322993648,10.314761790520002,11.43322993648,12.7381094401,13.856577586060002,12.7381094401,11.43322993648,13.856577586060002,13.856577586060002,14.975045732020002,14.975045732020002,16.09351387798,16.09351387798,16.09351387798,16.09351387798,17.21198202394,18.3304501699,19.697466792740002,16.09351387798,19.697466792740002,18.3304501699,18.3304501699,13.856577586060002
2224,3.3554044378800003,3.3554044378800003,5.840889206680001,0.0,0.0,0.0,0.0,5.840889206680001,5.840889206680001,5.840889206680001,3.3554044378800003,5.840889206680001,4.72242106072,3.3554044378800003,0.0,0.0,4.72242106072,0.0,0.0,0.0,0.0,0.0,3.3554044378800003,0.0
2225,8.0778254986,11.474654682626669,8.139962617819998,6.938644979566667,4.183899360813334,1.11846814596,1.5741403535733334,1.11846814596,3.1482807071466667,2.6926084995333337,0.0,0.0,1.11846814596,1.9469630688933337,4.183899360813334,6.586534637320001,4.72242106072,3.5211034224666675,3.5211034224666675,3.4382539301733335,4.639571568426668,3.8939261377866665,1.9469630688933337,2.6926084995333337
2226,4.72242106072,6.95935735264,8.077825498600001,8.077825498600001,6.95935735264,5.840889206680001,4.72242106072,3.3554044378800003,0.0,0.0,0.0,3.3554044378800003,0.0,0.0,0.0,5.840889206680001,6.95935735264,5.840889206680001,5.840889206680001,6.95935735264,6.95935735264,4.72242106072,4.72242106072,3.3554044378800003
2227,0.0,0.0,3.3554044378800003,0.0,3.3554044378800003,0.0,0.0,3.3554044378800003,0.0,3.3554044378800003,0.0,4.72242106072,3.3554044378800003,4.72242106072,3.3554044378800003,4.72242106072,8.077825498600001,9.19629364456,9.19629364456,9.19629364456,10.314761790520002,10.314761790520002,6.95935735264,4.72242106072
2228,6.95935735264,4.72242106072,5.840889206680001,3.3554044378800003,0.0,6.95935735264,6.95935735264,8.077825498600001,9.19629364456,9.19629364456,9.19629364456,6.95935735264,5.840889206680001,8.077825498600001,10.314761790520002,6.95935735264,5.840889206680001,5.840889206680001,4.72242106072,0.0,3.3554044378800003,6.95935735264,6.95935735264,6.95935735264
2229,0.0,0.0,3.3554044378800003,0.0,0.0,0.0,6.95935735264,3.3554044378800003,0.0,0.0,6.95935735264,4.72242106072,3.3554044378800003,6.95935735264,0.0,6.95935735264,4.72242106072,0.0,13.856577586060002,8.077825498600001,0.0,8.077825498600001,14.975045732020002,21.934403084659998
2230,0.0,3.3554044378800003,0.0,0.0,0.0,0.0,0.0,0.0,6.95935735264,0.0,0.0,0.0,0.0,0.0,0.0,0.0,0.0,0.0,3.3554044378800003,3.3554044378800003,5.840889206680001,0.0,4.72242106072,0.0
2231,12.7381094401,11.43322993648,6.95935735264,6.95935735264,8.077825498600001,4.72242106072,0.0,3.3554044378800003,3.3554044378800003,6.95935735264,4.72242106072,0.0,0.0,0.0,0.0,3.3554044378800003,0.0,4.72242106072,4.72242106072,4.72242106072,0.0,0.0,0.0,3.3554044378800003
2232,0.0,0.0,0.0,0.0,0.0,0.0,0.0,0.0,0.0,0.0,1.11846814596,1.5741403535733334,4.266748853106667,3.5211034224666675,5.468066491360001,2.23693629192,1.11846814596,1.11846814596,2.23693629192,1.5741403535733334,1.11846814596,1.11846814596,0.0,0.0
2233,4.72242106072,9.19629364456,4.72242106072,0.0,0.0,4.72242106072,9.19629364456,6.95935735264,11.43322993648,4.72242106072,8.077825498600001,5.840889206680001,5.840889206680001,0.0,0.0,0.0,5.840889206680001,5.840889206680001,5.840889206680001,6.95935735264,9.19629364456,6.95935735264,0.0,0.0
2234,4.72242106072,3.3554044378800003,0.0,0.0,0.0,0.0,0.0,0.0,0.0,0.0,0.0,0.0,0.0,3.3554044378800003,0.0,4.72242106072,0.0,6.95935735264,6.95935735264,9.19629364456,6.95935735264,6.95935735264,8.077825498600001,6.95935735264
2235,0.0,0.0,0.0,0.0,0.0,0.0,0.0,4.72242106072,4.72242106072,0.0,0.0,0.0,3.3554044378800003,0.0,3.3554044378800003,4.72242106072,5.840889206680001,4.72242106072,4.72242106072,0.0,0.0,0.0,0.0,0.0
2236,9.19629364456,9.19629364456,11.43322993648,10.314761790520002,13.856577586060002,10.314761790520002,9.19629364456,8.077825498600001,8.077825498600001,8.077825498600001,10.314761790520002,5.840889206680001,8.077825498600001,5.840889206680001,9.19629364456,9.19629364456,6.95935735264,5.840889206680001,5.840889206680001,8.077825498600001,4.72242106072,5.840889206680001,4.72242106072,8.077825498600001
2237,8.077825498600001,9.19629364456,8.077825498600001,9.19629364456,10.314761790520002,10.314761790520002,10.314761790520002,8.077825498600001,5.840889206680001,0.0,6.95935735264,8.077825498600001,5.840889206680001,5.840889206680001,4.72242106072,6.95935735264,12.7381094401,10.314761790520002,12.7381094401,17.21198202394,0.0,8.077825498600001,5.840889206680001,10.314761790520002
2238,13.856577586060002,12.7381094401,6.95935735264,6.95935735264,6.95935735264,8.077825498600001,5.840889206680001,6.95935735264,8.077825498600001,9.19629364456,8.077825498600001,6.95935735264,6.95935735264,4.72242106072,8.077825498600001,5.840889206680001,6.95935735264,6.95935735264,6.95935735264,10.314761790520002,9.19629364456,8.077825498600001,8.077825498600001,5.840889206680001
2239,6.503685145026668,7.684290410206668,6.130862429706667,6.9593573526400005,8.51278533314,8.429935840846667,5.758039714386666,5.468066491360001,5.758039714386668,6.130862429706667,7.33218006796,6.876507860346668,5.385216999066667,5.468066491360001,2.6926084995333337,0.0,3.8939261377866665,7.705002783280001,5.840889206680001,6.213711922000001,5.06762727860889,6.835083114200001,5.468066491360001,4.639571568426668
2240,3.3554044378800003,4.72242106072,10.314761790520002,9.19629364456,11.43322993648,13.856577586060002,9.19629364456,8.077825498600001,10.314761790520002,9.19629364456,11.43322993648,9.19629364456,9.19629364456,8.077825498600001,9.19629364456,12.7381094401,11.43322993648,10.314761790520002,17.21198202394,16.09351387798,11.43322993648,10.314761790520002,10.314761790520002,10.314761790520002
2241,5.840889206680001,4.72242106072,6.95935735264,6.95935735264,9.19629364456,6.95935735264,6.95935735264,4.72242106072,8.077825498600001,6.95935735264,4.72242106072,5.840889206680001,5.840889206680001,4.72242106072,0.0,5.840889206680001,3.3554044378800003,0.0,4.72242106072,4.72242106072,5.840889206680001,4.72242106072,0.0,0.0
2242,0.0,1.11846814596,0.0,3.4382539301733335,4.639571568426668,1.5741403535733334,1.11846814596,4.72242106072,3.3554044378800003,4.72242106072,2.6926084995333337,1.11846814596,1.11846814596,3.3554044378800003,3.1482807071466667,3.8110766454933334,0.0,3.811076645493334,0.0,2.23693629192,2.3197857842133334,1.11846814596,3.1482807071466667,0.0
2243,9.19629364456,10.314761790520002,12.7381094401,11.43322993648,12.7381094401,13.856577586060002,11.43322993648,16.09351387798,10.314761790520002,8.077825498600001,6.95935735264,8.077825498600001,0.0,0.0,0.0,10.314761790520002,16.09351387798,13.856577586060002,11.43322993648,13.856577586060002,10.314761790520002,12.7381094401,10.314761790520002,6.95935735264
2244,4.72242106072,8.077825498600001,10.314761790520002,10.314761790520002,5.840889206680001,9.19629364456,8.077825498600001,5.840889206680001,6.95935735264,8.077825498600001,5.840889206680001,6.95935735264,6.95935735264,5.840889206680001,5.840889206680001,8.077825498600001,6.95935735264,5.840889206680001,4.72242106072,10.314761790520002,5.840889206680001,5.840889206680001,4.72242106072,5.840889206680001
2245,5.095243776040001,4.639571568426668,5.758039714386668,3.8939261377866665,1.11846814596,2.23693629192,1.11846814596,3.1482807071466667,1.5741403535733334,3.0654312148533336,1.9469630688933337,1.5741403535733334,1.11846814596,1.9469630688933337,3.1482807071466667,3.5211034224666675,2.23693629192,1.9469630688933337,2.3197857842133334,1.9469630688933337,2.6926084995333337,1.11846814596,0.0,1.11846814596
2246,1.11846814596,3.0654312148533336,2.6926084995333337,5.012394283746667,1.5741403535733334,4.72242106072,7.3321800679599995,6.58653463732,4.183899360813334,5.385216999066667,0.0,4.639571568426668,3.8939261377866674,3.5211034224666675,4.183899360813334,7.705002783280001,9.19629364456,9.196293644559999,8.82347092924,8.0778254986,6.58653463732,6.213711922000002,3.8110766454933334,3.0654312148533336
2247,0.0,0.8975361665111112,0.0,0.5247134511911111,0.0,0.0,0.0,1.4912908612800002,2.0988538047644445,0.0,1.4912908612800002,3.3554044378800003,5.716614968240001,2.0988538047644445,4.4600643351244456,5.68899847080889,2.0988538047644445,0.37282271532000005,3.6315694121911117,1.4912908612800002,1.4912908612800002,0.0,0.0,0.0
2248,12.696684693953335,9.631253479100002,10.729009251986668,13.421617751519998,6.938644979566668,10.811858744280002,8.429935840846667,13.421617751519998,16.549186085593334,16.487048966373333,17.294831516233334,18.786122377513333,13.131644528493334,14.250112674453334,11.474654682626669,16.569898458666668,16.487048966373333,8.88560804846,13.504467243813336,14.167263182160001,14.622935389773334,18.040476946873337,17.667654231553335,16.176363370273332
2249,17.21198202394,12.7381094401,10.314761790520002,12.7381094401,10.314761790520002,10.314761790520002,8.077825498600001,6.95935735264,6.95935735264,8.077825498600001,4.72242106072,3.3554044378800003,0.0,4.72242106072,4.72242106072,3.3554044378800003,11.43322993648,10.314761790520002,13.856577586060002,16.09351387798,14.975045732020002,11.43322993648,14.975045732020002,18.3304501699
2250,18.434012035266665,11.951039263313334,11.1846814596,13.421617751520001,9.631253479100002,14.250112674453336,10.004076194420001,16.83915930862,16.176363370273336,21.851553592366667,18.040476946873337,14.995758105093335,8.51278533314,9.25843076378,9.175581271486667,12.696684693953335,10.37689890974,7.39431718718,11.578216547993334,13.794440466840001,11.86818977102,15.741403535733333,13.877289959133334,17.667654231553332
2251,11.122544340379998,11.578216547993335,14.229400301380002,14.16726318216,6.938644979566668,16.549186085593334,13.794440466840001,16.4663365933,14.622935389773334,15.741403535733335,13.504467243813336,14.995758105093335,10.811858744280002,10.376898909740001,9.921226702126667,13.815152839913333,11.122544340380001,8.51278533314,11.205393832673332,12.303149605560002,12.303149605560002,18.040476946873333,11.55750417492,16.549186085593334
2252,8.284949229333334,7.663578037133334,9.527691613733333,7.4564543064,7.8707017678666675,5.799464460533334,4.763845806866667,3.7282271532,3.5211034224666666,2.2783610380666666,2.0712373073333334,3.3139796917333335,2.278361038066667,2.4854847688,2.2783610380666666,2.2783610380666666,2.6926084995333333,4.556722076133334,3.1068559609999995,3.3139796917333335,3.3139796917333335,0.6213711922,1.8641135766,2.2783610380666666
2253,0.0,4.72242106072,9.19629364456,6.95935735264,11.43322993648,12.7381094401,14.975045732020002,10.314761790520002,16.09351387798,6.95935735264,10.314761790520002,12.7381094401,8.077825498600001,11.43322993648,10.314761790520002,13.856577586060002,20.8159349387,32.18702775596,27.713155172120004,26.4082756685,26.4082756685,26.4082756685,19.697466792740002,13.856577586060002
2254,4.72242106072,3.3554044378800003,3.3554044378800003,6.95935735264,4.72242106072,5.840889206680001,4.72242106072,6.95935735264,6.95935735264,5.840889206680001,4.72242106072,0.0,3.3554044378800003,0.0,4.72242106072,3.3554044378800003,0.0,10.314761790520002,6.95935735264,8.077825498600001,5.840889206680001,6.95935735264,5.840889206680001,0.0
2255,6.95935735264,4.72242106072,4.72242106072,0.0,6.95935735264,9.19629364456,4.72242106072,6.95935735264,9.19629364456,10.314761790520002,10.314761790520002,10.314761790520002,11.43322993648,11.43322993648,6.95935735264,9.19629364456,5.840889206680001,0.0,5.840889206680001,5.840889206680001,5.840889206680001,5.840889206680001,8.077825498600001,0.0
2256,3.3554044378800003,3.3554044378800003,3.3554044378800003,4.72242106072,3.3554044378800003,0.0,0.0,0.0,0.0,0.0,0.0,3.3554044378800003,3.3554044378800003,3.3554044378800003,0.0,3.3554044378800003,5.840889206680001,5.840889206680001,5.840889206680001,6.95935735264,6.95935735264,4.72242106072,5.840889206680001,4.72242106072
2257,9.19629364456,8.077825498600001,11.43322993648,10.314761790520002,11.43322993648,8.077825498600001,6.95935735264,8.077825498600001,10.314761790520002,10.314761790520002,8.077825498600001,10.314761790520002,8.077825498600001,6.95935735264,4.72242106072,0.0,3.3554044378800003,3.3554044378800003,5.840889206680001,5.840889206680001,3.3554044378800003,4.72242106072,4.72242106072,3.3554044378800003
2258,10.376898909740001,9.631253479100002,11.122544340380003,10.00407619442,7.684290410206668,9.175581271486667,6.565822264246667,3.1482807071466667,4.556722076133334,3.811076645493334,2.23693629192,5.012394283746667,3.5211034224666675,1.11846814596,1.5741403535733334,1.5741403535733334,1.11846814596,1.11846814596,0.0,1.11846814596,3.438253930173334,3.8939261377866665,4.929544791453334,6.503685145026668
2259,4.47387258384,4.7224210607199995,3.2725549455866667,2.651183753386667,0.37282271532000005,0.37282271532000005,1.8226888304533333,1.8226888304533333,2.029812561186667,1.8226888304533333,1.6569898458666668,2.0712373073333334,2.278361038066667,2.4854847688,3.3139796917333335,4.515297329986667,3.2725549455866667,2.6926084995333333,2.0712373073333334,2.4854847688,2.899732230266667,2.6926084995333333,2.278361038066667,3.1068559610000004
2260,0.0,0.0,0.0,0.0,0.0,3.3554044378800003,0.0,0.0,0.0,4.72242106072,4.72242106072,4.72242106072,3.3554044378800003,6.95935735264,5.840889206680001,5.840889206680001,0.0,0.0,3.3554044378800003,0.0,0.0,0.0,3.3554044378800003,4.72242106072
2261,11.43322993648,13.856577586060002,11.43322993648,5.840889206680001,4.72242106072,3.3554044378800003,4.72242106072,6.95935735264,0.0,3.3554044378800003,0.0,3.3554044378800003,6.95935735264,0.0,4.72242106072,4.72242106072,0.0,0.0,10.314761790520002,10.314761790520002,9.19629364456,16.09351387798,12.7381094401,16.09351387798
2262,0.0,0.0,0.0,0.0,3.3554044378800003,0.0,0.0,0.0,0.0,0.0,0.0,0.0,3.3554044378800003,0.0,0.0,0.0,3.3554044378800003,0.0,0.0,0.0,0.0,0.0,0.0,0.0
2263,0.0,0.0,4.72242106072,4.72242106072,0.0,0.0,0.0,0.0,0.0,0.0,0.0,0.0,0.0,0.0,0.0,0.0,3.3554044378800003,0.0,0.0,0.0,0.0,0.0,0.0,0.0
2264,12.241012486340002,14.975045732020002,9.175581271486667,11.909614517166668,8.057113125526667,7.663578037133334,6.15157480278,2.2576486649933334,2.2576486649933334,6.172287175853334,4.2253241069600005,4.59814682228,2.713320872606667,0.0,3.376116810953334,2.713320872606667,0.0,3.0447188417800004,0.0,4.991681910673334,0.0,0.0,0.0,4.59814682228
2265,2.23693629192,3.0654312148533336,3.4382539301733335,2.3197857842133334,6.130862429706667,1.5741403535733334,5.7373273413133345,4.246036480033333,0.0,0.0,4.929544791453334,2.3197857842133334,2.6926084995333337,3.811076645493334,2.3197857842133334,5.0123942837466675,4.246036480033333,4.183899360813334,1.11846814596,6.938644979566668,5.364504625993334,5.3852169990666665,4.556722076133334,3.1482807071466667
2266,8.077825498600001,9.19629364456,10.314761790520002,9.19629364456,10.314761790520002,11.43322993648,10.314761790520002,11.43322993648,14.975045732020002,10.314761790520002,12.7381094401,13.856577586060002,11.43322993648,13.856577586060002,12.7381094401,12.7381094401,14.975045732020002,14.975045732020002,14.975045732020002,16.09351387798,13.856577586060002,12.7381094401,9.19629364456,9.19629364456
2267,6.917932606493334,5.965163445120001,3.8525013916400006,2.6926084995333337,3.3139796917333335,4.47387258384,4.47387258384,6.917932606493334,5.274751009342222,4.2253241069600005,3.7282271532,4.142474614666667,6.08943768356,4.888120045306667,4.3495983454000005,3.5211034224666666,7.2079058295200005,8.409223467773336,6.793658368053333,8.678484317726667,7.33218006796,5.2609427606266665,5.34379225292,3.1897054532933335
2268,5.840889206680001,4.72242106072,6.95935735264,5.840889206680001,4.72242106072,5.840889206680001,8.077825498600001,12.7381094401,8.077825498600001,0.0,3.3554044378800003,3.3554044378800003,3.3554044378800003,0.0,0.0,3.3554044378800003,0.0,0.0,5.840889206680001,3.3554044378800003,4.72242106072,5.840889206680001,0.0,0.0
2269,10.314761790520002,4.72242106072,0.0,0.0,4.72242106072,6.95935735264,6.95935735264,8.077825498600001,6.95935735264,6.95935735264,6.95935735264,8.077825498600001,8.077825498600001,8.077825498600001,9.19629364456,5.840889206680001,5.840889206680001,5.840889206680001,5.840889206680001,5.840889206680001,3.3554044378800003,3.3554044378800003,8.82347092924,8.077825498600001
2270,10.314761790520002,8.077825498600001,6.95935735264,8.077825498600001,10.314761790520002,9.19629364456,11.43322993648,13.856577586060002,9.19629364456,9.19629364456,12.7381094401,11.43322993648,9.19629364456,9.610541106026668,10.314761790520002,11.43322993648,0.0,9.19629364456,11.43322993648,11.43322993648,13.856577586060002,18.3304501699,21.934403084659998,21.934403084659998
2271,10.31476179052,7.33218006796,1.11846814596,3.4382539301733335,2.6926084995333337,3.0654312148533336,0.0,0.0,3.0654312148533336,0.0,3.3554044378800003,0.0,0.0,0.0,0.0,2.3197857842133334,1.11846814596,1.5741403535733334,3.8939261377866674,5.09524377604,4.183899360813334,3.811076645493334,8.326373975480001,8.45064821392
2272,4.72242106072,3.3554044378800003,3.3554044378800003,0.0,0.0,0.0,4.72242106072,3.3554044378800003,3.3554044378800003,0.0,0.0,0.0,0.0,0.0,0.0,0.0,8.077825498600001,5.840889206680001,6.95935735264,8.077825498600001,9.19629364456,10.314761790520002,6.95935735264,6.95935735264
2273,4.72242106072,0.0,6.95935735264,3.3554044378800003,0.0,3.3554044378800003,3.3554044378800003,0.0,0.0,0.0,0.0,0.0,3.3554044378800003,0.0,0.0,0.0,4.72242106072,5.840889206680001,5.840889206680001,8.077825498600001,4.72242106072,0.0,0.0,3.3554044378800003
2274,4.183899360813334,5.012394283746667,7.33218006796,5.012394283746667,6.58653463732,6.58653463732,4.639571568426668,5.468066491360001,3.0654312148533336,2.6926084995333337,1.5741403535733334,1.11846814596,0.0,3.0654312148533336,2.6926084995333337,3.0654312148533336,2.6926084995333337,5.385216999066667,5.385216999066667,5.095243776040001,3.811076645493334,2.6926084995333337,3.8110766454933334,2.23693629192
2275,11.930326890240002,13.85657758606,13.110932155420002,10.74972162506,11.495367055700001,9.56911635988,11.557504174920004,11.86818977102,9.941939075200002,10.74972162506,8.82347092924,10.31476179052,8.45064821392,8.077825498600001,8.82347092924,9.19629364456,9.56911635988,7.705002783280001,8.450648213920003,6.213711922000002,8.45064821392,3.5211034224666675,4.183899360813334,3.590144666044445
2276,0.0,0.0,4.72242106072,3.3554044378800003,4.72242106072,3.3554044378800003,0.0,0.0,0.0,0.0,4.72242106072,0.0,4.72242106072,0.0,3.3554044378800003,4.72242106072,4.72242106072,9.19629364456,5.840889206680001,6.95935735264,5.012394283746667,6.95935735264,4.72242106072,5.840889206680001
2277,5.840889206680001,9.19629364456,10.314761790520002,10.314761790520002,12.7381094401,11.43322993648,9.19629364456,10.314761790520002,12.7381094401,9.19629364456,9.19629364456,13.856577586060002,14.975045732020002,11.43322993648,6.565822264246667,4.72242106072,0.0,3.3554044378800003,3.3554044378800003,3.3554044378800003,3.3554044378800003,6.95935735264,3.3554044378800003,4.72242106072
2278,5.840889206680001,4.72242106072,4.72242106072,3.3554044378800003,0.0,3.3554044378800003,4.72242106072,0.0,3.3554044378800003,0.0,0.0,3.3554044378800003,0.0,3.3554044378800003,6.95935735264,6.95935735264,6.9593573526400005,6.95935735264,5.840889206680001,8.077825498600001,6.95935735264,0.0,5.840889206680001,4.72242106072
2279,17.21198202394,19.697466792740002,19.697466792740002,25.289807522540002,25.289807522540002,25.289807522540002,23.052871230620003,16.09351387798,16.09351387798,9.19629364456,8.077825498600001,8.077825498600001,5.840889206680001,8.077825498600001,6.95935735264,4.72242106072,0.0,3.3554044378800003,9.19629364456,8.077825498600001,4.72242106072,6.95935735264,5.840889206680001,5.840889206680001
2280,14.975045732020002,10.314761790520002,10.314761790520002,9.19629364456,9.19629364456,6.95935735264,4.72242106072,3.3554044378800003,3.3554044378800003,3.3554044378800003,0.0,0.0,0.0,0.0,0.0,0.0,3.3554044378800003,4.72242106072,3.3554044378800003,5.840889206680001,4.72242106072,4.72242106072,0.0,0.0
2281,5.840889206680001,6.95935735264,4.72242106072,0.0,4.72242106072,5.840889206680001,6.95935735264,0.0,0.0,0.0,3.3554044378800003,0.0,0.0,0.0,0.0,5.840889206680001,4.72242106072,0.0,3.3554044378800003,0.0,0.0,4.72242106072,0.0,0.0
2282,10.314761790520002,9.19629364456,10.314761790520002,14.167263182160001,11.43322993648,16.09351387798,11.43322993648,12.7381094401,12.7381094401,11.43322993648,9.19629364456,11.43322993648,9.19629364456,12.7381094401,13.856577586060002,8.077825498600001,13.856577586060002,13.856577586060002,10.314761790520002,13.421617751520001,9.19629364456,11.43322993648,10.314761790520002,8.077825498600001
2283,8.077825498600001,12.7381094401,9.19629364456,6.95935735264,9.19629364456,6.95935735264,5.840889206680001,0.0,3.3554044378800003,5.840889206680001,8.077825498600001,4.72242106072,5.840889206680001,0.0,3.3554044378800003,0.0,0.0,0.0,8.077825498600001,6.95935735264,3.3554044378800003,5.840889206680001,4.72242106072,0.0
2284,4.639571568426667,6.586534637320001,5.840889206680001,6.58653463732,6.9593573526400005,9.19629364456,10.687584505840002,10.687584505840002,9.19629364456,7.705002783280001,6.58653463732,6.9593573526400005,4.639571568426667,2.23693629192,2.6926084995333337,4.72242106072,6.9593573526400005,7.705002783280001,7.705002783280001,8.82347092924,8.45064821392,7.705002783280001,6.58653463732,5.468066491360001
2285,5.840889206680001,4.72242106072,3.3554044378800003,0.0,0.0,0.0,0.0,0.0,0.0,1.11846814596,0.0,0.0,1.11846814596,0.0,0.0,5.840889206680001,5.840889206680001,4.72242106072,4.72242106072,4.72242106072,6.95935735264,5.840889206680001,3.3554044378800003,0.0
2286,12.7381094401,13.856577586060002,9.19629364456,10.314761790520002,11.43322993648,11.43322993648,12.7381094401,9.19629364456,8.077825498600001,10.314761790520002,10.314761790520002,10.314761790520002,11.43322993648,8.077825498600001,3.3554044378800003,9.19629364456,8.077825498600001,9.19629364456,8.077825498600001,8.077825498600001,8.077825498600001,6.95935735264,5.840889206680001,8.077825498600001
2287,6.95935735264,8.077825498600001,10.314761790520002,8.077825498600001,12.7381094401,9.19629364456,6.95935735264,5.840889206680001,5.840889206680001,5.840889206680001,4.72242106072,3.3554044378800003,4.72242106072,4.72242106072,8.077825498600001,6.95935735264,8.077825498600001,12.7381094401,14.975045732020002,8.077825498600001,6.95935735264,9.19629364456,11.43322993648,6.95935735264
2288,8.077825498600001,8.077825498600001,11.43322993648,11.43322993648,11.43322993648,10.314761790520002,8.077825498600001,8.077825498600001,6.95935735264,6.95935735264,5.840889206680001,5.840889206680001,4.72242106072,0.0,0.0,0.0,3.3554044378800003,0.0,3.3554044378800003,3.3554044378800003,4.72242106072,3.3554044378800003,4.72242106072,6.95935735264
2289,3.3554044378800003,4.72242106072,0.0,8.077825498600001,9.19629364456,8.077825498600001,6.95935735264,6.95935735264,9.19629364456,3.3554044378800003,4.72242106072,8.077825498600001,5.840889206680001,4.72242106072,0.0,6.95935735264,0.0,3.3554044378800003,0.0,0.0,0.0,0.0,0.0,7.684290410206668
2290,4.72242106072,3.3554044378800003,3.3554044378800003,0.0,0.0,0.0,0.0,0.0,0.0,3.3554044378800003,3.3554044378800003,3.3554044378800003,3.3554044378800003,0.0,6.95935735264,3.3554044378800003,0.0,0.0,0.0,3.3554044378800003,3.3554044378800003,0.0,3.3554044378800003,0.0
2291,14.975045732020002,16.09351387798,14.975045732020002,19.697466792740002,19.697466792740002,20.8159349387,19.697466792740002,14.975045732020002,16.09351387798,17.21198202394,12.7381094401,12.7381094401,11.43322993648,12.7381094401,12.7381094401,8.077825498600001,16.09351387798,11.43322993648,12.7381094401,16.09351387798,19.697466792740002,13.856577586060002,17.21198202394,9.19629364456
2292,0.0,0.0,0.0,0.0,0.0,0.0,0.0,0.0,3.5211034224666675,2.6926084995333337,3.1482807071466667,3.0654312148533336,3.8939261377866674,3.8110766454933334,4.266748853106667,1.9469630688933337,1.5741403535733334,2.6926084995333337,2.6926084995333337,5.468066491360001,4.266748853106667,1.9469630688933337,0.0,1.5741403535733334
2293,0.0,3.3554044378800003,3.3554044378800003,3.3554044378800003,4.72242106072,3.3554044378800003,0.0,0.0,4.72242106072,0.0,3.3554044378800003,0.0,0.0,0.0,0.0,4.72242106072,3.3554044378800003,3.3554044378800003,0.0,0.0,0.0,5.840889206680001,4.72242106072,4.72242106072
2294,6.95935735264,10.314761790520002,4.72242106072,0.0,0.0,0.0,4.72242106072,0.0,4.72242106072,4.72242106072,0.0,3.3554044378800003,0.0,4.72242106072,0.0,4.72242106072,6.95935735264,4.72242106072,0.0,0.0,5.840889206680001,3.3554044378800003,4.72242106072,6.95935735264
2295,0.0,4.72242106072,4.72242106072,6.95935735264,9.19629364456,6.95935735264,3.3554044378800003,8.077825498600001,5.840889206680001,4.72242106072,0.0,3.3554044378800003,3.3554044378800003,0.0,0.0,0.0,0.0,3.3554044378800003,0.0,0.0,4.72242106072,8.077825498600001,6.95935735264,5.840889206680001
2296,3.3554044378800003,3.3554044378800003,3.3554044378800003,5.840889206680001,14.975045732020002,17.21198202394,17.21198202394,14.975045732020002,14.975045732020002,14.975045732020002,17.21198202394,13.856577586060002,11.43322993648,14.975045732020002,14.975045732020002,12.7381094401,13.856577586060002,10.314761790520002,16.09351387798,16.09351387798,17.21198202394,12.7381094401,11.43322993648,17.21198202394
2297,18.3304501699,24.17133937658,27.713155172120004,31.06855961,28.831623318080002,27.713155172120004,27.713155172120004,25.289807522540002,16.09351387798,17.21198202394,16.09351387798,14.975045732020002,17.21198202394,13.856577586060002,10.314761790520002,8.077825498600001,6.95935735264,10.314761790520002,10.314761790520002,9.19629364456,11.43322993648,14.975045732020002,13.856577586060002,9.19629364456
2298,8.077825498600001,8.077825498600001,11.495367055700001,7.70500278328,8.077825498600001,11.43322993648,11.43322993648,12.7381094401,6.95935735264,11.43322993648,11.43322993648,10.314761790520002,9.19629364456,3.3554044378800003,8.077825498600001,10.314761790520002,6.95935735264,5.840889206680001,4.72242106072,5.840889206680001,4.72242106072,5.840889206680001,3.3554044378800003,0.0
2299,4.72242106072,3.1482807071466667,8.077825498600001,3.3554044378800003,4.72242106072,5.840889206680001,5.840889206680001,8.077825498600001,0.0,0.0,6.95935735264,6.95935735264,4.72242106072,3.3554044378800003,11.43322993648,3.3554044378800003,0.0,6.95935735264,4.72242106072,3.3554044378800003,3.3554044378800003,0.0,0.0,5.840889206680001
2300,14.975045732020002,12.7381094401,13.856577586060002,17.21198202394,19.697466792740002,23.052871230620003,19.697466792740002,21.934403084659998,20.8159349387,18.3304501699,11.43322993648,14.975045732020002,14.975045732020002,14.975045732020002,19.697466792740002,14.975045732020002,20.8159349387,20.8159349387,13.856577586060002,18.3304501699,19.697466792740002,11.43322993648,12.7381094401,11.43322993648
2301,3.3554044378800003,3.3554044378800003,0.0,4.72242106072,4.72242106072,3.3554044378800003,0.0,0.0,3.3554044378800003,0.0,0.0,4.72242106072,0.0,0.0,0.0,5.840889206680001,5.840889206680001,6.95935735264,5.840889206680001,6.95935735264,6.95935735264,6.95935735264,3.3554044378800003,0.0
2302,0.0,4.72242106072,5.840889206680001,4.72242106072,5.840889206680001,6.95935735264,0.0,0.0,4.72242106072,3.3554044378800003,5.840889206680001,3.3554044378800003,3.3554044378800003,5.840889206680001,6.95935735264,12.7381094401,10.314761790520002,13.856577586060002,16.09351387798,8.077825498600001,6.95935735264,5.840889206680001,3.3554044378800003,3.3554044378800003
2303,8.077825498600001,4.72242106072,0.0,0.0,0.0,4.72242106072,0.0,0.0,0.0,0.0,0.0,0.0,0.0,0.0,0.0,3.3554044378800003,0.0,3.3554044378800003,0.0,3.3554044378800003,9.19629364456,4.72242106072,5.840889206680001,6.95935735264
2304,6.9593573526400005,6.959357352640001,4.929544791453334,3.8939261377866665,5.012394283746667,5.012394283746667,1.9469630688933337,1.9469630688933337,1.11846814596,3.5211034224666675,4.266748853106667,3.4382539301733335,3.811076645493334,3.811076645493334,3.3554044378800003,0.0,2.6926084995333337,1.5741403535733334,2.23693629192,2.23693629192,2.23693629192,3.3554044378800003,4.183899360813334,3.3554044378800003
2305,6.95935735264,9.19629364456,6.95935735264,8.077825498600001,6.95935735264,5.840889206680001,5.840889206680001,5.840889206680001,5.840889206680001,8.077825498600001,6.95935735264,5.840889206680001,4.72242106072,3.3554044378800003,3.3554044378800003,4.72242106072,0.0,0.0,3.3554044378800003,0.0,4.72242106072,4.72242106072,3.3554044378800003,4.72242106072
2306,0.0,3.3554044378800003,3.3554044378800003,0.0,6.95935735264,4.72242106072,3.3554044378800003,0.0,0.0,0.0,0.0,0.0,0.0,3.3554044378800003,0.0,4.72242106072,0.0,0.0,0.0,0.0,0.0,0.0,3.3554044378800003,4.72242106072
2307,4.72242106072,4.72242106072,5.840889206680001,0.0,0.0,0.0,3.3554044378800003,6.95935735264,0.0,3.3554044378800003,4.72242106072,0.0,4.72242106072,8.077825498600001,4.72242106072,4.72242106072,4.72242106072,4.72242106072,0.0,3.3554044378800003,4.72242106072,5.840889206680001,5.840889206680001,5.840889206680001
2308,3.3554044378800003,3.3554044378800003,0.0,5.840889206680001,0.0,4.72242106072,3.3554044378800003,3.3554044378800003,0.0,0.0,3.3554044378800003,3.3554044378800003,0.0,0.0,0.0,0.0,3.3554044378800003,3.3554044378800003,3.3554044378800003,4.72242106072,0.0,0.0,0.0,0.0
2309,0.0,0.0,0.0,0.0,0.0,0.0,0.0,0.0,6.95935735264,0.0,4.72242106072,0.0,0.0,4.72242106072,4.72242106072,0.0,0.0,0.0,3.3554044378800003,0.0,4.72242106072,0.0,0.0,0.0
2310,5.840889206680001,4.72242106072,0.0,3.3554044378800003,0.0,0.0,0.0,0.0,3.3554044378800003,3.3554044378800003,0.0,0.0,0.0,0.0,0.0,3.3554044378800003,0.0,0.0,3.3554044378800003,3.3554044378800003,9.19629364456,10.314761790520002,9.19629364456,11.43322993648
2311,14.975045732020002,9.19629364456,9.19629364456,12.7381094401,6.95935735264,8.077825498600001,4.72242106072,8.077825498600001,5.840889206680001,4.72242106072,8.077825498600001,4.72242106072,6.95935735264,0.0,1.11846814596,3.5211034224666675,4.266748853106667,2.23693629192,3.1482807071466667,2.3197857842133334,3.8939261377866665,0.0,0.0,0.0
2312,5.012394283746667,2.3197857842133334,4.266748853106667,3.0654312148533336,6.213711922000002,5.012394283746667,5.758039714386666,4.639571568426667,5.84088920668,3.0654312148533336,1.5741403535733334,3.4382539301733335,3.1482807071466667,3.5211034224666675,2.6926084995333337,3.811076645493334,3.4382539301733335,4.266748853106667,3.4382539301733335,4.266748853106667,3.811076645493334,5.840889206680001,2.23693629192,1.9469630688933337
2313,4.72242106072,5.840889206680001,3.3554044378800003,0.0,0.0,0.0,0.0,0.0,0.0,3.3554044378800003,4.72242106072,4.72242106072,0.0,4.72242106072,5.840889206680001,4.72242106072,8.077825498600001,8.077825498600001,6.95935735264,5.840889206680001,4.72242106072,8.077825498600001,4.72242106072,5.840889206680001
2314,0.0,0.0,3.3554044378800003,0.0,0.0,0.0,0.0,3.3554044378800003,0.0,0.0,0.0,0.0,3.3554044378800003,0.0,3.3554044378800003,4.72242106072,8.077825498600001,6.95935735264,8.077825498600001,6.95935735264,6.95935735264,8.077825498600001,8.077825498600001,4.72242106072
2315,5.840889206680001,0.0,5.840889206680001,5.840889206680001,6.95935735264,3.3554044378800003,3.3554044378800003,6.95935735264,5.840889206680001,9.19629364456,9.19629364456,8.077825498600001,10.314761790520002,4.72242106072,3.3554044378800003,3.3554044378800003,12.61383520166,9.19629364456,11.43322993648,14.975045732020002,13.856577586060002,10.314761790520002,6.95935735264,8.077825498600001
2316,10.314761790520002,12.7381094401,10.314761790520002,14.975045732020002,10.314761790520002,6.95935735264,8.077825498600001,9.19629364456,6.95935735264,8.077825498600001,5.840889206680001,4.72242106072,5.840889206680001,6.95935735264,5.840889206680001,4.72242106072,0.0,0.0,0.0,0.0,6.95935735264,0.0,0.0,0.0
2317,3.3554044378800003,0.0,3.3554044378800003,3.3554044378800003,0.0,0.0,0.0,3.3554044378800003,0.0,0.0,0.0,4.72242106072,4.72242106072,6.95935735264,3.3554044378800003,2.6926084995333337,0.0,0.0,0.0,3.3554044378800003,0.0,0.0,0.0,0.0
2318,6.95935735264,9.19629364456,4.72242106072,4.72242106072,0.0,3.3554044378800003,4.72242106072,0.0,4.72242106072,0.0,4.72242106072,9.19629364456,3.3554044378800003,0.0,0.0,0.0,0.0,4.556722076133334,0.0,0.0,0.0,0.0,6.95935735264,11.43322993648
2319,1.5741403535733334,1.11846814596,0.0,0.0,0.0,0.0,2.6926084995333337,1.11846814596,4.639571568426667,0.0,4.266748853106667,0.0,0.0,0.0,0.0,1.5741403535733334,3.1482807071466667,3.5211034224666675,3.1482807071466667,1.5741403535733334,3.0654312148533336,3.5211034224666675,2.23693629192,3.0654312148533336
2320,3.3554044378800003,8.077825498600001,8.077825498600001,5.840889206680001,9.19629364456,9.19629364456,5.840889206680001,5.840889206680001,4.72242106072,5.840889206680001,4.72242106072,3.3554044378800003,8.077825498600001,4.72242106072,4.72242106072,8.077825498600001,11.43322993648,11.43322993648,13.856577586060002,13.856577586060002,16.09351387798,17.21198202394,17.21198202394,18.3304501699
2321,13.856577586060002,13.856577586060002,11.43322993648,17.21198202394,16.09351387798,14.975045732020002,12.7381094401,10.314761790520002,10.314761790520002,8.077825498600001,13.856577586060002,11.43322993648,10.314761790520002,9.19629364456,10.314761790520002,10.314761790520002,9.19629364456,18.3304501699,13.856577586060002,8.077825498600001,12.7381094401,10.314761790520002,6.95935735264,11.43322993648
2322,3.3554044378800003,0.0,0.0,0.0,3.3554044378800003,0.0,3.3554044378800003,0.0,0.0,0.0,0.0,3.3554044378800003,0.0,0.0,0.0,0.0,3.3554044378800003,0.0,3.3554044378800003,0.0,4.72242106072,6.95935735264,8.077825498600001,4.72242106072
2323,15.65855404344,15.720691162660001,14.975045732020002,14.9129086128,14.6022230167,17.667654231553332,17.294831516233334,18.413299662193335,16.09351387798,13.0487950362,15.34786844734,15.720691162660001,14.9129086128,14.975045732020002,11.86818977102,14.16726318216,14.602223016700002,14.229400301380002,11.495367055700001,9.941939075200002,6.213711921999999,6.213711922000001,6.58653463732,7.33218006796
2324,13.856577586060002,14.975045732020002,17.21198202394,17.21198202394,19.697466792740002,19.697466792740002,18.3304501699,20.8159349387,18.3304501699,18.3304501699,13.856577586060002,13.856577586060002,6.95935735264,9.19629364456,10.314761790520002,10.314761790520002,14.975045732020002,16.09351387798,16.09351387798,14.975045732020002,13.856577586060002,16.09351387798,11.43322993648,9.19629364456
2325,11.43322993648,8.077825498600001,9.19629364456,9.19629364456,9.19629364456,14.975045732020002,9.19629364456,9.19629364456,6.95935735264,4.72242106072,3.3554044378800003,3.3554044378800003,3.3554044378800003,0.0,3.3554044378800003,4.72242106072,5.840889206680001,5.840889206680001,8.077825498600001,8.077825498600001,5.840889206680001,6.95935735264,4.72242106072,4.72242106072
2326,2.1402785509111113,8.284949229333334,4.515297329986667,0.0,6.034204688697778,5.0814355273244445,0.0,0.0,0.0,0.0,0.0,3.3554044378800003,5.840889206680001,0.0,0.0,0.0,5.758039714386668,2.9687734738444447,4.266748853106667,3.3968291840266667,5.716614968239999,5.34379225292,3.3554044378800003,12.7381094401
2327,0.0,4.72242106072,0.0,0.0,0.0,3.3554044378800003,5.840889206680001,4.72242106072,5.840889206680001,0.0,0.0,0.0,0.0,0.0,0.0,4.72242106072,3.3554044378800003,8.077825498600001,5.840889206680001,4.72242106072,5.840889206680001,3.3554044378800003,0.0,0.0
2328,3.3554044378800003,5.840889206680001,4.72242106072,5.840889206680001,6.95935735264,4.72242106072,4.72242106072,3.3554044378800003,3.3554044378800003,3.3554044378800003,0.0,3.3554044378800003,0.0,0.0,3.3554044378800003,3.3554044378800003,3.3554044378800003,0.0,0.0,3.3554044378800003,3.3554044378800003,0.0,5.840889206680001,5.840889206680001
2329,0.0,0.0,0.0,0.0,0.0,0.0,0.0,0.0,0.0,0.0,0.0,0.0,0.0,0.0,0.0,0.0,4.72242106072,4.72242106072,0.0,0.0,0.0,4.72242106072,4.72242106072,4.72242106072
2330,0.0,0.0,0.0,0.0,0.0,0.0,0.0,0.0,0.0,0.0,0.0,0.0,0.0,4.72242106072,0.0,8.077825498600001,6.95935735264,6.95935735264,9.19629364456,6.95935735264,9.19629364456,8.077825498600001,6.95935735264,4.72242106072
2331,6.95935735264,4.183899360813334,8.077825498600001,5.840889206680001,6.95935735264,2.6926084995333337,6.95935735264,6.95935735264,6.95935735264,1.9469630688933337,6.95935735264,1.11846814596,5.840889206680001,9.19629364456,5.840889206680001,4.72242106072,4.72242106072,0.0,6.130862429706667,5.012394283746667,5.840889206680001,8.077825498600001,10.314761790520002,4.72242106072
2332,10.314761790520002,9.19629364456,11.43322993648,6.95935735264,6.95935735264,11.43322993648,10.314761790520002,8.077825498600001,9.19629364456,8.077825498600001,6.95935735264,8.077825498600001,5.840889206680001,4.72242106072,8.077825498600001,5.840889206680001,5.840889206680001,6.95935735264,4.72242106072,4.72242106072,5.840889206680001,0.0,3.3554044378800003,0.0
2333,4.72242106072,3.3554044378800003,4.72242106072,0.0,3.3554044378800003,4.72242106072,3.3554044378800003,0.0,3.3554044378800003,0.0,0.0,3.3554044378800003,4.72242106072,1.11846814596,4.72242106072,5.840889206680001,8.077825498600001,5.840889206680001,3.3554044378800003,5.840889206680001,5.840889206680001,3.3554044378800003,4.72242106072,6.95935735264
2334,8.077825498600001,10.314761790520002,6.95935735264,8.077825498600001,10.314761790520002,11.43322993648,8.077825498600001,11.43322993648,8.077825498600001,8.077825498600001,10.314761790520002,9.19629364456,12.7381094401,9.19629364456,11.43322993648,12.7381094401,8.077825498600001,10.314761790520002,10.314761790520002,8.077825498600001,9.19629364456,6.95935735264,5.840889206680001,4.72242106072
2335,0.0,5.840889206680001,3.3554044378800003,0.0,0.0,3.3554044378800003,3.3554044378800003,3.3554044378800003,0.0,5.840889206680001,4.72242106072,4.72242106072,4.72242106072,4.72242106072,0.0,3.3554044378800003,3.3554044378800003,0.0,3.3554044378800003,4.72242106072,0.0,6.95935735264,4.72242106072,4.72242106072
2336,6.95935735264,6.95935735264,5.840889206680001,0.0,0.0,8.077825498600001,4.72242106072,8.077825498600001,9.19629364456,8.077825498600001,9.19629364456,6.95935735264,12.241012486340002,5.840889206680001,6.95935735264,3.3554044378800003,5.840889206680001,9.25843076378,4.72242106072,4.72242106072,4.72242106072,8.077825498600001,18.3304501699,6.95935735264
2337,12.7381094401,11.43322993648,14.975045732020002,12.7381094401,12.7381094401,12.7381094401,10.314761790520002,8.077825498600001,10.314761790520002,5.840889206680001,8.077825498600001,8.077825498600001,9.19629364456,9.19629364456,9.19629364456,10.314761790520002,10.314761790520002,9.19629364456,10.314761790520002,8.077825498600001,9.19629364456,12.7381094401,12.7381094401,11.43322993648
2338,0.0,5.840889206680001,4.72242106072,0.0,3.3554044378800003,0.0,0.0,0.0,0.0,0.0,0.0,0.0,0.0,0.0,5.840889206680001,5.840889206680001,5.840889206680001,6.95935735264,11.122544340380001,11.43322993648,12.675972320880001,12.675972320880001,11.06040722116,0.0
2339,6.95935735264,8.077825498600001,9.19629364456,8.077825498600001,6.95935735264,6.95935735264,9.19629364456,6.95935735264,13.856577586060002,16.09351387798,12.7381094401,9.19629364456,13.856577586060002,14.975045732020002,13.856577586060002,11.43322993648,14.975045732020002,13.856577586060002,10.314761790520002,11.43322993648,9.19629364456,8.077825498600001,8.077825498600001,3.3554044378800003
2340,6.213711922000001,3.3554044378800003,0.0,6.503685145026668,6.95935735264,7.228618202593334,4.556722076133334,8.077825498600001,5.840889206680001,5.840889206680001,4.72242106072,4.72242106072,0.0,5.840889206680001,0.0,10.74972162506,17.253406770086666,10.314761790520002,10.314761790520002,13.856577586060002,16.09351387798,20.8159349387,11.43322993648,19.697466792740002
2341,3.3554044378800003,0.0,4.72242106072,3.3554044378800003,0.0,0.0,0.0,0.0,0.0,0.0,0.0,0.0,3.3554044378800003,0.0,0.0,0.0,0.0,4.72242106072,4.72242106072,5.840889206680001,3.3554044378800003,4.72242106072,0.0,0.0
2342,0.0,0.0,0.0,0.0,0.0,0.0,0.0,0.0,0.0,0.0,0.0,0.0,0.0,0.0,4.72242106072,0.0,3.3554044378800003,0.0,3.3554044378800003,0.0,3.3554044378800003,3.3554044378800003,0.0,3.3554044378800003
2343,0.0,0.0,3.3554044378800003,0.0,3.3554044378800003,5.840889206680001,5.840889206680001,5.840889206680001,5.840889206680001,8.077825498600001,8.077825498600001,5.840889206680001,3.3554044378800003,0.0,0.0,0.0,0.0,0.0,0.0,0.0,3.3554044378800003,3.3554044378800003,3.3554044378800003,0.0
2344,1.9262506958200003,3.0447188417800004,4.1631869877400005,3.500391049393334,6.565822264246667,3.8732137647133342,1.5327156074266668,1.5327156074266668,1.5327156074266668,1.1391805190333335,3.831789018566667,1.1391805190333335,1.1391805190333335,1.1391805190333335,1.1391805190333335,2.340498157286667,1.1391805190333335,3.4589663032466667,0.7663578037133334,1.1391805190333335,2.2576486649933334,2.2576486649933334,4.6602839415,3.7696518993466674
2345,0.0,1.11846814596,0.0,0.0,0.0,0.0,0.0,0.0,0.0,0.0,6.95935735264,0.0,0.0,0.0,0.0,0.0,0.0,0.0,1.11846814596,5.840889206680001,3.0654312148533336,0.0,0.0,0.0
2346,1.2427423844,2.23693629192,0.0,1.11846814596,2.6926084995333337,0.0,4.72242106072,0.0,0.0,0.0,0.0,0.0,8.077825498600001,0.0,0.0,3.3554044378800003,4.72242106072,3.3554044378800003,4.72242106072,3.3554044378800003,0.0,0.0,0.0,0.0
2347,0.0,0.0,4.72242106072,0.0,0.0,0.0,0.0,0.0,3.3554044378800003,0.0,6.95935735264,0.0,3.3554044378800003,0.0,0.0,3.3554044378800003,5.840889206680001,6.95935735264,6.95935735264,8.077825498600001,9.19629364456,8.077825498600001,8.077825498600001,5.840889206680001
2348,0.0,0.0,0.0,0.0,0.0,0.0,0.0,0.0,0.0,0.0,0.0,0.0,0.0,0.0,4.72242106072,0.0,0.0,5.840889206680001,3.3554044378800003,0.0,0.0,3.3554044378800003,0.0,0.0
2349,3.0654312148533336,5.840889206680001,5.840889206680001,3.3554044378800003,3.0654312148533336,0.0,0.0,0.0,0.0,0.0,0.0,0.0,4.72242106072,3.3554044378800003,3.3554044378800003,3.3554044378800003,3.3554044378800003,4.72242106072,3.3554044378800003,3.3554044378800003,0.0,4.72242106072,0.0,0.0
2350,14.843867369222224,13.47685074638222,10.956845355793334,12.820958932393333,13.069507409273335,11.99246400946,10.218104049511112,10.84637936606889,12.793342434962222,13.062603284915554,10.722105127628888,12.917616673402222,10.929228858362222,14.995758105093335,16.487048966373333,12.717397067026667,11.626545418497779,17.667654231553332,19.158945092833335,18.42020378655111,18.572094522422223,15.50666330756889,16.27992523564,14.436524032113333
2351,10.314761790520002,12.7381094401,9.19629364456,9.19629364456,11.43322993648,11.43322993648,10.314761790520002,11.43322993648,10.314761790520002,10.314761790520002,12.7381094401,12.7381094401,12.7381094401,10.314761790520002,9.19629364456,8.077825498600001,8.077825498600001,8.077825498600001,0.0,6.95935735264,11.43322993648,8.077825498600001,4.72242106072,11.43322993648
2352,1.11846814596,5.012394283746667,3.1482807071466667,2.3197857842133334,3.4382539301733335,3.8939261377866665,6.959357352640001,6.9593573526400005,5.468066491360001,5.840889206680001,2.3197857842133334,3.0654312148533336,1.5741403535733334,1.5741403535733334,0.0,3.0654312148533336,2.6926084995333337,3.438253930173334,5.468066491360001,5.840889206680001,5.758039714386666,5.840889206680001,3.5211034224666675,1.11846814596
2353,10.314761790520002,10.314761790520002,13.856577586060002,14.975045732020002,16.09351387798,12.7381094401,9.19629364456,8.077825498600001,9.19629364456,9.19629364456,10.314761790520002,8.077825498600001,11.43322993648,12.7381094401,14.975045732020002,13.856577586060002,14.975045732020002,12.7381094401,13.856577586060002,12.7381094401,12.7381094401,6.95935735264,8.077825498600001,6.95935735264
2354,2.6926084995333337,2.23693629192,3.5211034224666675,4.72242106072,4.72242106072,5.840889206680001,5.840889206680001,4.72242106072,5.840889206680001,5.840889206680001,8.077825498600001,6.95935735264,8.077825498600001,10.314761790520002,8.077825498600001,8.077825498600001,8.077825498600001,12.7381094401,14.975045732020002,14.975045732020002,11.43322993648,13.856577586060002,10.314761790520002,9.19629364456
2355,9.19629364456,6.9593573526400005,1.9469630688933337,2.6926084995333337,1.5741403535733334,2.6926084995333337,1.5741403535733334,1.5741403535733334,2.3197857842133334,4.556722076133333,4.266748853106667,3.438253930173334,3.438253930173334,1.9469630688933337,1.11846814596,4.266748853106667,1.11846814596,2.3197857842133334,1.5741403535733334,4.639571568426667,5.758039714386666,3.3554044378800003,8.077825498600001,11.868189771019999
2356,2.6926084995333337,0.0,1.9469630688933337,4.183899360813334,5.758039714386666,6.58653463732,6.876507860346668,4.639571568426667,5.385216999066667,3.0654312148533336,1.5741403535733334,1.11846814596,1.5741403535733334,1.5741403535733334,0.0,2.6926084995333337,2.23693629192,3.811076645493334,1.11846814596,4.266748853106667,4.183899360813334,5.468066491360001,2.6926084995333337,0.0
2357,10.004076194420001,12.675972320880001,11.930326890240002,10.004076194420001,10.376898909740001,8.0778254986,11.557504174920004,10.749721625060003,8.82347092924,9.25843076378,7.70500278328,9.19629364456,8.077825498600001,7.705002783280001,8.45064821392,8.077825498600001,10.31476179052,8.82347092924,8.450648213920003,6.586534637320001,6.876507860346667,4.639571568426668,4.183899360813334,5.909930450257778
2358,12.7381094401,11.43322993648,8.077825498600001,13.856577586060002,11.43322993648,11.43322993648,12.7381094401,8.077825498600001,5.840889206680001,6.95935735264,8.077825498600001,10.314761790520002,9.19629364456,6.95935735264,5.840889206680001,8.077825498600001,5.840889206680001,6.95935735264,4.72242106072,8.077825498600001,8.077825498600001,6.95935735264,5.840889206680001,4.72242106072
2359,11.122544340380001,10.31476179052,10.74972162506,9.941939075200002,8.82347092924,10.004076194420001,8.82347092924,8.077825498600001,8.077825498600001,7.33218006796,7.70500278328,8.0778254986,8.45064821392,6.58653463732,4.639571568426668,6.58653463732,5.840889206680001,5.840889206680001,7.705002783280001,4.639571568426667,6.58653463732,5.385216999066667,2.6926084995333337,10.004076194420001
2360,12.7381094401,9.19629364456,13.856577586060002,9.19629364456,9.19629364456,10.314761790520002,9.19629364456,8.077825498600001,10.314761790520002,5.840889206680001,8.077825498600001,9.19629364456,12.7381094401,6.95935735264,8.077825498600001,9.19629364456,9.19629364456,10.314761790520002,8.077825498600001,6.95935735264,0.0,4.72242106072,3.3554044378800003,3.3554044378800003
2361,14.975045732020002,11.930326890240002,12.61383520166,10.376898909740001,11.930326890240002,11.122544340380003,10.376898909740001,9.56911635988,8.82347092924,10.00407619442,11.122544340380003,11.1846814596,9.196293644559999,8.450648213920001,10.68758450584,11.122544340380003,11.495367055700001,10.376898909740001,8.077825498600001,5.012394283746667,5.468066491360001,6.9593573526400005,5.095243776040001,5.840889206680001
2362,5.758039714386666,6.938644979566668,6.192999548926667,4.929544791453334,4.991681910673334,6.110150056633334,6.565822264246667,4.618859195353334,3.8732137647133342,6.02730056434,3.8732137647133342,5.0745314029666675,6.4829727719533325,5.447354118286667,5.7373273413133345,4.618859195353334,5.364504625993334,4.929544791453334,2.278361038066667,4.667188065857778,2.651183753386667,3.748939526273334,2.713320872606667,4.1631869877400005
2363,10.74972162506,9.56911635988,11.122544340380001,9.25843076378,11.495367055700001,9.56911635988,9.631253479100002,9.19629364456,10.74972162506,8.077825498600001,9.19629364456,8.88560804846,7.33218006796,5.840889206680001,6.586534637320001,5.468066491360001,6.503685145026668,4.639571568426668,6.503685145026666,5.385216999066667,6.213711922000002,6.130862429706667,0.0,0.0
2364,9.19629364456,9.19629364456,10.314761790520002,11.43322993648,9.19629364456,8.077825498600001,8.077825498600001,9.19629364456,9.19629364456,6.95935735264,9.19629364456,5.840889206680001,3.3554044378800003,6.95935735264,6.95935735264,4.72242106072,6.95935735264,3.3554044378800003,6.95935735264,0.0,0.0,0.0,0.0,4.72242106072
2365,5.840889206680001,5.840889206680001,10.314761790520002,8.077825498600001,12.7381094401,16.09351387798,6.95935735264,17.21198202394,10.314761790520002,14.975045732020002,16.09351387798,8.88560804846,17.21198202394,13.856577586060002,13.856577586060002,10.314761790520002,14.975045732020002,11.43322993648,4.72242106072,3.3554044378800003,0.0,5.840889206680001,6.95935735264,8.077825498600001
2366,8.077825498600001,9.19629364456,4.72242106072,6.95935735264,4.72242106072,4.72242106072,3.3554044378800003,0.0,0.0,0.0,3.3554044378800003,3.3554044378800003,3.3554044378800003,0.0,0.0,3.3554044378800003,0.0,3.3554044378800003,3.0654312148533336,4.72242106072,4.72242106072,0.0,0.0,0.0
2367,4.72242106072,4.72242106072,4.72242106072,4.72242106072,6.95935735264,3.3554044378800003,3.3554044378800003,0.0,0.0,0.0,3.3554044378800003,4.72242106072,5.840889206680001,5.840889206680001,5.840889206680001,4.72242106072,8.077825498600001,8.077825498600001,11.43322993648,13.856577586060002,12.7381094401,10.314761790520002,9.19629364456,8.077825498600001
2368,0.0,0.0,0.0,0.0,3.3554044378800003,0.0,0.0,0.0,0.0,0.0,3.3554044378800003,6.95935735264,0.0,4.72242106072,3.3554044378800003,3.3554044378800003,3.3554044378800003,0.0,0.0,0.0,0.0,0.0,0.0,0.0
2369,3.3554044378800003,5.840889206680001,6.95935735264,0.0,5.840889206680001,4.72242106072,4.72242106072,3.3554044378800003,3.3554044378800003,3.3554044378800003,6.95935735264,4.72242106072,5.840889206680001,8.077825498600001,4.72242106072,5.840889206680001,5.840889206680001,5.840889206680001,4.72242106072,3.3554044378800003,5.840889206680001,6.95935735264,3.3554044378800003,3.3554044378800003
2370,0.0,0.0,0.0,0.0,0.0,0.0,0.0,3.3554044378800003,0.0,3.3554044378800003,3.3554044378800003,0.0,3.3554044378800003,0.0,0.0,0.0,0.0,0.0,0.0,4.72242106072,3.3554044378800003,3.3554044378800003,0.0,3.1482807071466667
2371,4.72242106072,4.72242106072,10.314761790520002,9.19629364456,8.077825498600001,10.314761790520002,9.19629364456,10.314761790520002,17.21198202394,13.856577586060002,17.21198202394,16.09351387798,10.314761790520002,9.19629364456,6.95935735264,12.7381094401,11.43322993648,14.975045732020002,17.21198202394,16.09351387798,16.09351387798,16.09351387798,8.077825498600001,4.72242106072
2372,11.43322993648,9.19629364456,10.314761790520002,11.43322993648,8.077825498600001,8.077825498600001,9.19629364456,0.0,3.3554044378800003,0.0,4.72242106072,0.0,6.95935735264,4.72242106072,3.3554044378800003,3.3554044378800003,0.0,0.0,0.0,4.72242106072,0.0,5.840889206680001,5.840889206680001,3.3554044378800003
2373,0.0,0.0,3.3554044378800003,5.840889206680001,0.0,3.3554044378800003,3.3554044378800003,6.95935735264,10.314761790520002,6.95935735264,8.077825498600001,12.7381094401,9.19629364456,8.077825498600001,9.19629364456,5.840889206680001,6.95935735264,3.3554044378800003,6.95935735264,6.95935735264,6.95935735264,4.72242106072,3.3554044378800003,0.0
2374,3.3554044378800003,0.0,0.0,5.840889206680001,4.72242106072,0.0,0.0,0.0,8.077825498600001,5.840889206680001,0.0,6.95935735264,3.3554044378800003,8.077825498600001,0.0,4.72242106072,0.0,4.72242106072,0.0,0.0,6.95935735264,17.21198202394,16.09351387798,16.09351387798
2375,13.856577586060002,12.7381094401,10.314761790520002,9.19629364456,10.314761790520002,10.314761790520002,9.19629364456,9.19629364456,10.314761790520002,10.314761790520002,13.856577586060002,14.975045732020002,9.19629364456,9.19629364456,9.19629364456,11.43322993648,11.43322993648,10.314761790520002,6.95935735264,4.72242106072,4.72242106072,5.840889206680001,5.840889206680001,5.840889206680001
2376,7.33218006796,6.938644979566668,7.705002783280001,7.70500278328,7.3321800679599995,8.45064821392,5.758039714386668,4.183899360813334,1.11846814596,0.0,2.6926084995333337,4.266748853106667,5.012394283746667,4.639571568426668,4.266748853106667,6.9593573526400005,5.012394283746667,5.468066491360001,5.09524377604,5.468066491360001,4.266748853106667,3.811076645493334,2.23693629192,0.0
2377,0.0,5.840889206680001,4.72242106072,0.0,3.3554044378800003,4.72242106072,5.840889206680001,5.840889206680001,5.840889206680001,5.840889206680001,6.95935735264,3.3554044378800003,4.72242106072,4.72242106072,0.0,5.840889206680001,4.72242106072,10.314761790520002,6.95935735264,4.72242106072,3.3554044378800003,6.95935735264,5.840889206680001,0.0
2378,11.43322993648,11.43322993648,13.856577586060002,12.7381094401,10.314761790520002,11.43322993648,12.7381094401,14.975045732020002,9.19629364456,9.19629364456,10.314761790520002,10.314761790520002,9.19629364456,10.314761790520002,6.95935735264,9.19629364456,6.95935735264,9.19629364456,13.856577586060002,16.09351387798,11.43322993648,9.19629364456,6.95935735264,6.95935735264
2379,4.9571612888844445,4.639571568426668,3.5211034224666675,6.558918139888889,1.9469630688933337,2.471676520084445,1.5741403535733334,1.5741403535733334,0.0,3.0654312148533336,3.4382539301733335,3.5211034224666675,5.840889206680001,0.0,4.72242106072,4.72242106072,5.385216999066667,5.3852169990666665,5.840889206680001,5.840889206680001,8.450648213920001,8.077825498600001,7.705002783280001,5.840889206680001
2380,10.998270101940001,8.284949229333334,7.622153290986667,7.000782098786668,6.793658368053333,5.178093268333334,4.805270553013334,3.7282271532,3.4796786763200003,2.1955115457733334,2.23693629192,1.11846814596,1.9469630688933333,2.6926084995333337,3.0654312148533336,1.4912908612800002,0.8284949229333334,2.5683342610933333,2.8168827379733337,3.3554044378800003,4.8881200453066675,3.9353508839333338,3.3554044378800003,1.7812640843066667
2381,18.3304501699,18.3304501699,14.975045732020002,14.975045732020002,13.856577586060002,13.856577586060002,12.7381094401,18.3304501699,11.43322993648,12.7381094401,16.09351387798,16.09351387798,17.21198202394,20.8159349387,21.934403084659998,23.052871230620003,25.289807522540002,25.289807522540002,25.289807522540002,20.8159349387,20.8159349387,10.314761790520002,3.3554044378800003,6.95935735264
2382,6.95935735264,8.077825498600001,8.077825498600001,8.077825498600001,6.95935735264,4.72242106072,5.840889206680001,5.840889206680001,5.840889206680001,9.19629364456,9.19629364456,3.3554044378800003,4.72242106072,5.840889206680001,4.72242106072,0.0,0.0,4.72242106072,4.72242106072,3.3554044378800003,0.0,3.3554044378800003,3.3554044378800003,3.3554044378800003
2383,3.3554044378800003,0.0,4.72242106072,0.0,0.0,0.0,0.0,0.0,5.840889206680001,0.0,0.0,3.3554044378800003,3.3554044378800003,3.3554044378800003,4.72242106072,4.72242106072,3.3554044378800003,3.3554044378800003,4.72242106072,3.3554044378800003,0.0,4.72242106072,5.840889206680001,0.0
2384,9.19629364456,8.077825498600001,8.077825498600001,6.95935735264,4.72242106072,4.72242106072,4.72242106072,6.95935735264,0.0,0.0,0.0,3.3554044378800003,5.840889206680001,5.840889206680001,4.72242106072,6.95935735264,3.3554044378800003,0.0,0.0,0.0,3.3554044378800003,0.0,0.0,0.0
2385,0.0,0.0,0.0,0.0,0.0,0.0,0.0,4.72242106072,8.077825498600001,0.0,0.0,0.0,0.0,0.0,0.0,0.0,0.0,4.72242106072,3.3554044378800003,4.72242106072,0.0,0.0,0.0,0.0
2386,8.077825498600001,6.95935735264,6.95935735264,5.840889206680001,4.72242106072,3.3554044378800003,3.3554044378800003,0.0,0.0,3.3554044378800003,0.0,0.0,0.0,0.0,9.19629364456,13.856577586060002,13.856577586060002,11.43322993648,10.314761790520002,10.314761790520002,11.43322993648,11.43322993648,10.314761790520002,9.19629364456
2387,12.7381094401,12.7381094401,13.856577586060002,9.19629364456,10.314761790520002,8.077825498600001,9.19629364456,6.95935735264,9.19629364456,6.95935735264,10.314761790520002,9.19629364456,9.19629364456,4.72242106072,4.72242106072,8.077825498600001,9.19629364456,10.314761790520002,8.077825498600001,9.19629364456,5.840889206680001,5.840889206680001,6.95935735264,5.840889206680001
2388,3.617761163475555,4.363406594115556,2.9687734738444447,3.990583878795556,5.840889206680001,6.710808875759999,6.627959383466667,5.875409828468889,3.030910593064444,8.3885110947,3.2794590699444446,2.761649743111111,10.024788567493333,5.03310665682,6.938644979566668,5.468066491360001,5.191901517048889,1.9469630688933337,3.617761163475556,6.172287175853334,10.107638059786666,7.739523405068891,5.75113559002889,7.822372897362224
2389,0.0,0.0,0.0,0.0,0.0,0.0,0.0,0.0,0.0,0.0,0.0,0.0,0.0,9.19629364456,0.0,0.0,0.0,0.0,0.0,0.0,0.0,0.0,0.0,0.0
2390,11.43322993648,10.314761790520002,6.95935735264,6.95935735264,9.19629364456,11.43322993648,9.19629364456,11.43322993648,12.7381094401,11.495367055700001,17.21198202394,14.975045732020002,14.975045732020002,14.975045732020002,16.09351387798,16.09351387798,18.3304501699,17.21198202394,16.09351387798,16.09351387798,14.975045732020002,13.856577586060002,13.856577586060002,10.314761790520002
2391,8.82347092924,5.758039714386666,2.6926084995333337,0.0,1.9469630688933337,0.0,1.11846814596,0.0,0.0,3.4382539301733335,2.6926084995333337,1.11846814596,1.5741403535733334,1.5741403535733334,0.0,1.5741403535733334,1.11846814596,3.1482807071466667,1.9469630688933337,4.639571568426668,3.811076645493334,6.876507860346668,6.9593573526400005,6.9593573526400005
2392,9.19629364456,16.09351387798,14.975045732020002,17.21198202394,18.3304501699,18.3304501699,18.3304501699,16.09351387798,14.975045732020002,13.856577586060002,14.975045732020002,18.3304501699,16.09351387798,14.975045732020002,16.09351387798,16.09351387798,16.09351387798,18.3304501699,17.21198202394,13.856577586060002,16.09351387798,14.975045732020002,12.7381094401,13.856577586060002
2393,0.0,0.0,0.0,0.0,0.0,0.0,0.0,3.3554044378800003,0.0,0.0,0.0,0.0,0.0,0.0,0.0,0.0,0.0,0.0,0.0,0.0,0.0,0.0,0.0,0.0
2394,3.3554044378800003,4.72242106072,4.72242106072,5.840889206680001,4.72242106072,4.72242106072,3.3554044378800003,5.840889206680001,4.72242106072,0.0,4.72242106072,0.0,0.0,0.0,0.0,4.72242106072,4.72242106072,6.95935735264,6.95935735264,6.95935735264,9.19629364456,5.840889206680001,5.840889206680001,4.72242106072
2395,14.975045732020002,19.697466792740002,20.8159349387,17.21198202394,20.8159349387,16.09351387798,16.09351387798,14.975045732020002,6.95935735264,21.934403084659998,16.09351387798,18.3304501699,5.840889206680001,17.21198202394,23.052871230620003,17.21198202394,19.697466792740002,19.697466792740002,27.713155172120004,20.8159349387,16.09351387798,24.17133937658,5.840889206680001,11.43322993648
2396,0.0,0.0,0.0,0.0,0.0,0.0,0.0,0.0,0.0,0.0,0.0,0.0,3.3554044378800003,0.0,0.0,3.3554044378800003,3.3554044378800003,3.3554044378800003,3.3554044378800003,4.72242106072,4.72242106072,3.3554044378800003,0.0,4.72242106072
2397,12.7381094401,10.314761790520002,10.314761790520002,14.975045732020002,8.077825498600001,9.19629364456,10.314761790520002,11.43322993648,10.314761790520002,10.314761790520002,10.314761790520002,11.43322993648,9.19629364456,5.840889206680001,8.077825498600001,4.72242106072,3.3554044378800003,5.840889206680001,6.95935735264,10.314761790520002,4.72242106072,8.077825498600001,4.72242106072,0.0
2398,13.856577586060002,10.314761790520002,12.7381094401,14.975045732020002,13.856577586060002,17.21198202394,16.09351387798,20.8159349387,19.697466792740002,13.856577586060002,11.43322993648,14.975045732020002,13.856577586060002,13.856577586060002,17.21198202394,16.09351387798,17.21198202394,18.3304501699,18.3304501699,18.3304501699,16.09351387798,13.856577586060002,14.975045732020002,14.975045732020002
2399,0.0,0.0,0.0,0.0,0.0,0.0,0.0,0.0,0.0,0.0,0.0,0.0,0.0,0.0,0.0,0.0,0.0,0.0,4.72242106072,5.840889206680001,4.72242106072,0.0,0.0,0.0
2400,11.495367055700001,12.241012486340002,10.31476179052,10.314761790520002,8.45064821392,9.941939075199999,6.503685145026668,7.33218006796,8.45064821392,8.0778254986,8.077825498600001,7.70500278328,8.82347092924,6.876507860346667,8.367798721626668,8.450648213920001,6.213711922000001,6.9593573526400005,8.077825498600001,8.88560804846,10.00407619442,13.877289959133336,18.413299662193335,19.15894509283333
2401,3.0654312148533336,3.8110766454933334,0.0,0.0,0.0,0.0,4.556722076133333,0.0,0.0,0.0,5.840889206680001,0.0,0.0,0.0,1.11846814596,5.3852169990666665,0.0,0.0,4.618859195353334,0.0,1.11846814596,2.6926084995333337,6.1101500566333335,11.43322993648
2402,8.077825498600001,6.95935735264,8.077825498600001,6.95935735264,6.95935735264,5.840889206680001,8.077825498600001,5.840889206680001,8.077825498600001,8.077825498600001,8.077825498600001,8.077825498600001,6.95935735264,3.3554044378800003,0.0,0.0,0.0,0.0,5.840889206680001,4.72242106072,0.0,4.72242106072,5.840889206680001,6.95935735264
2403,5.840889206680001,6.95935735264,5.840889206680001,6.95935735264,3.3554044378800003,0.0,3.3554044378800003,0.0,3.3554044378800003,0.0,4.72242106072,3.3554044378800003,3.3554044378800003,5.840889206680001,3.3554044378800003,5.840889206680001,5.840889206680001,0.0,3.3554044378800003,3.3554044378800003,6.95935735264,9.19629364456,6.95935735264,8.077825498600001
2404,0.0,0.0,0.0,1.11846814596,0.0,0.0,0.0,0.0,1.11846814596,0.0,0.0,0.0,1.11846814596,0.0,1.9469630688933337,1.11846814596,0.0,0.0,0.0,1.9469630688933337,1.5741403535733334,1.11846814596,1.11846814596,0.0
2405,0.0,3.3554044378800003,5.840889206680001,0.0,5.840889206680001,9.19629364456,9.19629364456,10.314761790520002,13.856577586060002,16.09351387798,17.21198202394,10.314761790520002,11.43322993648,8.077825498600001,9.19629364456,9.19629364456,11.43322993648,11.43322993648,12.7381094401,10.314761790520002,12.7381094401,11.43322993648,4.72242106072,0.0
2406,6.95935735264,3.3554044378800003,4.72242106072,5.840889206680001,3.3554044378800003,0.0,0.0,0.0,0.0,0.0,0.0,3.3554044378800003,4.72242106072,3.3554044378800003,0.0,4.72242106072,8.077825498600001,9.19629364456,9.19629364456,5.840889206680001,5.840889206680001,4.72242106072,3.3554044378800003,0.0
2407,4.9571612888844445,0.0,0.0,6.558918139888889,0.0,0.0,0.0,0.0,0.0,0.0,0.0,0.0,3.3554044378800003,5.840889206680001,5.840889206680001,4.72242106072,3.3554044378800003,3.3554044378800003,4.72242106072,6.95935735264,5.840889206680001,5.840889206680001,5.840889206680001,4.72242106072
2408,0.0,4.72242106072,4.72242106072,3.3554044378800003,4.72242106072,3.3554044378800003,0.0,3.3554044378800003,0.0,4.72242106072,4.72242106072,3.3554044378800003,4.72242106072,4.72242106072,5.840889206680001,8.077825498600001,10.314761790520002,12.7381094401,10.314761790520002,12.7381094401,9.19629364456,5.840889206680001,10.314761790520002,5.840889206680001
2409,3.3554044378800003,3.3554044378800003,3.3554044378800003,0.0,0.0,0.0,0.0,0.0,0.0,0.0,4.72242106072,3.3554044378800003,0.0,3.3554044378800003,0.0,4.72242106072,0.0,3.3554044378800003,4.72242106072,6.95935735264,9.19629364456,5.840889206680001,8.077825498600001,3.3554044378800003
2410,0.0,3.3554044378800003,0.0,4.72242106072,3.3554044378800003,3.3554044378800003,3.3554044378800003,0.0,3.3554044378800003,0.0,4.72242106072,0.0,3.3554044378800003,4.72242106072,0.0,0.0,0.0,4.72242106072,3.3554044378800003,4.72242106072,3.3554044378800003,0.0,3.3554044378800003,11.43322993648
2411,8.077825498600001,10.314761790520002,8.077825498600001,5.840889206680001,8.077825498600001,6.95935735264,6.95935735264,8.077825498600001,8.077825498600001,8.077825498600001,8.077825498600001,9.19629364456,9.19629364456,4.72242106072,6.95935735264,0.0,0.0,4.72242106072,0.0,4.72242106072,0.0,8.077825498600001,9.19629364456,5.840889206680001
2412,5.840889206680001,5.840889206680001,9.19629364456,5.840889206680001,9.19629364456,8.077825498600001,9.19629364456,5.840889206680001,4.72242106072,14.975045732020002,10.314761790520002,3.3554044378800003,6.95935735264,16.09351387798,10.314761790520002,21.934403084659998,5.840889206680001,16.09351387798,6.95935735264,16.09351387798,4.72242106072,13.856577586060002,5.840889206680001,14.975045732020002
2413,6.95935735264,9.19629364456,10.314761790520002,10.314761790520002,12.7381094401,14.975045732020002,10.314761790520002,10.314761790520002,9.19629364456,10.314761790520002,17.21198202394,17.21198202394,16.09351387798,16.09351387798,13.856577586060002,19.697466792740002,25.289807522540002,34.42396404788,24.17133937658,27.713155172120004,23.052871230620003,21.934403084659998,24.17133937658,20.8159349387
2414,3.3554044378800003,3.3554044378800003,6.95935735264,4.72242106072,5.840889206680001,8.077825498600001,8.077825498600001,6.95935735264,6.95935735264,9.19629364456,8.077825498600001,5.840889206680001,6.95935735264,8.077825498600001,3.3554044378800003,3.3554044378800003,3.3554044378800003,4.72242106072,4.72242106072,5.840889206680001,3.3554044378800003,3.3554044378800003,0.0,0.0
2415,1.11846814596,2.23693629192,1.11846814596,3.3554044378800003,3.1482807071466667,0.0,0.0,0.0,1.11846814596,0.0,1.11846814596,0.0,0.0,2.23693629192,1.5741403535733334,2.6926084995333337,4.639571568426667,5.84088920668,6.213711922000001,5.758039714386666,6.58653463732,4.266748853106667,5.095243776040001,5.095243776040001
2416,8.077825498600001,6.95935735264,8.077825498600001,0.0,4.72242106072,3.3554044378800003,5.840889206680001,6.95935735264,3.3554044378800003,4.72242106072,3.3554044378800003,5.840889206680001,5.840889206680001,5.840889206680001,6.95935735264,4.72242106072,4.72242106072,6.95935735264,0.0,3.3554044378800003,4.72242106072,3.3554044378800003,0.0,0.0
2417,3.8939261377866665,6.213711922000001,5.09524377604,5.468066491360001,3.0654312148533336,5.385216999066667,4.266748853106667,4.266748853106667,3.5211034224666675,1.5741403535733334,3.1482807071466667,6.503685145026668,4.929544791453334,2.3197857842133334,2.6926084995333337,3.0654312148533336,2.6926084995333337,6.075629434844445,4.246036480033333,3.8110766454933334,3.8939261377866665,6.130862429706667,6.9593573526400005,8.82347092924
2418,9.19629364456,6.95935735264,8.077825498600001,10.314761790520002,9.19629364456,9.19629364456,10.314761790520002,10.314761790520002,13.856577586060002,6.95935735264,6.95935735264,3.3554044378800003,0.0,3.3554044378800003,0.0,8.077825498600001,6.95935735264,9.19629364456,9.19629364456,9.19629364456,11.43322993648,10.314761790520002,5.840889206680001,5.840889206680001
2419,10.314761790520002,9.19629364456,9.19629364456,6.95935735264,8.077825498600001,6.95935735264,9.19629364456,8.077825498600001,8.077825498600001,6.95935735264,4.72242106072,5.840889206680001,9.19629364456,5.840889206680001,4.72242106072,3.3554044378800003,4.72242106072,0.0,4.72242106072,4.72242106072,5.840889206680001,3.3554044378800003,3.3554044378800003,3.3554044378800003
2420,2.23693629192,3.0654312148533336,4.72242106072,5.840889206680001,4.72242106072,4.72242106072,6.95935735264,8.077825498600001,5.840889206680001,5.840889206680001,0.0,4.72242106072,0.0,0.0,3.0654312148533336,8.077825498600001,8.82347092924,9.19629364456,9.941939075200002,9.19629364456,7.33218006796,5.840889206680001,4.266748853106667,4.183899360813334
2421,7.311467694886667,6.9593573526400005,5.758039714386666,3.1482807071466667,3.4382539301733335,1.5741403535733334,0.0,1.11846814596,3.0654312148533336,2.6926084995333337,3.5211034224666675,5.758039714386666,4.266748853106667,4.266748853106667,3.4382539301733335,6.213711922000001,2.6926084995333337,4.266748853106667,5.385216999066667,5.0123942837466675,5.3852169990666665,3.8939261377866665,3.0654312148533336,5.385216999066667
2422,5.840889206680001,8.077825498600001,10.314761790520002,13.856577586060002,12.7381094401,13.856577586060002,12.7381094401,14.975045732020002,17.21198202394,11.43322993648,16.09351387798,13.856577586060002,19.697466792740002,20.8159349387,10.314761790520002,14.975045732020002,17.21198202394,16.09351387798,18.3304501699,17.21198202394,14.975045732020002,16.09351387798,5.840889206680001,20.8159349387
2423,8.512785333140002,8.82347092924,7.249330575666668,6.130862429706667,6.876507860346668,4.556722076133334,3.811076645493334,4.266748853106667,6.58653463732,2.6926084995333337,6.565822264246667,7.33218006796,4.929544791453334,3.811076645493334,4.556722076133334,6.58653463732,1.11846814596,3.811076645493334,6.130862429706667,8.450648213920003,9.6312534791,8.429935840846667,7.705002783280001,8.82347092924
2424,8.51278533314,7.622153290986668,7.249330575666668,6.130862429706667,6.876507860346668,4.556722076133334,3.811076645493334,4.266748853106667,6.58653463732,2.6926084995333337,6.565822264246667,7.33218006796,4.929544791453334,3.8110766454933334,4.556722076133334,6.130862429706667,1.11846814596,3.811076645493334,6.130862429706667,8.450648213920003,9.6312534791,8.429935840846667,7.705002783280001,8.82347092924
2425,24.150627003506667,27.651018052900003,24.958409553366668,21.47873087704667,24.58558683804667,20.36026273108667,24.212764122726668,25.72476735708,28.417375856613337,17.294831516233334,20.733085446406665,20.733085446406665,22.659336142226664,16.09351387798,14.250112674453334,14.16726318216,8.429935840846667,12.675972320880001,12.303149605560002,13.794440466840001,13.877289959133336,9.19629364456,10.356186536666668,14.167263182160001
2426,0.0,3.8110766454933334,4.639571568426668,4.639571568426667,2.6926084995333337,3.5211034224666675,1.11846814596,2.6926084995333337,4.183899360813334,2.6926084995333337,3.4382539301733335,0.0,3.0654312148533336,3.1482807071466667,1.11846814596,1.5741403535733334,0.0,1.11846814596,1.11846814596,1.5741403535733334,1.11846814596,2.23693629192,1.5741403535733334,5.095243776040001
2427,1.9469630688933337,3.0654312148533336,6.58653463732,3.8939261377866665,1.9469630688933337,3.0654312148533336,2.6926084995333337,4.183899360813334,2.3197857842133334,5.0123942837466675,5.758039714386666,3.5211034224666675,5.385216999066667,6.130862429706667,8.802758556166667,13.877289959133336,11.847477397946667,11.122544340380003,11.495367055700001,10.37689890974,8.802758556166667,8.057113125526667,9.941939075200002,5.758039714386666
2428,8.077825498600001,10.314761790520002,10.314761790520002,10.314761790520002,10.314761790520002,11.43322993648,11.43322993648,9.19629364456,9.19629364456,8.077825498600001,10.314761790520002,9.19629364456,11.43322993648,10.314761790520002,10.314761790520002,8.077825498600001,11.43322993648,11.43322993648,10.314761790520002,10.314761790520002,10.314761790520002,12.7381094401,6.95935735264,10.314761790520002
2429,5.426641745213334,6.545109891173335,5.840889206680001,2.9687734738444447,5.468066491360001,4.4600643351244456,2.0988538047644445,2.9825817225600004,3.590144666044445,2.3197857842133334,4.69480456328889,1.4912908612800002,3.962967381364445,5.109052024755555,4.639571568426667,5.675190222093335,3.3968291840266667,4.142474614666667,7.705002783280001,6.172287175853334,5.34379225292,3.8110766454933334,4.087241619804445,3.3968291840266667
2430,6.95935735264,4.72242106072,3.3554044378800003,3.3554044378800003,5.840889206680001,4.72242106072,4.72242106072,6.95935735264,9.19629364456,4.72242106072,6.95935735264,3.3554044378800003,4.72242106072,4.72242106072,5.840889206680001,9.19629364456,12.7381094401,8.077825498600001,11.43322993648,10.314761790520002,8.077825498600001,4.72242106072,0.0,0.0
2431,5.840889206680001,10.314761790520002,9.19629364456,6.95935735264,8.077825498600001,5.840889206680001,5.840889206680001,0.0,0.0,0.0,0.0,0.0,4.72242106072,4.72242106072,3.3554044378800003,4.72242106072,3.3554044378800003,3.3554044378800003,0.0,0.0,0.0,0.0,0.0,0.0
2432,0.0,0.0,0.0,3.3554044378800003,0.0,0.0,0.0,3.3554044378800003,4.72242106072,5.840889206680001,3.3554044378800003,0.0,3.3554044378800003,6.95935735264,3.3554044378800003,3.3554044378800003,0.0,4.72242106072,0.0,0.0,0.0,0.0,0.0,0.0
2433,6.048012937413334,5.385216999066667,8.057113125526667,11.930326890240002,11.43322993648,13.856577586060002,9.19629364456,8.077825498600001,8.077825498600001,10.314761790520002,8.077825498600001,6.95935735264,10.68758450584,9.9419390752,10.687584505840002,11.86818977102,12.303149605560002,12.61383520166,14.975045732020002,13.85657758606,11.86818977102,16.09351387798,11.495367055700001,10.004076194420001
2434,12.7381094401,11.43322993648,11.43322993648,13.856577586060002,13.856577586060002,19.697466792740002,13.856577586060002,11.43322993648,10.314761790520002,16.09351387798,13.856577586060002,16.09351387798,13.856577586060002,13.856577586060002,10.314761790520002,11.43322993648,13.856577586060002,11.43322993648,17.21198202394,13.856577586060002,13.856577586060002,16.09351387798,13.856577586060002,11.43322993648
2435,3.3554044378800003,0.0,0.0,0.0,0.0,0.0,0.0,5.840889206680001,0.0,0.0,0.0,0.0,0.0,0.0,3.3554044378800003,0.0,0.0,0.0,0.0,4.72242106072,3.3554044378800003,0.0,0.0,0.0
2436,2.6926084995333337,5.095243776040001,5.012394283746667,2.6926084995333337,6.130862429706667,3.8939261377866665,5.820176833606666,6.130862429706667,8.450648213920001,8.0778254986,9.25843076378,10.68758450584,8.45064821392,8.077825498600001,8.450648213920001,9.56911635988,10.74972162506,13.421617751520001,12.303149605560002,12.675972320880001,15.368580820413335,12.30314960556,11.122544340380003,9.941939075200002
2437,5.840889206680001,3.3554044378800003,4.72242106072,4.72242106072,0.0,0.0,0.0,0.0,0.0,0.0,0.0,0.0,0.0,0.0,0.0,4.72242106072,8.077825498600001,4.72242106072,4.72242106072,6.95935735264,4.72242106072,4.72242106072,0.0,0.0
2438,12.7381094401,16.09351387798,14.975045732020002,14.975045732020002,17.21198202394,17.21198202394,18.3304501699,12.7381094401,9.19629364456,8.077825498600001,10.314761790520002,11.43322993648,10.314761790520002,8.077825498600001,11.43322993648,12.7381094401,11.43322993648,11.43322993648,11.43322993648,11.43322993648,11.43322993648,14.975045732020002,9.19629364456,6.95935735264
2439,13.856577586060002,13.856577586060002,10.314761790520002,10.314761790520002,6.95935735264,6.95935735264,0.0,4.72242106072,6.95935735264,6.95935735264,4.72242106072,5.840889206680001,5.840889206680001,0.0,3.3554044378800003,9.19629364456,5.840889206680001,4.72242106072,8.077825498600001,4.72242106072,12.7381094401,19.697466792740002,24.17133937658,24.17133937658
2440,0.0,0.0,0.0,3.3554044378800003,0.0,3.3554044378800003,0.0,0.0,0.0,0.0,5.840889206680001,0.0,4.72242106072,3.3554044378800003,3.3554044378800003,3.3554044378800003,3.3554044378800003,6.95935735264,3.3554044378800003,5.840889206680001,4.72242106072,3.3554044378800003,0.0,0.0
2441,3.3554044378800003,3.3554044378800003,0.0,3.3554044378800003,0.0,0.0,0.0,3.3554044378800003,0.0,0.0,0.0,0.0,0.0,0.0,3.3554044378800003,0.0,3.3554044378800003,6.95935735264,5.840889206680001,5.840889206680001,4.72242106072,5.840889206680001,5.840889206680001,6.95935735264
2442,0.0,3.3554044378800003,5.840889206680001,12.7381094401,13.856577586060002,13.856577586060002,13.856577586060002,12.7381094401,16.09351387798,12.7381094401,10.314761790520002,11.43322993648,12.7381094401,14.975045732020002,12.7381094401,12.7381094401,13.856577586060002,11.43322993648,10.314761790520002,13.856577586060002,11.43322993648,11.43322993648,16.09351387798,11.43322993648
2443,9.19629364456,9.19629364456,5.840889206680001,5.840889206680001,6.95935735264,4.72242106072,11.43322993648,9.19629364456,5.840889206680001,4.72242106072,8.077825498600001,6.95935735264,5.840889206680001,4.72242106072,10.314761790520002,6.95935735264,8.077825498600001,10.314761790520002,10.314761790520002,9.19629364456,11.43322993648,8.077825498600001,5.840889206680001,4.72242106072
2444,0.0,0.0,4.72242106072,4.72242106072,6.95935735264,8.077825498600001,4.72242106072,5.840889206680001,6.95935735264,8.077825498600001,6.95935735264,4.72242106072,4.72242106072,0.0,0.0,4.72242106072,0.0,3.3554044378800003,0.0,4.72242106072,6.95935735264,4.72242106072,0.0,4.72242106072
2445,5.468066491360001,6.9593573526400005,9.941939075200002,8.88560804846,8.450648213920001,9.19629364456,9.56911635988,11.868189771019999,13.0487950362,13.421617751520001,11.495367055700001,8.077825498600001,8.077825498600001,6.58653463732,7.705002783280001,9.941939075200002,11.868189771019999,12.675972320880001,14.6022230167,12.738109440099999,13.0487950362,11.433229936479998,7.33218006796,5.012394283746667
2446,8.077825498600001,10.314761790520002,8.077825498600001,11.43322993648,8.077825498600001,9.19629364456,8.077825498600001,9.19629364456,5.840889206680001,6.95935735264,5.840889206680001,0.0,0.0,3.3554044378800003,0.0,0.0,0.0,0.0,0.0,0.0,0.0,0.0,3.3554044378800003,0.0
2447,6.58653463732,7.70500278328,8.450648213920001,7.705002783280001,6.9593573526400005,6.213711922000002,5.84088920668,7.33218006796,8.51278533314,6.9593573526400005,5.758039714386668,7.33218006796,6.9593573526400005,5.840889206680001,1.5741403535733334,4.266748853106667,5.758039714386666,5.758039714386668,5.09524377604,5.468066491360001,3.8939261377866674,2.23693629192,4.266748853106667,1.5741403535733334
2448,11.43322993648,16.09351387798,11.43322993648,14.975045732020002,9.19629364456,9.19629364456,9.19629364456,8.077825498600001,9.19629364456,5.840889206680001,8.077825498600001,5.840889206680001,4.72242106072,4.72242106072,5.840889206680001,4.72242106072,3.3554044378800003,5.840889206680001,0.0,3.3554044378800003,5.840889206680001,3.3554044378800003,3.3554044378800003,0.0
2449,4.72242106072,5.840889206680001,4.72242106072,0.0,0.0,3.3554044378800003,5.840889206680001,3.3554044378800003,0.0,3.3554044378800003,0.0,4.72242106072,6.95935735264,4.72242106072,3.3554044378800003,5.840889206680001,3.3554044378800003,3.3554044378800003,0.0,4.72242106072,0.0,3.3554044378800003,4.72242106072,4.72242106072
2450,10.314761790520002,10.314761790520002,9.19629364456,8.077825498600001,9.19629364456,3.3554044378800003,9.19629364456,9.19629364456,8.077825498600001,8.077825498600001,5.840889206680001,5.840889206680001,4.72242106072,5.840889206680001,5.840889206680001,8.077825498600001,5.840889206680001,4.72242106072,6.95935735264,6.95935735264,3.3554044378800003,4.72242106072,3.3554044378800003,3.3554044378800003
2451,3.3554044378800003,0.0,0.0,0.0,0.0,0.0,0.0,0.0,0.0,0.0,4.72242106072,4.72242106072,3.3554044378800003,0.0,0.0,0.0,0.0,3.3554044378800003,5.840889206680001,0.0,3.3554044378800003,4.72242106072,3.3554044378800003,0.0
2452,5.840889206680001,5.840889206680001,5.840889206680001,6.95935735264,4.72242106072,3.3554044378800003,3.3554044378800003,3.3554044378800003,0.0,3.3554044378800003,0.0,0.0,0.0,0.0,0.0,0.0,3.3554044378800003,6.95935735264,5.840889206680001,4.72242106072,6.95935735264,4.72242106072,0.0,0.0
2453,0.0,0.0,3.3554044378800003,4.72242106072,5.840889206680001,3.3554044378800003,0.0,3.3554044378800003,5.840889206680001,3.3554044378800003,0.0,0.0,0.0,3.3554044378800003,0.0,4.72242106072,4.72242106072,3.3554044378800003,6.95935735264,6.95935735264,5.840889206680001,0.0,4.72242106072,5.840889206680001
2454,8.450648213920003,7.249330575666668,6.130862429706667,1.9469630688933337,1.11846814596,1.11846814596,0.0,0.0,1.11846814596,2.23693629192,1.11846814596,1.11846814596,1.11846814596,0.0,2.3197857842133334,2.6926084995333337,0.0,0.0,0.0,2.23693629192,1.11846814596,1.5741403535733334,1.11846814596,1.11846814596
2455,0.0,0.0,0.0,0.0,3.3554044378800003,0.0,0.0,0.0,0.0,0.0,0.0,0.0,0.0,0.0,0.0,3.3554044378800003,6.95935735264,3.3554044378800003,3.3554044378800003,4.72242106072,4.72242106072,0.0,4.72242106072,0.0
2456,0.0,0.0,0.0,0.0,0.0,0.0,0.0,0.0,0.0,0.0,3.3554044378800003,4.72242106072,4.72242106072,5.840889206680001,5.840889206680001,3.3554044378800003,0.0,0.0,3.3554044378800003,0.0,3.3554044378800003,3.3554044378800003,0.0,0.0
2457,6.130862429706667,10.749721625060003,7.705002783280001,11.122544340380001,6.503685145026666,11.122544340380001,9.25843076378,17.232694397013336,11.4953670557,13.87728995913333,7.684290410206667,9.19629364456,16.176363370273336,19.614617300446668,15.451430312706668,13.877289959133334,14.995758105093335,16.4663365933,20.360262731086667,20.73308544640667,15.368580820413333,18.12332643916667,16.942721173986666,10.74972162506
2458,0.0,3.3554044378800003,0.0,0.0,0.0,4.72242106072,3.3554044378800003,4.72242106072,3.3554044378800003,0.0,3.3554044378800003,0.0,3.3554044378800003,4.72242106072,0.0,0.0,0.0,0.0,0.0,4.72242106072,3.3554044378800003,0.0,0.0,4.72242106072
2459,3.3554044378800003,0.0,4.72242106072,0.0,0.0,0.0,0.0,4.72242106072,0.0,3.3554044378800003,4.72242106072,0.0,4.72242106072,4.72242106072,0.0,6.95935735264,8.077825498600001,9.19629364456,8.077825498600001,6.95935735264,10.314761790520002,6.95935735264,8.077825498600001,6.95935735264
2460,0.0,4.72242106072,0.0,8.077825498600001,10.314761790520002,8.077825498600001,9.19629364456,10.314761790520002,8.077825498600001,11.43322993648,8.077825498600001,6.95935735264,3.3554044378800003,0.0,3.3554044378800003,5.840889206680001,8.077825498600001,9.19629364456,11.43322993648,8.077825498600001,10.314761790520002,4.72242106072,4.72242106072,4.72242106072
2461,8.864895675386668,8.036400752453334,7.33218006796,5.661381973377779,3.8939261377866665,5.288559258057778,2.0988538047644445,1.8641135766,2.471676520084445,2.3197857842133334,2.7478414943955562,1.9469630688933333,4.335790096684445,3.9077343865022223,1.5741403535733334,4.1010498685200005,2.5683342610933337,4.142474614666667,8.450648213920003,7.663578037133334,5.716614968239999,2.9825817225600004,2.1402785509111113,2.5683342610933337
2462,10.314761790520002,4.72242106072,4.72242106072,4.72242106072,0.0,4.72242106072,5.840889206680001,5.840889206680001,6.95935735264,8.077825498600001,4.72242106072,0.0,8.077825498600001,6.95935735264,4.72242106072,0.0,3.3554044378800003,4.72242106072,3.3554044378800003,4.72242106072,4.72242106072,5.840889206680001,8.077825498600001,4.72242106072
2463,11.205393832673336,11.951039263313335,8.802758556166667,7.684290410206667,6.503685145026668,4.639571568426667,5.364504625993334,5.364504625993334,3.0654312148533336,2.6926084995333337,3.1482807071466667,3.0654312148533336,4.183899360813334,5.364504625993334,8.057113125526667,10.37689890974,9.610541106026668,9.610541106026668,11.868189771019999,12.303149605560002,12.675972320880001,13.3594806323,11.495367055700001,12.696684693953335
2464,0.0,3.3554044378800003,0.0,0.0,0.0,0.0,3.3554044378800003,3.3554044378800003,0.0,3.3554044378800003,4.72242106072,4.72242106072,4.72242106072,0.0,4.72242106072,3.3554044378800003,4.72242106072,3.3554044378800003,0.0,0.0,3.3554044378800003,5.840889206680001,4.72242106072,0.0
2465,0.0,0.0,0.0,3.3554044378800003,0.0,0.0,0.0,4.72242106072,3.3554044378800003,0.0,0.0,0.0,0.0,0.0,0.0,0.0,0.0,0.0,4.72242106072,6.95935735264,6.95935735264,5.840889206680001,3.3554044378800003,0.0
2466,0.0,5.840889206680001,8.077825498600001,5.840889206680001,4.72242106072,4.72242106072,5.840889206680001,6.95935735264,5.840889206680001,5.840889206680001,4.72242106072,4.72242106072,4.72242106072,9.19629364456,0.0,0.0,5.840889206680001,0.0,0.0,0.0,0.0,0.0,5.840889206680001,5.840889206680001
2467,4.639571568426667,1.9469630688933337,1.5741403535733334,2.6926084995333337,2.6926084995333337,1.5741403535733334,0.0,0.0,0.0,0.0,1.5741403535733334,1.11846814596,1.11846814596,0.0,1.5741403535733334,4.639571568426668,4.266748853106667,6.130862429706667,4.556722076133334,6.192999548926667,6.130862429706667,5.3852169990666665,4.639571568426667,3.4382539301733335
2468,0.0,3.3554044378800003,0.0,0.0,0.0,4.72242106072,0.0,0.0,3.3554044378800003,3.3554044378800003,6.95935735264,3.3554044378800003,3.3554044378800003,3.3554044378800003,4.72242106072,5.840889206680001,3.3554044378800003,9.19629364456,0.0,3.3554044378800003,5.840889206680001,4.72242106072,5.840889206680001,3.3554044378800003
2469,0.0,3.3554044378800003,0.0,0.0,6.95935735264,0.0,3.3554044378800003,5.840889206680001,5.840889206680001,6.95935735264,5.840889206680001,8.077825498600001,9.19629364456,5.840889206680001,11.43322993648,4.72242106072,11.43322993648,9.19629364456,9.19629364456,9.19629364456,10.314761790520002,10.314761790520002,4.72242106072,8.077825498600001
2470,0.0,0.0,0.0,0.0,0.0,0.0,0.0,0.0,3.3554044378800003,0.0,0.0,4.72242106072,3.3554044378800003,5.840889206680001,5.840889206680001,8.077825498600001,10.314761790520002,8.077825498600001,10.314761790520002,9.19629364456,8.077825498600001,6.95935735264,5.840889206680001,0.0
2471,7.33218006796,6.18609542456889,8.0778254986,6.58653463732,7.33218006796,10.376898909740001,13.421617751520001,15.057895224313334,14.622935389773334,13.0487950362,12.675972320880001,10.81185874428,7.705002783280001,4.791462304297778,6.9593573526400005,9.941939075200002,11.433229936479998,12.303149605560002,13.48375487074,11.826765024873334,11.55750417492,11.06040722116,7.705002783280001,5.758039714386668
2472,5.840889206680001,0.0,13.856577586060002,13.856577586060002,10.314761790520002,6.95935735264,9.19629364456,5.840889206680001,9.19629364456,0.0,0.0,4.72242106072,0.0,0.0,0.0,0.0,0.0,0.0,0.0,3.3554044378800003,5.840889206680001,4.72242106072,8.077825498600001,9.19629364456
2473,9.19629364456,10.314761790520002,12.7381094401,6.95935735264,6.95935735264,6.95935735264,4.72242106072,6.95935735264,6.95935735264,6.95935735264,6.95935735264,5.840889206680001,8.077825498600001,6.95935735264,5.840889206680001,11.43322993648,9.19629364456,6.95935735264,9.19629364456,8.077825498600001,9.19629364456,5.840889206680001,4.72242106072,3.3554044378800003
2474,0.0,0.0,0.0,0.0,3.3554044378800003,0.0,0.0,0.0,3.3554044378800003,3.3554044378800003,0.0,0.0,0.0,3.3554044378800003,4.72242106072,4.72242106072,5.840889206680001,3.3554044378800003,3.3554044378800003,0.0,0.0,3.3554044378800003,0.0,0.0
2475,10.314761790520002,10.314761790520002,11.43322993648,11.43322993648,14.975045732020002,17.21198202394,14.975045732020002,14.975045732020002,17.21198202394,12.7381094401,10.314761790520002,8.077825498600001,6.95935735264,6.95935735264,8.077825498600001,9.19629364456,12.7381094401,14.975045732020002,16.09351387798,14.975045732020002,13.856577586060002,11.43322993648,9.19629364456,10.314761790520002
2476,0.0,0.0,0.0,3.5211034224666675,5.012394283746667,0.0,0.0,0.0,0.0,0.0,0.0,0.0,0.0,0.0,0.0,0.0,4.72242106072,0.0,0.0,0.0,4.72242106072,4.72242106072,4.72242106072,4.72242106072
2477,6.95935735264,5.840889206680001,4.72242106072,0.0,5.840889206680001,4.72242106072,3.3554044378800003,0.0,0.0,0.0,0.0,0.0,0.0,0.0,0.0,4.72242106072,5.840889206680001,3.3554044378800003,8.077825498600001,10.314761790520002,13.856577586060002,13.856577586060002,11.43322993648,8.077825498600001
2478,11.43322993648,8.077825498600001,9.19629364456,8.077825498600001,5.840889206680001,0.0,0.0,0.0,4.72242106072,0.0,4.72242106072,4.72242106072,5.840889206680001,5.840889206680001,4.72242106072,0.0,0.0,0.0,0.0,0.0,4.72242106072,0.0,0.0,0.0
2479,8.0778254986,9.19629364456,7.33218006796,8.450648213920001,6.9593573526400005,7.70500278328,5.758039714386666,5.0123942837466675,5.012394283746667,3.5211034224666675,3.3554044378800003,4.639571568426668,3.1482807071466667,4.639571568426668,5.468066491360001,3.5211034224666675,5.468066491360001,2.6926084995333337,4.183899360813334,5.385216999066667,5.758039714386666,5.385216999066667,5.012394283746667,6.213711922000002
2480,0.0,0.0,5.840889206680001,11.43322993648,4.72242106072,6.95935735264,5.840889206680001,5.840889206680001,9.19629364456,5.840889206680001,3.3554044378800003,3.3554044378800003,0.0,4.72242106072,5.840889206680001,6.95935735264,9.19629364456,9.19629364456,10.314761790520002,8.077825498600001,9.19629364456,8.077825498600001,4.72242106072,0.0
2481,9.19629364456,11.43322993648,10.314761790520002,13.856577586060002,6.95935735264,8.077825498600001,6.95935735264,8.077825498600001,8.077825498600001,10.314761790520002,8.077825498600001,11.43322993648,13.856577586060002,11.43322993648,12.7381094401,16.09351387798,17.21198202394,18.3304501699,20.8159349387,18.3304501699,17.21198202394,14.975045732020002,12.7381094401,11.43322993648
2482,0.0,0.0,0.0,0.0,0.0,0.0,0.0,0.0,0.0,0.0,0.0,0.0,3.3554044378800003,0.0,0.0,0.0,0.0,0.0,3.3554044378800003,0.0,0.0,3.3554044378800003,3.3554044378800003,0.0
2483,0.0,1.11846814596,0.0,1.5741403535733334,2.3197857842133334,2.6926084995333337,0.0,2.23693629192,0.0,1.11846814596,1.11846814596,0.0,0.0,1.11846814596,0.0,3.1482807071466667,3.8939261377866665,4.72242106072,6.213711921999999,4.266748853106667,2.23693629192,3.1482807071466667,1.11846814596,1.11846814596
2484,7.33218006796,4.266748853106667,4.639571568426667,4.639571568426667,3.1482807071466667,4.639571568426668,3.8939261377866665,3.5211034224666675,5.385216999066667,5.468066491360001,5.012394283746667,6.213711921999999,5.468066491360001,6.213711922000001,6.586534637320001,8.450648213920001,9.631253479100002,11.86818977102,9.19629364456,9.631253479100002,8.0778254986,8.51278533314,5.758039714386666,4.183899360813334
2485,9.19629364456,8.077825498600001,11.43322993648,10.314761790520002,6.95935735264,10.314761790520002,6.95935735264,6.95935735264,6.95935735264,8.077825498600001,9.19629364456,6.95935735264,6.95935735264,4.72242106072,3.3554044378800003,5.840889206680001,9.19629364456,6.95935735264,3.3554044378800003,5.840889206680001,6.95935735264,9.19629364456,6.95935735264,9.19629364456
2486,10.314761790520002,10.314761790520002,10.314761790520002,12.7381094401,13.856577586060002,12.7381094401,10.314761790520002,12.7381094401,9.19629364456,5.840889206680001,8.077825498600001,5.840889206680001,5.840889206680001,4.72242106072,8.077825498600001,12.7381094401,12.7381094401,16.09351387798,16.09351387798,13.856577586060002,19.697466792740002,13.856577586060002,12.7381094401,13.856577586060002
2487,8.450648213920003,7.249330575666668,6.130862429706667,1.9469630688933337,1.11846814596,1.11846814596,0.0,0.0,1.11846814596,2.23693629192,1.11846814596,1.11846814596,1.11846814596,0.0,2.3197857842133334,2.6926084995333337,0.0,0.0,0.0,2.23693629192,1.11846814596,1.5741403535733334,1.11846814596,1.11846814596
2488,4.72242106072,3.3554044378800003,0.0,0.0,0.0,0.0,0.0,0.0,4.72242106072,4.72242106072,0.0,0.0,3.3554044378800003,0.0,0.0,0.0,10.314761790520002,5.840889206680001,5.840889206680001,9.19629364456,5.840889206680001,8.077825498600001,3.3554044378800003,0.0
2489,10.314761790520002,10.314761790520002,8.077825498600001,6.95935735264,3.3554044378800003,0.0,5.840889206680001,0.0,0.0,4.72242106072,5.840889206680001,5.840889206680001,5.840889206680001,0.0,0.0,0.0,5.840889206680001,0.0,5.840889206680001,4.72242106072,3.3554044378800003,5.840889206680001,3.3554044378800003,3.3554044378800003
2490,0.0,0.8975361665111112,1.5741403535733334,2.471676520084445,1.9469630688933337,0.0,1.5741403535733334,1.4912908612800002,1.6431815971511112,0.0,1.4912908612800002,2.23693629192,3.7696518993466674,2.0988538047644445,3.6315694121911117,4.114858117235556,2.0988538047644445,1.9469630688933333,3.341596189164445,1.9469630688933333,0.37282271532000005,0.0,1.11846814596,0.0
2491,17.294831516233334,15.430717939633334,14.560798270553333,16.114226251053335,17.294831516233334,18.040476946873333,15.368580820413333,17.667654231553335,14.933620985873334,12.241012486340002,13.0487950362,12.241012486340002,11.122544340380001,10.004076194420001,7.33218006796,6.9593573526400005,9.631253479100002,13.0487950362,11.1846814596,8.512785333140002,10.00407619442,9.921226702126669,6.9593573526400005,5.3852169990666665
2492,8.450648213920003,7.249330575666668,6.130862429706667,1.9469630688933337,1.11846814596,1.11846814596,0.0,0.0,1.11846814596,2.23693629192,1.11846814596,1.11846814596,1.11846814596,0.0,2.3197857842133334,2.6926084995333337,0.0,0.0,0.0,2.23693629192,1.11846814596,1.5741403535733334,1.11846814596,1.11846814596
2493,0.0,0.0,0.0,0.0,0.0,0.0,0.0,1.6431815971511112,1.0494269023822222,1.11846814596,1.7674558355911112,2.2645527893511113,3.962967381364445,2.7202249969644448,1.4912908612800002,2.471676520084445,1.1737011408222224,1.0494269023822222,2.471676520084445,1.9469630688933333,1.6431815971511112,1.4912908612800002,0.5247134511911111,2.0988538047644445
2494,5.840889206680001,2.3197857842133334,3.8939261377866665,2.789266240542222,5.3852169990666665,2.6926084995333337,1.5741403535733334,1.11846814596,0.0,1.5741403535733334,5.84088920668,3.5211034224666675,1.11846814596,0.0,4.266748853106667,3.8939261377866665,3.4382539301733335,2.3197857842133334,2.6926084995333337,6.9593573526400005,1.5741403535733334,1.5741403535733334,3.5211034224666675,3.8939261377866665
2495,1.11846814596,0.0,0.0,1.11846814596,1.11846814596,2.3197857842133334,2.3197857842133334,2.23693629192,3.5211034224666675,3.8110766454933334,4.639571568426668,1.9469630688933337,3.0654312148533336,1.5741403535733334,3.1482807071466667,1.11846814596,1.11846814596,1.11846814596,2.6926084995333337,4.266748853106667,5.385216999066667,2.6926084995333337,1.9469630688933337,1.5741403535733334
2496,0.0,0.8975361665111112,1.5741403535733334,2.471676520084445,1.9469630688933337,0.0,1.5741403535733334,1.4912908612800002,1.6431815971511112,0.0,1.4912908612800002,2.23693629192,3.7696518993466674,2.0988538047644445,3.6315694121911117,4.114858117235556,2.0988538047644445,1.9469630688933333,3.341596189164445,1.9469630688933333,0.37282271532000005,0.0,1.11846814596,0.0
2497,4.266748853106667,3.811076645493334,5.758039714386666,5.302367506773334,6.959357352640001,1.9469630688933337,1.11846814596,1.11846814596,1.11846814596,3.0654312148533336,3.811076645493334,5.012394283746667,1.5741403535733334,3.617761163475555,5.012394283746667,4.639571568426668,2.23693629192,0.0,3.4382539301733335,5.385216999066667,4.266748853106667,1.8641135766,1.5741403535733334,2.6926084995333337
2498,3.3554044378800003,3.3554044378800003,3.3554044378800003,0.0,5.840889206680001,3.3554044378800003,0.0,0.0,0.0,0.0,0.0,3.3554044378800003,3.3554044378800003,0.0,0.0,0.0,0.0,0.0,3.3554044378800003,0.0,0.0,0.0,0.0,0.0
2499,0.0,0.0,0.0,0.0,5.840889206680001,4.266748853106667,5.758039714386666,3.0654312148533336,4.639571568426667,2.3197857842133334,1.5741403535733334,2.6926084995333337,2.6926084995333337,1.5741403535733334,0.0,1.5741403535733334,0.0,0.0,0.0,0.0,0.0,5.840889206680001,5.840889206680001,8.45064821392
2500,9.19629364456,4.72242106072,4.72242106072,9.19629364456,5.840889206680001,5.840889206680001,4.72242106072,0.0,5.840889206680001,5.840889206680001,3.3554044378800003,3.3554044378800003,3.3554044378800003,3.3554044378800003,0.0,0.0,4.72242106072,0.0,3.3554044378800003,0.0,27.713155172120004,24.17133937658,24.17133937658,19.697466792740002
2501,3.3554044378800003,3.3554044378800003,3.3554044378800003,3.3554044378800003,4.72242106072,4.72242106072,4.72242106072,0.0,6.95935735264,6.95935735264,5.840889206680001,3.3554044378800003,0.0,4.72242106072,9.19629364456,9.19629364456,6.95935735264,11.43322993648,13.856577586060002,10.314761790520002,9.19629364456,11.43322993648,10.314761790520002,10.314761790520002
2502,1.5741403535733334,0.0,0.0,0.0,0.0,0.0,4.72242106072,4.72242106072,3.3554044378800003,8.077825498600001,5.840889206680001,0.0,3.3554044378800003,3.3554044378800003,0.0,0.0,0.0,3.3554044378800003,0.0,3.3554044378800003,3.3554044378800003,0.0,3.3554044378800003,4.72242106072
2503,8.077825498600001,6.95935735264,6.95935735264,6.95935735264,6.95935735264,3.3554044378800003,4.72242106072,3.3554044378800003,0.0,0.0,0.0,0.0,0.0,3.3554044378800003,0.0,0.0,6.95935735264,6.95935735264,9.19629364456,4.72242106072,8.077825498600001,6.95935735264,0.0,0.0
2504,0.0,4.72242106072,3.3554044378800003,3.3554044378800003,8.077825498600001,5.840889206680001,5.840889206680001,6.95935735264,3.3554044378800003,4.72242106072,3.3554044378800003,3.3554044378800003,3.3554044378800003,9.19629364456,0.0,0.0,0.0,3.3554044378800003,3.3554044378800003,0.0,0.0,8.077825498600001,0.0,5.840889206680001
2505,6.95935735264,4.72242106072,5.840889206680001,4.72242106072,6.95935735264,8.077825498600001,3.3554044378800003,5.840889206680001,6.95935735264,5.840889206680001,3.3554044378800003,5.840889206680001,4.72242106072,0.0,3.3554044378800003,4.72242106072,0.0,3.3554044378800003,5.840889206680001,8.077825498600001,6.95935735264,4.72242106072,3.3554044378800003,0.0
2506,5.840889206680001,3.3554044378800003,0.0,3.3554044378800003,5.840889206680001,3.3554044378800003,3.3554044378800003,4.72242106072,0.0,0.0,3.3554044378800003,3.3554044378800003,4.72242106072,0.0,3.3554044378800003,4.72242106072,5.840889206680001,3.3554044378800003,3.3554044378800003,4.72242106072,0.0,3.3554044378800003,5.840889206680001,4.72242106072
2507,11.55750417492,9.548403986806669,9.548403986806667,8.82347092924,8.82347092924,7.622153290986668,8.0778254986,5.012394283746667,5.012394283746667,2.6926084995333337,4.929544791453334,6.213711922000001,6.130862429706667,5.012394283746667,8.45064821392,3.8939261377866665,1.5741403535733334,0.0,1.11846814596,2.6926084995333337,5.385216999066667,1.5741403535733334,1.11846814596,3.1482807071466667
2508,6.95935735264,9.19629364456,8.077825498600001,5.840889206680001,6.95935735264,0.0,3.3554044378800003,3.3554044378800003,4.72242106072,3.3554044378800003,0.0,6.95935735264,5.840889206680001,4.72242106072,6.95935735264,3.3554044378800003,0.0,3.3554044378800003,5.840889206680001,6.95935735264,5.840889206680001,4.72242106072,0.0,0.0
2509,13.856577586060002,16.09351387798,18.3304501699,10.314761790520002,14.975045732020002,8.077825498600001,12.7381094401,10.314761790520002,10.314761790520002,10.314761790520002,9.19629364456,14.975045732020002,5.840889206680001,5.840889206680001,5.840889206680001,10.314761790520002,21.934403084659998,16.09351387798,9.19629364456,5.840889206680001,0.0,4.72242106072,0.0,0.0
2510,2.6926084995333337,2.3197857842133334,3.8939261377866674,4.72242106072,1.11846814596,2.23693629192,4.639571568426668,3.811076645493334,3.811076645493334,3.1482807071466667,1.11846814596,0.0,0.0,0.0,0.0,1.11846814596,6.213711922000002,4.639571568426668,3.8939261377866665,6.213711922000002,4.639571568426667,8.077825498600001,3.8939261377866665,3.0654312148533336
2511,0.0,1.11846814596,0.0,0.0,0.0,1.11846814596,1.11846814596,3.4382539301733335,1.5741403535733334,1.5741403535733334,0.0,1.11846814596,0.0,1.11846814596,2.23693629192,3.1482807071466667,0.0,4.72242106072,5.468066491360001,5.468066491360001,3.8110766454933334,3.5211034224666675,1.5741403535733334,1.11846814596
2512,4.72242106072,5.012394283746667,4.72242106072,0.0,0.0,3.811076645493334,3.3554044378800003,1.5741403535733334,3.1482807071466667,1.5741403535733334,1.5741403535733334,0.0,1.9469630688933337,3.0654312148533336,0.0,0.0,0.0,0.0,0.0,0.0,0.0,0.0,0.0,1.5741403535733334
2513,6.95935735264,4.72242106072,3.3554044378800003,0.0,0.0,0.0,0.0,0.0,0.0,0.0,0.0,0.0,0.0,0.0,0.0,6.95935735264,5.840889206680001,6.95935735264,6.95935735264,4.72242106072,4.72242106072,6.95935735264,6.95935735264,6.95935735264
2514,5.012394283746667,3.8110766454933334,6.213711921999999,5.840889206680001,1.5741403535733334,2.23693629192,0.0,0.0,1.11846814596,1.11846814596,1.5741403535733334,1.11846814596,1.9469630688933337,1.5741403535733334,2.3197857842133334,4.639571568426667,7.33218006796,7.33218006796,6.586534637320001,5.012394283746667,3.8939261377866665,6.586534637320001,1.9469630688933337,1.11846814596
2515,0.0,4.72242106072,3.3554044378800003,0.0,4.72242106072,4.72242106072,0.0,0.0,5.840889206680001,3.3554044378800003,4.72242106072,4.72242106072,3.3554044378800003,0.0,0.0,3.3554044378800003,8.077825498600001,9.19629364456,5.840889206680001,3.3554044378800003,5.840889206680001,5.840889206680001,0.0,5.840889206680001
2516,0.0,0.0,0.0,0.0,0.0,0.0,3.3554044378800003,8.077825498600001,0.0,4.72242106072,3.3554044378800003,4.72242106072,3.3554044378800003,0.0,3.3554044378800003,0.0,0.0,4.72242106072,4.72242106072,5.840889206680001,5.840889206680001,3.3554044378800003,0.0,0.0
2517,4.1010498685200005,5.053819029893334,5.426641745213334,8.077825498600001,5.012394283746667,4.722421060720001,7.042206844933335,10.894708236573335,12.61383520166,16.984145920133333,13.835865212986667,11.412517563406666,11.909614517166666,12.634547574733334,13.131644528493334,13.007370290053336,14.208687928306668,13.773728093766666,14.643647762846669,14.560798270553335,14.581510643626666,11.785340278726666,9.279143136853333,6.503685145026668
2518,3.3554044378800003,3.3554044378800003,4.72242106072,8.077825498600001,3.3554044378800003,0.0,0.0,0.0,0.0,0.0,0.0,3.3554044378800003,0.0,4.72242106072,0.0,0.0,4.72242106072,3.3554044378800003,4.72242106072,3.3554044378800003,4.72242106072,3.3554044378800003,0.0,3.3554044378800003
2519,6.95935735264,11.43322993648,8.077825498600001,11.43322993648,10.314761790520002,10.314761790520002,8.077825498600001,9.19629364456,8.077825498600001,9.19629364456,5.840889206680001,3.3554044378800003,4.72242106072,6.213711922000001,3.3554044378800003,3.3554044378800003,6.213711922000001,0.0,5.468066491360001,5.840889206680001,5.840889206680001,3.5211034224666675,3.3554044378800003,0.0
2520,9.19629364456,16.09351387798,13.856577586060002,16.09351387798,9.19629364456,10.314761790520002,9.19629364456,9.19629364456,6.95935735264,6.95935735264,8.077825498600001,9.19629364456,9.19629364456,8.077825498600001,10.314761790520002,11.43322993648,11.43322993648,10.314761790520002,0.0,5.840889206680001,4.72242106072,4.72242106072,14.975045732020002,18.3304501699
2521,8.077825498600001,9.9419390752,8.82347092924,10.314761790520002,9.941939075200002,9.19629364456,10.74972162506,8.45064821392,8.82347092924,8.077825498600001,8.45064821392,7.70500278328,9.9419390752,10.74972162506,8.82347092924,8.077825498600001,9.56911635988,10.31476179052,9.941939075200002,9.9419390752,8.82347092924,11.495367055700001,8.82347092924,8.450648213920001
2522,3.5211034224666675,3.5211034224666675,5.758039714386668,5.012394283746667,6.213711922000001,5.84088920668,5.012394283746667,5.012394283746667,5.84088920668,6.9593573526400005,9.25843076378,8.82347092924,10.00407619442,8.077825498600001,9.631253479100002,10.811858744280002,8.077825498600001,9.19629364456,8.450648213920001,8.82347092924,10.004076194420001,9.56911635988,7.70500278328,7.70500278328
2523,9.56911635988,11.495367055700001,11.1846814596,11.868189771019999,10.31476179052,10.687584505840002,8.077825498600001,8.0778254986,9.19629364456,7.705002783280001,6.213711922000002,4.639571568426668,5.840889206680001,6.213711922000001,4.266748853106667,4.929544791453334,5.012394283746667,3.1482807071466667,5.468066491360001,5.012394283746667,5.468066491360001,5.840889206680001,5.3852169990666665,3.8939261377866674
2524,4.72242106072,5.840889206680001,6.95935735264,9.19629364456,10.314761790520002,16.09351387798,9.19629364456,11.43322993648,5.840889206680001,8.077825498600001,6.95935735264,9.19629364456,9.19629364456,5.840889206680001,6.95935735264,8.077825498600001,9.19629364456,11.43322993648,12.7381094401,9.19629364456,12.7381094401,11.43322993648,8.077825498600001,6.95935735264
2525,6.95935735264,10.314761790520002,11.43322993648,12.7381094401,12.7381094401,11.43322993648,17.21198202394,11.43322993648,5.840889206680001,8.077825498600001,10.314761790520002,8.077825498600001,10.314761790520002,8.077825498600001,8.077825498600001,9.19629364456,12.7381094401,12.7381094401,11.43322993648,11.43322993648,8.077825498600001,10.314761790520002,8.077825498600001,9.19629364456
2526,18.3304501699,19.697466792740002,18.3304501699,17.21198202394,14.975045732020002,18.3304501699,13.856577586060002,14.975045732020002,12.7381094401,11.43322993648,11.43322993648,12.7381094401,11.43322993648,9.19629364456,8.077825498600001,9.19629364456,10.314761790520002,13.856577586060002,11.43322993648,10.314761790520002,6.95935735264,9.19629364456,5.840889206680001,8.077825498600001
2527,4.72242106072,4.72242106072,5.840889206680001,5.840889206680001,6.95935735264,6.95935735264,18.3304501699,16.09351387798,16.09351387798,12.7381094401,11.43322993648,17.21198202394,12.7381094401,14.975045732020002,10.314761790520002,12.7381094401,12.7381094401,13.856577586060002,10.314761790520002,10.314761790520002,9.19629364456,10.314761790520002,6.95935735264,9.19629364456
2528,3.3554044378800003,3.3554044378800003,5.840889206680001,8.077825498600001,5.840889206680001,4.72242106072,10.314761790520002,10.314761790520002,16.09351387798,16.09351387798,16.09351387798,11.43322993648,14.975045732020002,8.077825498600001,8.077825498600001,12.7381094401,16.09351387798,13.856577586060002,14.975045732020002,19.697466792740002,16.09351387798,11.43322993648,9.19629364456,11.43322993648
2529,9.19629364456,11.43322993648,12.7381094401,16.09351387798,16.09351387798,17.21198202394,16.09351387798,18.3304501699,11.43322993648,16.09351387798,8.077825498600001,8.077825498600001,8.077825498600001,9.19629364456,10.314761790520002,9.19629364456,8.077825498600001,8.077825498600001,5.840889206680001,10.314761790520002,11.43322993648,14.975045732020002,10.314761790520002,5.840889206680001
2530,7.3321800679599995,5.840889206680001,3.5211034224666675,2.6926084995333337,2.3197857842133334,3.0654312148533336,6.130862429706667,4.266748853106667,5.758039714386666,5.385216999066667,5.0123942837466675,5.385216999066667,7.70500278328,4.929544791453334,6.213711921999999,5.302367506773334,3.5211034224666675,3.1482807071466667,3.0654312148533336,5.095243776040001,3.0654312148533336,6.213711922000002,5.758039714386666,3.811076645493334
2531,3.3554044378800003,0.0,0.0,0.0,0.0,0.0,0.0,0.0,3.3554044378800003,0.0,0.0,0.0,3.3554044378800003,0.0,0.0,0.0,3.3554044378800003,9.19629364456,0.0,4.72242106072,4.72242106072,0.0,3.3554044378800003,3.3554044378800003
2532,4.72242106072,4.72242106072,5.840889206680001,8.077825498600001,4.72242106072,0.0,5.840889206680001,3.3554044378800003,3.3554044378800003,4.72242106072,3.3554044378800003,3.3554044378800003,5.840889206680001,5.840889206680001,6.95935735264,6.95935735264,8.077825498600001,6.95935735264,5.840889206680001,8.077825498600001,6.95935735264,4.72242106072,8.077825498600001,0.0
2533,1.5741403535733334,1.11846814596,0.0,0.0,0.0,0.0,1.5741403535733334,1.11846814596,3.0654312148533336,0.0,1.9469630688933337,0.0,1.11846814596,0.0,0.0,1.5741403535733334,1.5741403535733334,1.9469630688933337,1.5741403535733334,0.0,1.9469630688933337,1.5741403535733334,1.11846814596,1.9469630688933337
2534,1.8641135766,3.438253930173333,3.6039529147600002,1.4498661151333334,4.22532410696,4.432447837693334,2.278361038066667,7.166481083373334,7.539303798693333,7.249330575666668,7.5807285448399995,9.19629364456,7.4564543064,11.55750417492,9.941939075199999,7.663578037133334,11.909614517166668,13.525179616886668,9.9419390752,16.673460324033332,16.21778811642,8.699196690800001,8.740621436946666,8.243524483186667
2535,3.1068559610000004,4.418639588977778,4.418639588977778,4.556722076133334,5.247134511911112,4.69480456328889,3.7282271532,5.247134511911112,5.799464460533334,3.5211034224666666,4.142474614666667,4.142474614666667,2.4854847688,2.209319794488889,5.247134511911111,3.3139796917333335,4.9709695376,3.5901446660444445,3.1068559609999995,3.037814717422222,3.590144666044445,2.0712373073333334,3.3139796917333335,2.4854847688
2536,0.37282271532000005,1.2427423844,0.0,2.36121053036,0.6489876896311112,1.4498661151333334,1.2427423844,2.8721157328355553,1.8641135766,0.8975361665111112,1.1460846433911114,1.2427423844,0.0,4.183899360813334,1.5741403535733334,1.2427423844,0.0,0.6489876896311112,2.996389971275556,4.183899360813333,3.7696518993466666,3.1897054532933335,2.36121053036,0.37282271532000005
2537,14.560798270553335,15.368580820413335,15.741403535733335,13.794440466840001,10.37689890974,15.741403535733335,18.040476946873337,16.859871681693335,14.622935389773332,16.176363370273332,15.368580820413333,14.187975555233331,20.79522256562667,21.54086799626667,18.49614915448667,17.315543889306667,19.987440015766666,25.331232268686666,25.351944641760003,26.0975900724,21.105908161726667,23.487831065159998,20.443112223380002,15.741403535733335
2538,4.9709695376,9.9419390752,8.699196690800001,5.5923407298,0.0,0.0,0.0,3.106855961,1.8641135766,0.0,3.7282271532,3.106855961,2.4854847688,3.106855961,2.4854847688,0.0,1.8641135766,0.0,0.0,1.8641135766,6.213711922,3.7282271532,3.106855961,3.106855961
2539,12.241012486340002,12.61383520166,14.622935389773334,10.74972162506,9.25843076378,10.811858744280002,11.122544340380001,7.705002783280001,8.077825498600001,8.367798721626668,10.00407619442,9.6312534791,8.450648213920001,6.130862429706667,7.994976006306668,10.811858744280002,10.74972162506,10.376898909740001,10.31476179052,9.19629364456,6.9593573526400005,7.33218006796,7.33218006796,7.33218006796
2540,5.84088920668,5.385216999066667,4.183899360813334,5.09524377604,2.6926084995333337,1.11846814596,0.0,3.5211034224666675,6.1101500566333335,4.639571568426668,6.938644979566668,9.25843076378,9.25843076378,8.429935840846667,6.938644979566668,8.139962617820002,11.205393832673336,4.183899360813334,5.7373273413133345,6.048012937413334,9.25843076378,7.311467694886667,7.684290410206667,6.938644979566668
2541,12.303149605560002,11.495367055700001,12.30314960556,12.675972320880001,12.675972320880001,11.930326890240002,9.56911635988,10.74972162506,11.86818977102,9.56911635988,10.31476179052,10.314761790520002,9.19629364456,8.0778254986,8.0778254986,4.183899360813334,6.876507860346668,7.684290410206667,6.9593573526400005,5.840889206680001,6.876507860346668,7.33218006796,6.586534637320001,6.503685145026668
2542,5.840889206680001,6.586534637320001,8.0778254986,8.077825498600001,8.077825498600001,8.45064821392,9.56911635988,11.06040722116,11.495367055700001,12.30314960556,11.122544340380001,12.303149605560002,15.34786844734,16.093513877979998,16.093513877979998,15.741403535733335,14.975045732020002,17.21198202394,16.466336593300003,15.34786844734,15.34786844734,16.83915930862,15.34786844734,14.6022230167
2543,3.024006468706667,2.2369362919199998,2.0298125611866666,1.2013176382533335,0.37282271532000005,0.37282271532000005,1.2013176382533335,0.99419390752,1.4084413689866668,0.99419390752,0.6213711922,0.8284949229333334,0.8284949229333334,1.0356186536666667,1.4498661151333334,2.0298125611866666,1.8226888304533333,1.0356186536666667,0.8284949229333334,1.0356186536666667,1.2427423844,0.8284949229333334,0.8284949229333334,1.4498661151333334
2544,5.364504625993334,4.991681910673334,9.25843076378,6.565822264246667,6.565822264246667,11.474654682626666,8.057113125526667,6.1101500566333335,6.565822264246667,5.820176833606666,6.130862429706667,3.5211034224666675,5.758039714386666,10.004076194420001,12.30314960556,13.877289959133336,12.675972320880001,14.187975555233336,12.323861978633332,10.37689890974,14.975045732020002,16.114226251053335,14.933620985873334,10.37689890974
2545,8.885608048460002,8.388511094700002,9.631253479100002,7.249330575666666,6.931740855208889,5.854697455395556,5.109052024755556,5.537107734937778,4.211515858244445,3.4382539301733335,3.590144666044445,10.294049417446667,8.802758556166667,9.175581271486667,9.175581271486667,8.3885110947,11.971751636386665,16.611323204813335,15.699978789586668,14.622935389773334,14.871483866653334,14.291537420600003,9.672678225246667,8.429935840846667
2546,2.6926084995333337,0.8975361665111112,2.7892662405422226,4.991681910673334,1.6638939702244446,3.093047712284445,2.347402281644445,0.6489876896311112,2.6926084995333337,6.262040792504446,6.634863507824444,8.864895675386668,7.311467694886667,3.8110766454933334,3.8110766454933334,5.385216999066667,4.618859195353334,4.266748853106667,5.3852169990666665,6.192999548926667,6.130862429706667,4.991681910673334,8.057113125526667,10.376898909740001
2547,8.284949229333334,7.663578037133334,9.527691613733333,7.4564543064,7.8707017678666675,5.799464460533334,4.763845806866667,3.7282271532,3.5211034224666666,2.2783610380666666,2.0712373073333334,3.3139796917333335,2.278361038066667,2.4854847688,2.2783610380666666,2.2783610380666666,2.6926084995333333,4.556722076133334,3.1068559609999995,3.3139796917333335,3.3139796917333335,0.6213711922,1.8641135766,2.2783610380666666
2548,7.705002783280001,6.213711921999999,3.5211034224666675,1.11846814596,1.11846814596,1.5741403535733334,3.1482807071466667,3.1897054532933335,3.1206642097155552,2.6926084995333337,1.11846814596,1.5741403535733334,1.9469630688933337,1.9469630688933337,3.811076645493334,5.012394283746667,4.639571568426667,5.0123942837466675,5.3852169990666665,6.938644979566668,5.385216999066667,3.5211034224666675,3.3554044378800003,1.11846814596
2549,0.8284949229333334,1.0356186536666667,0.0,0.0,0.0,0.8284949229333334,0.8284949229333334,1.6569898458666668,1.0356186536666667,0.0,0.8284949229333334,0.8284949229333334,0.0,0.0,0.8284949229333334,1.6569898458666668,0.0,0.8284949229333334,0.0,0.8284949229333334,1.0356186536666667,0.8284949229333334,1.0356186536666667,0.0
2550,4.639571568426668,2.5683342610933337,2.0988538047644445,1.4912908612800002,2.595950758524445,3.590144666044445,4.584338573564445,2.0988538047644445,1.4498661151333334,2.5683342610933337,3.686802407053334,2.9825817225600004,2.6926084995333337,0.0,1.11846814596,2.6926084995333337,2.9687734738444447,4.1010498685200005,2.9825817225600004,5.09524377604,5.716614968239999,7.33218006796,7.33218006796,9.341280256073334
2551,4.3495983454000005,4.3495983454000005,1.8641135766,2.4854847688,2.4854847688,2.4854847688,0.0,3.106855961,5.5923407298,6.213711922,5.5923407298,7.4564543064,6.835083114200001,8.699196690800001,7.4564543064,7.4564543064,8.077825498600001,9.9419390752,8.699196690800001,11.1846814596,10.5633102674,8.077825498600001,11.1846814596,10.5633102674
2552,18.496149154486666,18.80683475058667,18.786122377513333,18.413299662193335,17.294831516233334,13.794440466840001,14.622935389773334,11.868189771019999,10.74972162506,10.749721625060003,9.6312534791,10.811858744280002,10.74972162506,9.237718390706668,8.51278533314,8.51278533314,9.9419390752,10.00407619442,10.376898909740001,6.503685145026668,7.311467694886667,8.139962617819998,7.622153290986668,8.429935840846667
2553,20.360262731086667,23.487831065159998,23.032158857546666,20.650235954113338,19.966727642693332,16.922008800913336,18.868971869806668,16.922008800913336,15.28573132812,14.540085897480003,14.995758105093335,14.622935389773334,14.622935389773332,12.675972320880001,13.794440466840001,10.376898909740001,11.101831967306667,11.55750417492,11.930326890240002,10.00407619442,15.078607597386666,7.684290410206668,10.729009251986668,13.421617751520001
2554,2.36121053036,3.6453776609066666,4.183899360813334,5.302367506773334,3.97677563008,8.367798721626668,9.651965852173333,10.5633102674,11.86818977102,15.451430312706668,11.453942309553334,12.427423844000002,9.486266867586666,9.962651448273334,10.998270101940001,10.231912298226668,12.448136217073335,12.77953418624667,13.193781647713335,12.593122828586667,12.448136217073335,10.708296878913336,8.119250244746668,5.5923407298
2555,8.284949229333334,7.663578037133334,9.527691613733333,7.456454306400001,7.8707017678666675,5.799464460533334,4.763845806866667,3.7282271532,3.5211034224666666,2.2783610380666666,2.0712373073333334,3.3139796917333335,2.278361038066667,2.4854847688,2.2783610380666666,2.2783610380666666,2.6926084995333333,4.556722076133334,3.1068559609999995,3.3139796917333335,3.3139796917333335,0.6213711922,1.8641135766,2.2783610380666666
2556,13.421617751520003,12.241012486340002,9.56911635988,10.004076194420001,7.705002783280001,6.9593573526400005,7.3321800679599995,5.012394283746667,6.9593573526400005,6.9593573526400005,5.095243776040001,6.213711922000002,4.183899360813334,3.811076645493334,5.468066491360001,3.5211034224666675,4.266748853106667,3.1482807071466667,2.23693629192,1.11846814596,2.6926084995333337,5.3852169990666665,4.639571568426668,8.0778254986
2557,10.521885521253333,6.938644979566668,6.482972771953334,6.048012937413334,6.089437683560001,5.34379225292,3.8110766454933334,3.4589663032466667,3.086143587926667,2.340498157286667,0.7663578037133334,0.7663578037133334,2.9825817225600004,2.713320872606667,0.7663578037133334,1.4912908612800002,1.1391805190333335,1.1391805190333335,4.47387258384,4.6602839415,5.77875208746,5.5923407298,6.172287175853334,6.938644979566668
2558,9.361992629146668,10.356186536666668,6.462260398880001,6.2965614142933335,9.175581271486667,7.64286566406,5.537107734937778,3.5625281686133334,5.385216999066667,6.662480005255556,9.320567883,4.5843385735644455,3.686802407053334,6.441548025806668,0.0,2.6373755046711116,6.565822264246667,7.6359615397022225,4.929544791453334,9.113444152266668,8.492072960066666,7.08363159108,8.077825498600001,11.1846814596
2559,9.058211157404445,10.356186536666668,5.695902595166667,6.2965614142933335,9.19629364456,4.929544791453334,5.081435527324445,2.3819229034333333,5.405929372140001,3.990583878795556,6.648671756540001,1.9124424471044446,2.4854847688000006,5.633765475946667,0.0,2.23693629192,6.565822264246667,4.72242106072,6.572726388604445,9.113444152266668,8.492072960066666,7.8707017678666675,10.5633102674,11.1846814596
2560,15.65855404344,15.720691162660001,14.975045732020002,14.9129086128,14.6022230167,17.667654231553332,17.294831516233334,18.413299662193335,16.09351387798,13.0487950362,15.34786844734,15.720691162660001,14.9129086128,14.975045732020002,9.19629364456,14.16726318216,14.975045732020002,14.229400301380002,11.495367055700001,9.941939075200002,6.213711921999999,6.213711922000001,6.58653463732,7.33218006796
2561,6.917932606493333,0.0,5.34379225292,8.119250244746667,9.320567883,8.0778254986,7.684290410206668,5.0745314029666675,6.938644979566668,7.311467694886669,6.938644979566668,6.938644979566668,7.705002783280001,6.938644979566668,4.618859195353334,4.142474614666667,6.938644979566668,4.639571568426667,3.3139796917333335,4.888120045306667,5.675190222093334,6.048012937413334,5.923738698973334,5.840889206680001
2562,10.418323655886669,7.739523405068891,6.99387797442889,7.95355126016,7.953551260160001,6.724617124475556,8.0778254986,4.736229309435555,4.736229309435555,2.0160043124711113,3.8801178890711117,5.21951801448,5.109052024755556,4.736229309435555,8.20209973704,3.617761163475555,2.0988538047644445,0.0,1.4912908612800002,2.471676520084445,4.487680832555556,0.5247134511911111,0.37282271532000005,2.6235672559555554
2563,1.5741403535733334,0.0,0.0,0.0,0.0,0.0,1.5741403535733334,1.11846814596,2.6926084995333337,5.0123942837466675,5.840889206680001,5.840889206680001,4.639571568426668,2.6926084995333337,2.6926084995333337,1.5741403535733334,0.0,2.23693629192,0.0,0.0,2.3197857842133334,0.0,1.5741403535733334,3.1482807071466667
2564,5.468066491360001,4.22532410696,1.7812640843066667,1.4084413689866668,3.189705453293333,4.018200376226667,4.639571568426667,5.2609427606266665,3.4382539301733335,3.6453776609066666,3.8525013916400006,5.302367506773334,5.882313952826667,5.882313952826667,7.912126514013334,8.160674990893334,10.5633102674,11.350380444186667,11.598928921066667,10.5633102674,9.776240090613333,8.367798721626668,8.947745167679999,4.22532410696
2565,12.30314960556,11.86818977102,13.79444046684,13.421617751520001,9.631253479100002,10.004076194420001,9.631253479100002,10.004076194420001,9.175581271486669,10.004076194420001,9.25843076378,8.802758556166667,9.631253479100002,8.139962617820002,7.249330575666668,8.450648213920001,8.45064821392,6.9593573526400005,10.004076194420001,8.429935840846667,5.0123942837466675,6.876507860346667,8.82347092924,4.246036480033333
2566,17.688366604626665,21.168045280946668,26.0975900724,16.859871681693335,18.413299662193335,14.250112674453334,16.569898458666668,11.930326890240002,16.466336593300003,18.040476946873337,13.0487950362,11.930326890240002,12.30314960556,9.25843076378,11.101831967306666,9.25843076378,9.548403986806667,10.811858744280002,13.877289959133334,9.6312534791,18.868971869806668,11.557504174919998,8.802758556166667,11.930326890240002
2567,8.284949229333334,7.663578037133334,9.527691613733333,7.4564543064,7.8707017678666675,5.799464460533334,4.763845806866667,3.7282271532,3.5211034224666666,2.2783610380666666,2.0712373073333334,3.3139796917333335,2.278361038066667,2.4854847688,2.2783610380666666,2.2783610380666666,2.6926084995333333,4.556722076133334,3.1068559609999995,3.3139796917333335,3.3139796917333335,0.6213711922,1.8641135766,2.2783610380666666
2568,11.122544340380001,6.1101500566333335,8.429935840846667,7.705002783280001,8.036400752453334,6.917932606493333,5.840889206680001,3.1068559610000004,6.565822264246667,6.130862429706667,5.7373273413133345,4.618859195353333,1.9469630688933337,4.618859195353334,6.565822264246667,4.266748853106667,1.9262506958200003,3.0447188417800004,0.0,6.192999548926667,8.802758556166667,10.00407619442,13.0487950362,11.578216547993335
2569,6.835083114200001,4.9709695376,5.5923407298,4.9709695376,2.4854847688,4.3495983454000005,3.106855961,1.8641135766,2.4854847688,0.0,3.106855961,4.9709695376,4.9709695376,4.3495983454000005,13.048795036200001,9.9419390752,9.9419390752,12.427423844,13.670166228400001,17.398393381600002,13.048795036200001,9.9419390752,9.9419390752,8.077825498600001
2570,9.9419390752,9.734815344466668,8.077825498600001,3.3139796917333335,3.5211034224666666,2.4854847688,1.8641135766,1.8641135766,2.4854847688,3.5211034224666666,5.178093268333334,2.899732230266667,5.3852169990666665,5.799464460533334,3.9353508839333338,3.1068559610000004,2.278361038066667,2.278361038066667,1.2427423844,4.3495983454,5.799464460533334,7.4564543064,6.420835652733334,5.3852169990666665
2571,4.763845806866667,3.97677563008,2.8168827379733337,3.3139796917333335,5.468066491359999,5.613053102873334,7.1457687103000005,5.633765475946667,7.9328388870866675,10.459748402033334,10.418323655886667,10.418323655886667,10.459748402033334,12.448136217073335,11.24681857882,7.8707017678666675,13.028082663126668,13.152356901566668,14.436524032113333,14.105126062940002,13.400905378446668,12.033888755606668,10.956845355793334,11.578216547993334
2572,4.3495983454000005,3.9353508839333338,4.763845806866667,4.3495983454000005,4.556722076133333,4.3495983454000005,2.899732230266667,2.4854847688,2.6926084995333333,1.2427423844,1.0356186536666667,1.8641135766,0.6213711922,0.6213711922,1.2427423844,1.0356186536666667,1.6569898458666668,3.1068559610000004,3.1068559609999995,2.4854847688,2.278361038066667,0.0,1.0356186536666667,1.0356186536666667
2573,8.82347092924,9.19629364456,10.004076194420001,12.241012486340002,14.975045732020002,13.0487950362,14.975045732020002,12.675972320880001,12.738109440099999,11.557504174920004,12.303149605560002,10.314761790520002,6.9593573526400005,7.33218006796,8.45064821392,9.19629364456,11.86818977102,12.241012486340002,14.540085897480003,15.34786844734,12.675972320880001,13.48375487074,13.421617751520003,11.86818977102
2574,3.8939261377866674,3.1482807071466667,3.0654312148533336,3.0654312148533336,4.556722076133334,1.9469630688933337,1.5741403535733334,1.11846814596,1.11846814596,1.11846814596,1.11846814596,1.11846814596,0.0,0.0,1.11846814596,1.5741403535733334,4.266748853106667,3.8939261377866674,3.1482807071466667,3.8939261377866674,4.266748853106667,3.8939261377866665,3.1482807071466667,3.5211034224666675
2575,6.503685145026668,5.758039714386666,6.938644979566668,8.45064821392,8.139962617820002,6.959357352640001,6.213711921999999,4.266748853106667,5.385216999066667,5.758039714386666,4.929544791453334,2.6926084995333337,3.811076645493334,3.4382539301733335,4.266748853106667,6.565822264246667,10.00407619442,8.429935840846667,4.639571568426668,6.503685145026668,20.360262731086667,16.114226251053335,24.171339376579997,24.233476495800005
2576,10.729009251986668,8.864895675386668,9.19629364456,10.74972162506,10.004076194420001,13.0487950362,9.6312534791,10.376898909740001,8.450648213920003,6.130862429706667,8.885608048460002,6.876507860346667,5.385216999066667,5.758039714386666,6.503685145026668,6.130862429706667,6.503685145026668,9.548403986806667,8.057113125526667,7.33218006796,8.139962617820002,5.675190222093335,3.8939261377866665,6.9593573526400005
2577,6.379410906586667,5.5923407298,4.556722076133334,4.370310718473333,3.334692064806667,3.583240541686667,3.583240541686667,2.5683342610933333,2.775457991826667,2.589046634166667,1.1391805190333335,0.7663578037133334,0.7663578037133334,0.7663578037133334,0.7663578037133334,0.7663578037133334,1.9676754419666669,2.589046634166667,2.3819229034333333,2.1747991727000002,2.589046634166667,2.3819229034333333,2.1747991727000002,1.8019764573800001
2578,5.840889206680001,5.468066491360001,5.09524377604,2.6926084995333337,4.183899360813334,2.6926084995333337,2.23693629192,2.3197857842133334,1.11846814596,5.468066491360001,2.3197857842133334,4.639571568426667,3.0654312148533336,3.811076645493334,1.5741403535733334,2.3197857842133334,2.23693629192,1.5741403535733334,2.3197857842133334,1.11846814596,2.6926084995333337,0.0,2.6926084995333337,3.8939261377866665
2579,5.012394283746667,5.3852169990666665,6.130862429706667,4.183899360813334,6.586534637320001,6.213711922000002,6.9593573526400005,6.503685145026668,8.077825498600001,8.077825498600001,6.9593573526400005,6.876507860346668,8.057113125526667,9.631253479100002,10.376898909740001,11.55750417492,12.67597232088,14.16726318216,16.4663365933,14.540085897480003,14.16726318216,15.28573132812,12.241012486340002,12.675972320880001
2580,2.6926084995333337,4.183899360813334,5.302367506773334,7.33218006796,9.25843076378,8.802758556166667,9.548403986806667,12.675972320880001,10.811858744280002,8.057113125526667,10.00407619442,11.122544340380003,12.98665791698,13.421617751520001,13.421617751520001,11.55750417492,12.675972320880001,11.86818977102,12.98665791698,13.0487950362,13.794440466840001,11.1846814596,9.56911635988,9.548403986806667
2581,10.37689890974,8.45064821392,8.82347092924,9.258430763780002,6.503685145026668,4.266748853106667,0.0,0.0,2.6926084995333337,4.556722076133334,1.11846814596,2.6926084995333337,0.0,2.23693629192,2.23693629192,3.5211034224666675,5.840889206680001,6.58653463732,5.3852169990666665,6.9593573526400005,5.385216999066667,4.639571568426667,5.468066491360001,4.266748853106667
2582,7.249330575666666,5.5923407298,5.385216999066667,3.5211034224666666,2.6926084995333333,3.3139796917333335,3.7282271532,4.142474614666667,3.5211034224666666,4.556722076133334,3.5211034224666666,2.899732230266667,3.1068559610000004,3.9353508839333333,3.9353508839333333,2.4854847688,3.1068559610000004,1.8641135766,2.899732230266667,3.1068559610000004,2.0712373073333334,4.556722076133334,3.7282271532,4.142474614666667
2583,2.4854847688,5.5923407298,5.5923407298,6.213711922,8.699196690800001,7.95355126016,5.2609427606266665,6.710808875760001,6.690096502686667,5.882313952826667,5.861601579753334,6.213711922,6.213711922,4.9709695376,7.4564543064,5.5923407298,4.3495983454000005,4.3495983454000005,4.3495983454000005,7.4564543064,9.9419390752,8.077825498600001,10.5633102674,7.4564543064
2584,8.077825498600001,9.25843076378,7.7050027832799985,8.82347092924,9.56911635988,9.56911635988,8.82347092924,9.56911635988,9.56911635988,9.19629364456,10.376898909740001,8.88560804846,10.024788567493333,6.876507860346667,5.758039714386666,6.213711922000002,6.586534637320001,5.385216999066667,3.5211034224666675,3.8939261377866665,6.876507860346667,5.840889206680001,5.012394283746667,7.7050027832799985
2585,11.516079428773333,7.4564543064,9.25843076378,8.077825498600001,6.9593573526400005,5.3852169990666665,4.266748853106667,5.385216999066667,5.012394283746667,4.266748853106667,6.130862429706667,6.876507860346668,4.183899360813334,2.6926084995333337,1.11846814596,2.23693629192,1.11846814596,1.11846814596,0.0,0.0,1.5741403535733334,1.5741403535733334,1.5741403535733334,1.11846814596
2586,3.493486925035556,5.523299486222222,4.280557101822223,2.3888270277911112,1.933154820177778,3.866309640355556,1.836497079168889,3.7972683967777776,2.761649743111111,1.6155650997200002,3.9353508839333338,3.1068559610000004,2.1126620534800002,5.730423216955555,5.799464460533334,3.1068559610000004,7.318371819244445,9.04440290868889,4.114858117235556,10.218104049511112,10.080021562355556,4.805270553013334,7.387413062822223,8.561114203644445
2587,8.82347092924,10.376898909740001,9.19629364456,8.45064821392,8.88560804846,6.503685145026668,7.705002783280001,6.876507860346667,6.58653463732,6.876507860346667,6.130862429706667,6.876507860346667,6.9593573526400005,4.639571568426668,5.758039714386666,6.130862429706667,5.385216999066667,5.3852169990666665,7.249330575666668,5.3852169990666665,5.675190222093335,4.639571568426667,4.556722076133334,5.012394283746667
2588,13.815152839913333,13.0487950362,11.86818977102,13.0487950362,8.88560804846,7.249330575666668,7.311467694886667,5.012394283746667,5.385216999066667,1.5741403535733334,6.130862429706667,5.385216999066667,4.266748853106667,5.095243776040001,2.6926084995333337,0.0,1.5741403535733334,0.0,1.11846814596,2.23693629192,0.0,0.0,1.5741403535733334,2.6926084995333337
2589,3.2311301994400004,2.8168827379733337,1.7398393381600001,2.1955115457733334,4.018200376226667,4.018200376226667,2.8168827379733337,2.60975900724,3.1897054532933335,4.84669529916,4.888120045306667,5.882313952826667,7.000782098786668,7.2079058295200005,7.663578037133334,7.539303798693333,9.424129748366667,11.039694848086668,10.273337044373333,11.909614517166668,11.86818977102,10.2526246713,7.08363159108,6.172287175853334
2590,27.29890771065334,27.671730425973337,27.671730425973337,29.90866671789333,28.39666348354,28.417375856613333,26.55326228001333,25.724767357079998,26.843235503040002,25.72476735708,23.79851666126,24.606299211120003,18.413299662193335,21.10590816172667,19.531767808153333,16.19707574334667,18.413299662193335,16.549186085593337,17.294831516233334,13.442330124593333,15.824253028026668,11.930326890240002,10.729009251986668,10.74972162506
2591,9.217006017633333,8.533497706213334,7.4564543064,6.627959383466667,4.1010498685200005,3.2311301994400004,3.2311301994400004,2.8168827379733337,2.9825817225600004,2.1955115457733334,2.36121053036,1.0356186536666667,1.2013176382533335,2.1540867996266666,1.9469630688933333,0.7456454306400001,1.4498661151333334,2.1955115457733334,2.8168827379733337,3.2311301994400004,4.266748853106667,4.432447837693334,2.8168827379733337,2.8168827379733337
2592,5.302367506773334,5.385216999066667,5.758039714386666,3.4382539301733335,2.6926084995333337,1.5741403535733334,1.5741403535733334,2.3197857842133334,1.11846814596,1.5741403535733334,1.11846814596,2.6926084995333337,3.0654312148533336,3.5211034224666675,1.5741403535733334,3.4382539301733335,4.639571568426668,0.0,0.0,0.0,1.11846814596,2.6926084995333337,1.5741403535733334,1.9469630688933337
2593,2.9825817225600004,0.8284949229333334,1.5741403535733334,1.4498661151333334,2.60975900724,2.1540867996266666,4.018200376226667,4.84669529916,4.432447837693334,5.426641745213334,5.468066491360001,6.006588191266668,5.012394283746667,5.799464460533334,9.320567883,9.776240090613333,11.516079428773333,10.770433998133335,10.107638059786666,9.486266867586668,9.527691613733333,9.56911635988,6.462260398880001,6.710808875760001
2594,9.631253479100002,7.9949760063066675,8.077825498600001,7.33218006796,4.266748853106667,5.012394283746667,6.213711921999999,6.9593573526400005,6.58653463732,6.586534637320001,6.213711921999999,3.0654312148533336,5.0123942837466675,5.758039714386666,5.468066491360001,4.72242106072,3.5211034224666675,1.5741403535733334,2.23693629192,1.9469630688933337,4.639571568426668,4.929544791453334,3.438253930173334,5.840889206680001
2595,2.6926084995333337,3.3554044378800003,1.11846814596,1.11846814596,2.6926084995333337,1.11846814596,1.11846814596,0.0,1.9469630688933337,1.5741403535733334,1.11846814596,1.5741403535733334,3.1482807071466667,2.23693629192,1.5741403535733334,2.6926084995333337,5.840889206680001,4.556722076133334,1.5741403535733334,1.11846814596,1.4912908612800002,1.11846814596,0.0,1.11846814596
2596,4.266748853106667,3.811076645493334,2.6926084995333337,1.9469630688933337,0.0,0.5247134511911111,1.11846814596,0.0,1.5741403535733334,2.23693629192,2.23693629192,3.0654312148533336,4.639571568426668,4.72242106072,3.5211034224666675,5.012394283746667,7.33218006796,7.7050027832799985,7.33218006796,7.33218006796,8.077825498600001,8.82347092924,9.56911635988,11.495367055700001
2597,4.618859195353334,4.246036480033333,6.110150056633334,6.192999548926667,8.802758556166667,6.565822264246667,3.85250139164,4.59814682228,4.970969537600001,3.086143587926667,4.2874612261800005,2.2576486649933334,3.086143587926667,2.713320872606667,2.713320872606667,1.8848259496733337,2.713320872606667,2.2576486649933334,0.7663578037133334,2.713320872606667,2.713320872606667,3.086143587926667,4.6602839415,4.59814682228
2598,4.3495983454000005,3.9353508839333338,4.763845806866667,4.3495983454000005,4.556722076133333,4.3495983454000005,2.899732230266667,2.4854847688,2.6926084995333333,1.2427423844,1.0356186536666667,1.8641135766,0.6213711922,0.6213711922,1.2427423844,1.0356186536666667,1.6569898458666668,3.1068559610000004,3.1068559609999995,2.4854847688,2.278361038066667,0.0,1.0356186536666667,1.0356186536666667
2599,7.663578037133333,5.799464460533334,5.799464460533334,4.3495983454000005,3.7282271532,4.142474614666667,3.5211034224666666,4.142474614666667,2.4854847688,4.9709695376,4.142474614666667,2.6926084995333333,3.7282271532,4.142474614666667,3.7282271532,1.8641135766,3.1068559610000004,2.6926084995333333,3.7282271532,3.5211034224666666,2.6926084995333333,5.385216999066667,3.7282271532,2.6926084995333333
2600,4.680996314573334,5.550915983653333,4.929544791453334,3.0654312148533336,0.37282271532000005,0.37282271532000005,1.2013176382533335,2.0298125611866666,2.029812561186667,0.99419390752,1.8641135766,1.8641135766,1.6569898458666668,2.0712373073333334,2.278361038066667,2.0298125611866666,2.4440600226533333,1.0356186536666667,0.8284949229333334,1.6569898458666668,3.3139796917333335,2.0712373073333334,1.8641135766,2.4854847688
2601,5.84088920668,4.183899360813334,5.468066491360001,5.0123942837466675,4.556722076133334,4.266748853106667,5.840889206680001,3.1482807071466667,2.6926084995333337,1.11846814596,2.6926084995333337,5.012394283746667,3.0654312148533336,5.758039714386666,7.705002783280001,7.3321800679599995,7.705002783280001,9.19629364456,11.433229936479998,9.196293644559999,5.3852169990666665,4.929544791453334,9.19629364456,7.33218006796
2602,5.5094912375066665,7.497879052546668,5.053819029893334,3.6039529147600007,1.2427423844,0.6213711922,1.3670166228400003,1.5741403535733334,1.3670166228400003,1.5741403535733334,2.9825817225600004,3.1897054532933335,4.266748853106667,4.47387258384,5.2609427606266665,6.048012937413333,4.018200376226667,4.680996314573334,3.6039529147600002,3.8525013916400006,4.266748853106667,5.675190222093334,4.47387258384,4.680996314573334
2603,7.70500278328,7.705002783280001,8.88560804846,8.45064821392,11.55750417492,9.196293644559999,7.33218006796,7.33218006796,8.077825498600001,8.45064821392,7.33218006796,7.33218006796,7.33218006796,8.51278533314,10.74972162506,9.56911635988,12.241012486340002,12.675972320880001,14.602223016700002,14.229400301380002,13.794440466840001,13.794440466840001,12.738109440099999,10.376898909740001
2604,13.794440466840001,13.069507409273335,15.741403535733335,21.47873087704667,19.531767808153333,18.848259496733334,17.667654231553332,15.306443701193336,23.77780428818667,17.232694397013336,19.92530289654667,21.913690711586668,19.24179458512667,24.97912192644,19.98744001576667,23.032158857546666,24.171339376580004,30.26077706014,29.2044460334,28.70734907964,25.26909514946667,23.052871230620003,19.987440015766666,14.975045732020002
2605,11.930326890240002,11.86818977102,11.122544340380003,11.06040722116,9.19629364456,8.077825498600001,8.82347092924,7.705002783280001,10.31476179052,7.33218006796,7.705002783280001,7.705002783280001,9.196293644559999,6.58653463732,5.840889206680001,7.7050027832799985,5.840889206680001,5.758039714386666,7.33218006796,6.9593573526400005,7.33218006796,6.9593573526400005,2.6926084995333337,5.302367506773334
2606,3.3139796917333335,2.899732230266667,1.8641135766,2.0712373073333334,1.0356186536666667,1.6569898458666668,1.6569898458666668,1.0356186536666667,1.2427423844,1.4498661151333334,0.0,0.0,0.0,0.0,0.0,0.0,0.8284949229333334,1.4498661151333334,1.2427423844,1.0356186536666667,1.4498661151333334,1.2427423844,1.0356186536666667,1.0356186536666667
2607,8.284949229333334,7.663578037133334,9.527691613733333,7.456454306400001,7.8707017678666675,5.799464460533334,4.763845806866667,3.7282271532,3.5211034224666666,2.2783610380666666,2.0712373073333334,3.3139796917333335,2.278361038066667,2.4854847688,2.2783610380666666,2.2783610380666666,2.6926084995333333,4.556722076133334,3.1068559609999995,3.3139796917333335,3.3139796917333335,0.6213711922,1.8641135766,2.2783610380666666
2608,4.3495983454000005,6.006588191266668,5.3852169990666665,4.9709695376,3.9353508839333338,5.178093268333334,4.556722076133333,3.3139796917333335,4.3495983454000005,3.5211034224666666,1.6569898458666668,3.1068559610000004,1.8641135766,2.899732230266667,2.899732230266667,2.899732230266667,3.1068559610000004,1.8641135766,2.6926084995333333,1.8641135766,2.4854847688,2.0712373073333334,2.278361038066667,1.2427423844
2609,12.7381094401,14.975045732020002,16.09351387798,9.19629364456,8.077825498600001,9.19629364456,8.077825498600001,9.19629364456,6.95935735264,9.19629364456,9.19629364456,18.3304501699,20.8159349387,24.17133937658,20.8159349387,18.3304501699,28.831623318080002,29.950091464040003,29.950091464040003,28.831623318080002,32.18702775596,33.305495901920004,25.289807522540002,25.289807522540002
2610,5.758039714386668,4.639571568426668,8.76133381002,5.260942760626667,7.33218006796,6.58653463732,4.611955070995556,4.363406594115556,4.81907880172889,4.391023091546667,3.0654312148533336,1.5741403535733334,3.590144666044445,1.5741403535733334,2.3197857842133334,4.266748853106667,4.363406594115556,4.335790096684445,4.832887050444445,7.70500278328,5.716614968239999,8.699196690800001,9.19629364456,7.08363159108
2611,8.45064821392,8.45064821392,7.33218006796,8.077825498600001,7.7050027832799985,7.705002783280001,6.9593573526400005,6.586534637320001,5.012394283746667,6.9593573526400005,4.72242106072,5.468066491360001,3.8939261377866665,3.811076645493334,4.266748853106667,5.468066491360001,5.385216999066667,3.3554044378800003,5.012394283746667,3.0654312148533336,5.84088920668,6.213711921999999,6.213711922000001,7.33218006796
2612,4.3495983454000005,6.006588191266668,5.3852169990666665,4.9709695376,3.9353508839333338,5.178093268333334,4.556722076133333,3.3139796917333335,4.3495983454000005,3.5211034224666666,1.6569898458666668,3.1068559610000004,1.8641135766,2.899732230266667,2.899732230266667,2.899732230266667,3.1068559610000004,1.8641135766,2.6926084995333333,1.8641135766,2.4854847688,2.0712373073333334,2.278361038066667,1.2427423844
2613,2.36121053036,2.5683342610933337,0.0,0.0,0.7456454306400001,0.0,0.7456454306400001,0.0,0.0,0.7456454306400001,0.7456454306400001,1.11846814596,1.4498661151333334,2.1955115457733334,4.970969537600001,5.385216999066667,6.048012937413333,5.260942760626667,7.042206844933333,5.21951801448,3.6039529147600007,5.2609427606266665,4.266748853106667,5.219518014479999
2614,2.3197857842133334,3.811076645493334,1.11846814596,1.5741403535733334,1.5741403535733334,0.0,3.1482807071466667,3.811076645493334,3.5211034224666675,4.639571568426668,3.5211034224666675,3.8939261377866665,1.11846814596,3.0654312148533336,1.5741403535733334,3.1482807071466667,2.3197857842133334,1.11846814596,1.9469630688933337,1.5741403535733334,1.5741403535733334,1.9469630688933337,5.09524377604,5.012394283746667
2615,2.6926084995333337,3.811076645493334,1.11846814596,0.0,4.266748853106667,2.23693629192,0.0,0.0,0.0,1.5741403535733334,1.11846814596,2.6926084995333337,3.1482807071466667,2.23693629192,1.5741403535733334,3.8110766454933334,4.266748853106667,3.4382539301733335,0.0,1.11846814596,1.11846814596,1.11846814596,0.0,1.11846814596
2616,4.47387258384,3.6453776609066666,2.9825817225600004,3.2311301994400004,3.6039529147600007,4.639571568426667,3.2311301994400004,2.1955115457733334,1.9469630688933333,1.9469630688933337,3.6453776609066666,4.639571568426667,5.550915983653333,5.136668522186667,8.492072960066666,6.710808875760001,9.424129748366667,11.246818578820003,10.68758450584,12.945233170833333,11.66106604028667,9.838377209833334,7.497879052546668,6.793658368053333
2617,7.42883780896889,5.564724232368889,4.639571568426667,4.639571568426667,5.468066491360001,5.219518014480001,5.965163445120001,4.032008624942223,3.1482807071466667,5.357600501635556,3.4382539301733335,3.0654312148533336,3.5211034224666675,4.266748853106667,1.0218104049511112,4.114858117235555,2.0160043124711113,2.6649920021022226,0.5247134511911111,2.23693629192,1.5741403535733334,2.0160043124711113,2.595950758524445,4.294365350537778
2618,4.266748853106667,3.5211034224666675,5.012394283746667,5.012394283746667,5.012394283746667,6.9593573526400005,3.5211034224666675,6.213711922000002,4.639571568426668,6.213711922000001,3.8939261377866674,4.556722076133334,4.72242106072,5.0123942837466675,6.213711922000001,9.56911635988,8.885608048460002,10.31476179052,7.7050027832799985,7.70500278328,7.70500278328,7.33218006796,1.5741403535733334,1.11846814596
2619,5.3852169990666665,2.899732230266667,1.8641135766,3.3139796917333335,2.899732230266667,1.8641135766,2.4854847688,6.213711922000001,5.5923407298,5.178093268333334,6.213711922000001,7.249330575666666,7.042206844933333,6.4208356527333335,9.941939075200002,11.598928921066667,12.427423844000002,11.1846814596,10.5633102674,8.699196690800001,9.527691613733333,8.492072960066666,5.178093268333334,6.627959383466667
2620,0.0,0.0,0.0,0.0,0.0,0.0,0.0,0.0,0.0,1.5741403535733334,3.5211034224666675,3.8939261377866674,3.0654312148533336,1.5741403535733334,3.1482807071466667,2.6926084995333337,0.0,2.23693629192,1.11846814596,1.5741403535733334,0.0,0.0,0.0,1.5741403535733334
2621,7.705002783280001,6.58653463732,7.5807285448399995,6.462260398880001,6.58653463732,6.9593573526400005,6.18609542456889,5.5647242323688895,4.81907880172889,5.5923407298,3.8110766454933334,2.6926084995333337,0.5247134511911111,2.6926084995333337,3.5211034224666675,2.6926084995333337,4.736229309435555,3.5072951737511118,3.6315694121911117,4.183899360813334,7.2079058295200005,7.58072854484,7.33218006796,7.4564543064
2622,7.705002783280001,6.9593573526400005,1.9469630688933337,1.11846814596,4.266748853106667,1.11846814596,1.5741403535733334,1.11846814596,0.0,2.23693629192,4.72242106072,1.9469630688933337,1.9469630688933337,3.1482807071466667,4.183899360813334,5.012394283746667,4.639571568426668,1.11846814596,7.311467694886667,9.175581271486667,8.367798721626668,12.220300113266665,16.114226251053335,15.720691162659998
2623,1.5741403535733334,2.23693629192,3.811076645493334,1.11846814596,1.11846814596,0.0,1.5741403535733334,2.23693629192,1.11846814596,1.11846814596,0.0,1.5741403535733334,1.11846814596,1.5741403535733334,1.11846814596,1.5741403535733334,7.705002783280001,7.70500278328,7.7050027832799985,8.0778254986,8.077825498600001,8.82347092924,6.58653463732,5.012394283746667
2624,4.183899360813334,5.012394283746667,7.705002783280001,6.58653463732,7.7050027832799985,8.0778254986,5.840889206680001,5.840889206680001,4.639571568426668,2.6926084995333337,3.1482807071466667,0.0,1.11846814596,3.0654312148533336,3.5211034224666675,3.5211034224666675,2.6926084995333337,5.3852169990666665,6.58653463732,5.09524377604,4.639571568426668,3.5211034224666675,3.811076645493334,3.811076645493334
2625,1.11846814596,0.0,3.0654312148533336,2.3197857842133334,1.11846814596,1.11846814596,4.991681910673334,0.0,0.0,0.0,0.0,4.246036480033333,1.11846814596,3.8110766454933334,0.0,1.5741403535733334,1.11846814596,10.729009251986668,9.237718390706668,0.0,0.0,8.802758556166667,6.565822264246667,1.9469630688933337
2626,8.82347092924,10.376898909740001,9.19629364456,8.45064821392,8.88560804846,6.503685145026668,7.705002783280001,6.876507860346667,6.58653463732,6.876507860346667,6.130862429706667,6.876507860346667,6.9593573526400005,4.639571568426668,5.758039714386666,6.130862429706667,5.385216999066667,5.3852169990666665,7.249330575666668,5.3852169990666665,5.675190222093335,4.639571568426667,4.556722076133334,5.012394283746667
2627,7.4564543064,7.249330575666668,8.077825498600001,7.4564543064,6.8350831142,6.835083114200001,5.385216999066667,4.763845806866667,5.178093268333334,3.3139796917333335,2.6926084995333333,4.142474614666667,2.4854847688,2.278361038066667,4.142474614666667,2.6926084995333333,3.3139796917333335,4.142474614666667,5.178093268333333,3.5211034224666666,3.7282271532,1.4498661151333334,2.6926084995333333,2.2783610380666666
2628,10.00407619442,11.86818977102,10.376898909740001,8.82347092924,3.0654312148533336,2.6926084995333337,1.9469630688933337,0.0,0.0,1.5741403535733334,4.639571568426667,3.0654312148533336,3.8939261377866674,1.5741403535733334,2.6926084995333337,0.0,3.8939261377866674,2.3197857842133334,4.639571568426668,5.385216999066667,5.758039714386666,5.012394283746667,3.0654312148533336,2.23693629192
2629,5.233326263195556,6.558918139888889,8.202099737040001,8.202099737040001,8.82347092924,8.202099737040001,9.04440290868889,8.17448323960889,8.54730595492889,8.67158019336889,9.168677147128891,8.671580193368891,7.056015093648889,9.56911635988,8.45064821392,10.770433998133333,13.311151761795557,17.667654231553332,17.21198202394,17.301735640591108,18.654944014715557,14.305345669315557,13.960139451426668,11.764627905653334
2630,6.876507860346667,9.548403986806667,7.705002783280001,9.56911635988,6.876507860346667,4.639571568426667,2.6926084995333337,1.11846814596,0.0,0.0,2.23693629192,3.811076645493334,0.0,5.095243776040001,1.5741403535733334,3.0654312148533336,2.6926084995333337,2.6926084995333337,3.1482807071466667,4.183899360813334,4.72242106072,2.6926084995333337,1.11846814596,1.11846814596
2631,10.74972162506,11.495367055700001,10.687584505840002,10.687584505840002,9.19629364456,11.122544340380001,6.876507860346668,10.004076194420001,10.37689890974,8.45064821392,9.631253479100002,8.450648213920001,11.495367055700001,7.622153290986667,8.740621436946666,10.376898909740001,9.6312534791,11.205393832673336,13.815152839913337,12.758821813173334,15.741403535733335,17.294831516233334,19.531767808153337,19.904590523473335
2632,4.266748853106667,5.3852169990666665,3.8939261377866665,0.0,1.5741403535733334,0.0,1.5741403535733334,6.9593573526400005,5.095243776040001,5.0123942837466675,3.1482807071466667,2.3197857842133334,1.5741403535733334,1.9469630688933337,2.6926084995333337,1.11846814596,2.3197857842133334,1.5741403535733334,5.468066491360001,4.266748853106667,5.095243776040001,5.468066491360001,2.6926084995333337,1.9469630688933337
2633,1.11846814596,5.0123942837466675,1.5741403535733334,6.213711922000001,6.213711922000001,7.3321800679599995,8.450648213920001,5.012394283746667,3.5211034224666675,3.0654312148533336,3.1482807071466667,1.9469630688933337,1.11846814596,1.11846814596,1.5741403535733334,2.23693629192,2.23693629192,1.5741403535733334,2.6926084995333337,6.503685145026668,6.58653463732,4.266748853106667,3.8939261377866665,3.8110766454933334
2634,11.122544340380001,10.31476179052,10.74972162506,9.941939075200002,8.82347092924,10.004076194420001,8.82347092924,8.077825498600001,8.077825498600001,7.33218006796,7.70500278328,8.0778254986,8.45064821392,6.58653463732,4.639571568426668,6.58653463732,5.840889206680001,5.840889206680001,7.705002783280001,4.639571568426667,6.58653463732,5.385216999066667,2.6926084995333337,10.004076194420001
2635,6.959357352640001,4.556722076133334,3.4382539301733335,3.4382539301733335,4.266748853106667,5.012394283746667,4.639571568426667,3.811076645493334,2.6926084995333337,5.012394283746667,5.012394283746667,4.183899360813334,2.6926084995333337,3.8939261377866674,2.6926084995333337,4.266748853106667,2.6926084995333337,2.6926084995333337,0.0,1.9469630688933337,3.5211034224666675,3.811076645493334,1.9469630688933337,1.5741403535733334
2636,5.012394283746667,6.876507860346668,5.758039714386666,6.213711922000001,5.840889206680001,6.9593573526400005,5.385216999066667,5.468066491360001,4.266748853106667,2.3197857842133334,2.6926084995333337,4.266748853106667,4.266748853106667,4.639571568426668,3.5211034224666675,3.1482807071466667,4.639571568426668,1.5741403535733334,4.183899360813334,3.4382539301733335,2.6926084995333337,4.266748853106667,3.5211034224666675,7.33218006796
2637,1.11846814596,0.7732619280711112,1.2427423844000003,0.0,2.2645527893511113,3.1551848315044446,2.5683342610933337,3.369212686595556,4.135570490308889,2.941156976413333,5.585436605442223,6.579630512962223,2.941156976413333,7.532399674335555,7.684290410206667,3.5625281686133334,8.374702845984444,8.181387363966666,3.6868024070533334,8.029496628095558,7.780948151215557,3.5625281686133334,6.883411984704445,6.386315030944445
2638,8.82347092924,10.004076194420001,11.868189771019999,10.811858744280002,11.122544340380001,11.495367055700001,11.1846814596,8.45064821392,8.885608048460002,8.0778254986,8.0778254986,9.25843076378,8.82347092924,8.82347092924,7.705002783280001,11.495367055700001,11.495367055700001,10.00407619442,10.68758450584,10.004076194420001,9.9419390752,8.82347092924,7.33218006796,5.385216999066667
2639,5.5094912375066665,7.497879052546668,5.053819029893334,3.6039529147600007,1.2427423844,0.6213711922,1.3670166228400003,1.5741403535733334,1.3670166228400003,1.5741403535733334,2.9825817225600004,3.1897054532933335,4.266748853106667,4.47387258384,5.2609427606266665,6.048012937413333,4.018200376226667,4.680996314573334,3.6039529147600002,3.8525013916400006,4.266748853106667,5.675190222093334,4.47387258384,4.680996314573334
2640,10.004076194420001,7.3321800679599995,7.33218006796,6.876507860346667,11.122544340380001,5.840889206680001,4.72242106072,3.438253930173334,2.6097590072400005,1.4912908612800002,2.9825817225600004,1.8641135766,2.3197857842133334,3.0654312148533336,3.8110766454933334,2.23693629192,1.5741403535733334,3.4382539301733335,3.1482807071466667,4.639571568426667,5.758039714386666,5.385216999066667,3.8939261377866665,1.11846814596
2641,8.077825498600001,7.8707017678666675,7.042206844933335,3.3139796917333335,3.3139796917333335,2.2783610380666666,0.8284949229333334,1.2427423844,1.4498661151333334,1.4498661151333334,3.3139796917333335,2.899732230266667,5.178093268333334,4.3495983454000005,4.142474614666667,3.9353508839333338,2.4854847688,1.4498661151333334,1.2427423844,3.7282271532,5.178093268333334,6.006588191266668,5.178093268333334,4.763845806866667
2642,7.33218006796,9.56911635988,9.56911635988,8.45064821392,6.9593573526400005,8.45064821392,7.33218006796,5.840889206680001,5.840889206680001,6.58653463732,6.58653463732,5.840889206680001,6.213711922000002,5.758039714386666,6.586534637320001,6.213711922000001,8.077825498600001,8.077825498600001,5.468066491360001,3.8939261377866674,4.639571568426668,4.639571568426668,3.811076645493334,5.012394283746667
2643,9.9419390752,9.320567883,7.4564543064,3.106855961,3.106855961,2.4854847688,2.4854847688,1.8641135766,3.106855961,4.3495983454000005,5.5923407298,2.4854847688,4.9709695376,4.9709695376,3.106855961,1.8641135766,2.4854847688,2.4854847688,0.0,4.9709695376,7.4564543064,8.077825498600001,7.4564543064,5.5923407298
2644,5.385216999066667,5.0123942837466675,7.33218006796,3.811076645493334,4.639571568426668,3.0654312148533336,6.503685145026666,7.33218006796,6.586534637320001,6.9593573526400005,3.0654312148533336,6.58653463732,5.3852169990666665,7.684290410206668,9.921226702126669,8.057113125526667,10.004076194420001,14.229400301380002,16.487048966373333,16.09351387798,18.786122377513333,17.294831516233334,15.720691162660001,12.98665791698
2645,4.3495983454000005,4.9709695376,3.106855961,3.7282271532,3.106855961,3.106855961,2.4854847688,0.0,0.0,3.106855961,3.106855961,3.106855961,0.0,0.0,1.8641135766,3.7282271532,2.4854847688,3.7282271532,7.4564543064,3.7282271532,2.4854847688,4.3495983454000005,3.106855961,4.3495983454000005
2646,10.459748402033334,8.947745167679999,10.5633102674,8.699196690800001,9.900514329053333,6.337986160440001,5.302367506773334,3.85250139164,3.6039529147600007,3.0240064687066663,3.189705453293333,3.3139796917333335,2.651183753386667,3.6039529147600002,3.3968291840266667,3.024006468706667,1.6569898458666668,3.4382539301733335,3.6453776609066666,3.8525013916400006,3.2311301994400004,2.5683342610933337,2.60975900724,3.024006468706667
2647,7.415029560253333,8.326373975480001,7.539303798693335,6.048012937413334,8.057113125526667,4.266748853106667,3.1482807071466667,3.7282271532,2.1126620534800002,0.7456454306400001,3.1068559610000004,2.899732230266667,2.7754579918266664,2.9825817225600004,3.5211034224666675,1.4912908612800002,2.1955115457733334,2.6926084995333333,1.5741403535733334,3.6868024070533334,7.08363159108,4.680996314573334,4.183899360813334,1.4084413689866668
2648,1.8641135766,2.4854847688,3.106855961,1.8641135766,3.106855961,3.106855961,0.0,2.4854847688,2.4854847688,3.106855961,3.7282271532,3.106855961,4.3495983454000005,3.106855961,3.7282271532,6.213711922,6.213711922,6.835083114200001,6.835083114200001,4.3495983454000005,6.835083114200001,6.835083114200001,4.9709695376,4.3495983454000005
2649,3.4382539301733335,1.5741403535733334,0.0,0.37282271532000005,0.6213711922,1.5741403535733334,1.5741403535733334,1.5741403535733334,0.0,2.7754579918266664,2.1540867996266666,0.0,2.1540867996266666,1.5741403535733334,2.7754579918266664,2.402635276506667,0.6213711922,6.213711922000001,7.622153290986667,5.2609427606266665,5.633765475946667,5.426641745213334,3.3968291840266667,2.402635276506667
2650,8.284949229333334,7.663578037133334,9.527691613733333,7.456454306400001,7.8707017678666675,5.799464460533334,4.763845806866667,3.7282271532,3.5211034224666666,2.2783610380666666,2.0712373073333334,3.3139796917333335,2.278361038066667,2.4854847688,2.2783610380666666,2.2783610380666666,2.6926084995333333,4.556722076133334,3.1068559609999995,3.3139796917333335,3.3139796917333335,0.6213711922,1.8641135766,2.2783610380666666
2651,1.5741403535733334,1.4084413689866668,0.37282271532000005,0.37282271532000005,0.37282271532000005,1.2013176382533335,1.2013176382533335,2.0298125611866666,1.4084413689866668,0.37282271532000005,0.8284949229333334,0.8284949229333334,0.0,0.0,0.8284949229333334,2.0298125611866666,0.37282271532000005,0.8284949229333334,0.0,0.8284949229333334,1.0356186536666667,0.8284949229333334,1.0356186536666667,0.0
2652,6.835083114200001,9.320567883,4.9709695376,4.3495983454000005,0.0,7.4564543064,4.3495983454000005,0.0,2.4854847688,3.106855961,2.4854847688,2.4854847688,2.4854847688,3.106855961,0.0,4.3495983454000005,4.9709695376,5.5923407298,6.213711922,3.106855961,4.9709695376,4.3495983454000005,1.8641135766,0.0
2653,3.024006468706667,2.2369362919199998,2.0298125611866666,1.2013176382533335,0.37282271532000005,0.37282271532000005,1.2013176382533335,0.99419390752,1.4084413689866668,0.99419390752,0.6213711922,0.8284949229333334,0.8284949229333334,1.0356186536666667,1.4498661151333334,2.0298125611866666,1.8226888304533333,1.0356186536666667,0.8284949229333334,1.0356186536666667,1.2427423844,0.8284949229333334,0.8284949229333334,1.4498661151333334
2654,9.25843076378,10.74972162506,12.241012486340002,11.1846814596,12.30314960556,10.74972162506,8.82347092924,7.705002783280001,8.077825498600001,5.840889206680001,6.9593573526400005,5.758039714386668,6.9593573526400005,6.586534637320001,8.0778254986,7.70500278328,9.19629364456,11.122544340380001,11.495367055700001,8.450648213920001,8.45064821392,10.376898909740001,11.495367055700001,8.82347092924
2655,9.56911635988,11.495367055700001,9.19629364456,9.19629364456,9.631253479100002,7.249330575666666,7.705002783280001,7.70500278328,7.33218006796,7.70500278328,6.58653463732,7.70500278328,7.7050027832799985,5.758039714386668,7.33218006796,7.705002783280001,7.33218006796,6.503685145026666,7.705002783280001,5.3852169990666665,6.130862429706667,6.213711922000001,5.385216999066667,5.012394283746667
2656,3.0654312148533336,3.811076645493334,4.639571568426668,4.266748853106667,3.0654312148533336,1.5741403535733334,0.0,1.11846814596,1.11846814596,2.6926084995333337,1.5741403535733334,3.0654312148533336,3.8939261377866665,4.266748853106667,3.5211034224666675,4.266748853106667,4.266748853106667,4.639571568426668,8.077825498600001,6.503685145026668,6.9593573526400005,8.077825498600001,1.11846814596,0.0
2657,14.540085897480003,16.922008800913332,9.9419390752,15.34786844734,8.077825498600001,9.56911635988,7.705002783280001,3.0654312148533336,2.6926084995333337,6.213711922000001,4.266748853106667,4.183899360813334,3.1482807071466667,3.8939261377866674,2.23693629192,1.5741403535733334,5.09524377604,2.6926084995333337,7.705002783280001,3.8110766454933334,4.266748853106667,3.1482807071466667,2.23693629192,5.758039714386666
2658,12.675972320880001,10.376898909740001,9.56911635988,10.004076194420001,7.705002783280001,4.639571568426667,1.11846814596,2.23693629192,2.6926084995333337,4.266748853106667,2.6926084995333337,3.1482807071466667,3.1482807071466667,0.0,3.811076645493334,3.1482807071466667,2.6926084995333337,4.266748853106667,6.130862429706667,4.639571568426668,5.164285019617778,1.9469630688933337,4.639571568426668,1.5741403535733334
2659,5.5094912375066665,7.497879052546668,5.053819029893334,3.6039529147600002,1.2427423844,0.6213711922,1.3670166228400003,1.5741403535733334,1.3670166228400003,1.5741403535733334,2.9825817225600004,3.1897054532933335,4.266748853106667,4.47387258384,5.2609427606266665,6.048012937413334,4.018200376226667,4.680996314573334,3.6039529147600002,3.8525013916400006,4.266748853106667,5.675190222093334,4.47387258384,4.680996314573334
2660,5.758039714386666,7.249330575666669,6.503685145026668,4.639571568426667,3.5211034224666675,1.5741403535733334,0.0,0.0,1.5741403535733334,3.0654312148533336,1.11846814596,1.11846814596,1.11846814596,2.4164435252222223,2.23693629192,1.11846814596,3.811076645493334,0.0,4.266748853106667,4.266748853106667,3.3554044378800003,0.7456454306400001,0.0,0.0
2661,5.5923407298,4.142474614666667,5.178093268333334,3.3139796917333335,1.6569898458666668,0.8284949229333334,2.6926084995333337,2.4854847688,1.8641135766,2.0712373073333334,3.3139796917333335,2.899732230266667,5.178093268333334,3.1068559610000004,3.3139796917333335,5.5923407298,6.4208356527333335,7.042206844933332,9.734815344466668,10.5633102674,10.770433998133333,9.113444152266666,8.077825498600001,7.4564543064
2662,2.6926084995333337,2.6926084995333337,3.0654312148533336,3.811076645493334,6.9593573526400005,6.959357352640001,5.840889206680001,6.58653463732,5.385216999066667,4.266748853106667,5.758039714386666,8.429935840846667,6.938644979566668,12.696684693953335,13.131644528493334,4.266748853106667,4.266748853106667,6.503685145026668,7.622153290986667,3.438253930173334,10.37689890974,11.495367055700001,8.492072960066666,10.376898909740001
2663,30.260777060139997,23.032158857546666,26.843235503040002,18.04047694687333,17.605517112333334,11.55750417492,19.531767808153333,14.6022230167,17.294831516233334,17.294831516233334,11.101831967306666,9.983363821346666,10.376898909740001,6.9593573526400005,9.175581271486667,11.930326890240002,9.921226702126669,10.06621331364,20.443112223380002,10.811858744280002,19.98744001576667,16.114226251053335,12.241012486340002,12.303149605560002
2664,13.442330124593335,6.9593573526400005,2.23693629192,4.556722076133333,5.758039714386666,5.758039714386668,2.3197857842133334,3.438253930173334,1.0218104049511112,3.4382539301733335,1.11846814596,2.23693629192,3.438253930173334,0.0,1.5741403535733334,2.347402281644445,3.811076645493334,1.5741403535733334,1.9469630688933337,5.09524377604,6.503685145026668,4.929544791453334,10.2526246713,9.19629364456
2665,4.3495983454000005,3.9353508839333338,4.763845806866667,4.3495983454000005,4.556722076133333,4.3495983454000005,2.899732230266667,2.4854847688,2.6926084995333333,1.2427423844,1.0356186536666667,1.8641135766,0.6213711922,0.6213711922,1.2427423844,1.0356186536666667,1.6569898458666668,3.1068559610000004,3.1068559609999995,2.4854847688,2.278361038066667,0.0,1.0356186536666667,1.0356186536666667
2666,3.106855961,0.0,0.0,3.7282271532,4.3495983454000005,4.3495983454000005,4.3495983454000005,3.7282271532,2.4854847688,6.213711922,6.213711922,6.213711922,6.213711922,6.213711922,4.9709695376,4.3495983454000005,4.9709695376,5.5923407298,3.7282271532,3.7282271532,4.9709695376,4.3495983454000005,3.7282271532,4.9709695376
2667,2.8721157328355553,0.8008784255022223,1.0632351510977778,0.0,0.8975361665111111,2.0021960637555556,0.0,0.3452062178888889,2.209319794488889,0.0,1.4498661151333334,1.933154820177778,0.6213711922,0.0,2.154086799626667,0.6213711922,2.513101266231111,4.22532410696,2.0712373073333334,2.8583074841199996,3.783460148062223,0.0,2.2921692867822223,1.8917300740311112
2668,2.6926084995333337,1.5741403535733334,1.9469630688933337,3.438253930173334,4.183899360813334,3.0654312148533336,2.6926084995333337,1.11846814596,1.9469630688933337,1.9469630688933337,3.8939261377866665,1.5741403535733334,1.9469630688933337,5.302367506773334,4.556722076133334,3.8939261377866665,3.4382539301733335,4.556722076133333,3.0654312148533336,4.639571568426668,2.23693629192,2.6926084995333337,4.266748853106667,2.3197857842133334
2669,5.5923407298,3.7282271532,4.9709695376,9.113444152266668,6.213711922000001,3.5211034224666666,2.0712373073333334,3.7282271532,3.3139796917333335,4.142474614666667,4.556722076133333,4.763845806866667,6.213711922,7.4564543064,9.9419390752,9.9419390752,8.699196690800001,8.077825498600001,8.699196690800001,10.5633102674,17.398393381600002,11.8060526518,10.5633102674,9.320567883
2670,16.549186085593334,16.114226251053335,15.741403535733333,21.85155359236667,19.614617300446668,12.675972320880001,13.131644528493334,13.0487950362,12.303149605560002,11.86818977102,11.55750417492,11.55750417492,10.004076194420001,11.557504174920004,9.25843076378,9.631253479100002,9.9419390752,10.00407619442,9.6312534791,4.639571568426667,5.3852169990666665,5.840889206680001,6.503685145026668,4.183899360813334
2671,4.9709695376,2.4854847688,3.106855961,1.8641135766,3.106855961,1.8641135766,1.8641135766,0.0,1.8641135766,0.0,1.8641135766,4.3495983454000005,7.4564543064,0.0,6.213711922,5.5923407298,5.5923407298,6.213711922,6.213711922,6.213711922,8.699196690800001,7.4564543064,6.835083114200001,5.5923407298
2672,8.077825498600001,7.33218006796,8.45064821392,7.705002783280001,6.9593573526400005,8.077825498600001,8.82347092924,8.0778254986,10.376898909740001,10.004076194420001,10.004076194420001,8.45064821392,10.376898909740001,11.122544340380001,11.86818977102,12.30314960556,10.376898909740001,10.004076194420001,7.33218006796,9.19629364456,8.82347092924,7.705002783280001,6.9593573526400005,2.23693629192
2673,3.5211034224666675,3.5211034224666675,5.758039714386666,2.3197857842133334,1.11846814596,2.6926084995333337,1.11846814596,3.1482807071466667,0.0,1.11846814596,1.5741403535733334,1.11846814596,2.6926084995333337,4.266748853106667,1.5741403535733334,3.8939261377866674,3.0654312148533336,1.5741403535733334,1.11846814596,1.11846814596,0.0,0.0,0.0,0.0
2674,6.58653463732,7.705002783280001,9.19629364456,8.0778254986,9.19629364456,9.9419390752,9.19629364456,11.495367055700001,12.241012486340002,11.122544340380003,11.122544340380001,10.74972162506,9.56911635988,10.74972162506,12.303149605560002,14.229400301380002,13.856577586060004,15.803540654953332,12.675972320880001,14.167263182160001,14.602223016700002,13.794440466840001,14.602223016700002,10.31476179052
2675,3.369212686595556,3.369212686595556,5.343792252920001,0.7456454306400001,14.305345669315557,9.617445230384446,6.199903673284446,8.39541521905778,7.4564543064,7.649769788417778,12.268628983771114,15.265018955046665,7.649769788417778,13.421617751520003,10.294049417446667,11.737011408222223,12.227204237624443,10.853283490426668,8.519689457497778,16.19707574334667,15.90710252032,16.190171618988888,12.986657916980002,16.92891292527111
2676,2.6926084995333337,4.639571568426668,3.4382539301733335,3.8939261377866665,3.8110766454933334,2.23693629192,6.565822264246667,5.820176833606666,3.5211034224666675,1.9469630688933337,5.758039714386666,3.8939261377866665,2.6926084995333337,2.6926084995333337,3.8939261377866665,6.586534637320001,6.482972771953334,7.705002783280001,5.385216999066667,8.139962617820002,10.004076194420001,6.048012937413334,3.438253930173334,2.6926084995333337
2677,10.004076194420001,7.3321800679599995,7.33218006796,6.876507860346667,11.122544340380001,5.840889206680001,4.72242106072,3.438253930173334,2.6097590072400005,1.4912908612800002,2.9825817225600004,1.8641135766,2.3197857842133334,3.0654312148533336,3.8110766454933334,2.23693629192,1.5741403535733334,3.4382539301733335,3.1482807071466667,4.639571568426667,5.758039714386666,5.385216999066667,3.8939261377866665,1.11846814596
2678,4.515297329986667,5.965163445120001,4.142474614666667,3.1897054532933335,1.4084413689866668,0.99419390752,0.0,0.0,0.37282271532000005,2.6926084995333337,2.3197857842133334,4.391023091546667,4.142474614666667,4.391023091546667,2.0298125611866666,3.024006468706667,1.4084413689866668,1.11846814596,2.6926084995333337,3.7282271532,5.178093268333334,3.4796786763200003,3.9353508839333338,4.142474614666667
2679,4.888120045306667,2.402635276506667,3.1897054532933335,3.7282271532,2.6926084995333333,3.5211034224666666,2.6926084995333337,1.0356186536666667,4.142474614666667,2.6926084995333333,4.3495983454000005,5.799464460533334,7.290755321813333,0.0,6.462260398880001,5.675190222093334,5.675190222093334,6.462260398880001,6.08943768356,6.08943768356,8.864895675386668,7.290755321813333,6.876507860346667,5.675190222093334
2680,7.456454306400001,4.970969537600001,4.556722076133333,3.9353508839333338,2.278361038066667,2.899732230266667,2.0712373073333334,1.0356186536666667,3.5211034224666666,2.6926084995333333,4.556722076133333,5.178093268333334,4.763845806866667,0.6213711922,5.178093268333334,3.9353508839333338,3.1068559610000004,4.9709695376,4.763845806866667,4.142474614666667,4.3495983454000005,5.385216999066667,3.3139796917333335,3.5211034224666666
2681,3.0654312148533336,2.6926084995333337,3.0654312148533336,3.8939261377866674,3.811076645493334,2.4164435252222227,2.6926084995333337,2.6926084995333337,5.385216999066667,1.9469630688933337,1.11846814596,3.0930477122844446,3.8110766454933334,4.266748853106667,1.9469630688933337,1.5741403535733334,3.0654312148533336,2.8721157328355553,1.5741403535733334,0.0,5.758039714386666,7.684290410206667,6.938644979566668,9.320567883
2682,1.11846814596,1.11846814596,1.11846814596,0.0,0.0,1.5741403535733334,0.0,1.11846814596,1.11846814596,1.11846814596,2.3197857842133334,1.11846814596,1.11846814596,1.11846814596,1.5741403535733334,3.5211034224666675,4.266748853106667,6.876507860346667,5.758039714386666,5.012394283746667,5.840889206680001,4.266748853106667,4.639571568426667,2.23693629192
2683,8.844183302313334,8.202099737040001,10.74972162506,6.58653463732,7.33218006796,6.9593573526400005,6.9593573526400005,6.213711922000002,6.9593573526400005,5.840889206680001,6.213711922000002,6.586534637320001,5.468066491360001,3.0654312148533336,3.811076645493334,1.5741403535733334,3.4382539301733335,4.639571568426668,0.0,0.0,1.5741403535733334,4.266748853106667,1.9469630688933337,0.0
2684,1.11846814596,1.5741403535733334,3.1482807071466667,3.4382539301733335,1.11846814596,3.5211034224666675,1.5741403535733334,1.11846814596,1.5741403535733334,1.5741403535733334,0.0,1.5741403535733334,2.23693629192,1.11846814596,0.0,1.11846814596,1.9469630688933337,3.1482807071466667,1.11846814596,2.6926084995333337,2.23693629192,1.5741403535733334,2.23693629192,3.5211034224666675
2685,1.11846814596,0.0,1.5741403535733334,3.0654312148533336,3.0654312148533336,2.3197857842133334,3.8939261377866665,2.23693629192,4.639571568426668,2.6926084995333337,4.639571568426667,1.9469630688933337,1.9469630688933337,1.5741403535733334,4.266748853106667,2.23693629192,2.6926084995333337,2.6926084995333337,2.6926084995333337,4.266748853106667,4.266748853106667,1.5741403535733334,3.0654312148533336,1.5741403535733334
2686,4.9709695376,8.077825498600001,4.9709695376,4.9709695376,2.4854847688,0.0,2.4854847688,3.106855961,4.9709695376,2.4854847688,3.106855961,2.4854847688,6.835083114200001,6.835083114200001,5.5923407298,3.106855961,4.9709695376,0.0,0.0,3.106855961,2.4854847688,2.4854847688,5.5923407298,6.835083114200001
2687,2.6926084995333337,3.3554044378800003,2.6926084995333337,2.23693629192,4.72242106072,1.11846814596,1.11846814596,0.0,1.11846814596,0.0,0.0,1.11846814596,1.11846814596,1.11846814596,3.1482807071466667,2.6926084995333337,5.012394283746667,5.09524377604,5.84088920668,5.012394283746667,5.758039714386666,5.012394283746667,4.72242106072,3.1482807071466667
2688,5.5923407298,4.142474614666667,5.178093268333334,3.3139796917333335,1.6569898458666668,0.8284949229333334,2.6926084995333337,2.4854847688,1.8641135766,2.0712373073333334,3.3139796917333335,2.899732230266667,5.178093268333334,3.1068559610000004,3.3139796917333335,5.5923407298,6.4208356527333335,7.042206844933332,9.734815344466668,10.5633102674,10.770433998133333,9.113444152266666,8.077825498600001,7.4564543064
2689,0.8284949229333334,1.0356186536666667,0.0,0.0,0.0,0.8284949229333334,0.8284949229333334,1.6569898458666668,1.0356186536666667,0.0,0.8284949229333334,0.8284949229333334,0.0,0.0,0.8284949229333334,1.6569898458666668,0.0,0.8284949229333334,0.0,0.8284949229333334,1.0356186536666667,0.8284949229333334,1.0356186536666667,0.0
2690,30.260777060139997,22.659336142226664,26.0975900724,16.922008800913332,24.171339376580004,16.549186085593334,19.531767808153333,16.549186085593334,18.49614915448667,21.10590816172667,15.720691162659998,17.294831516233334,10.376898909740001,11.495367055700001,12.158162994046668,17.667654231553335,14.9129086128,11.930326890240002,20.443112223380002,15.34786844734,25.724767357079998,23.05287123062,17.68836660462667,15.720691162660001
2691,2.23693629192,2.23693629192,1.11846814596,2.23693629192,1.5741403535733334,2.23693629192,1.11846814596,1.11846814596,0.0,0.0,1.11846814596,0.0,1.11846814596,0.0,2.6926084995333337,2.6926084995333337,2.6926084995333337,2.6926084995333337,3.4382539301733335,1.11846814596,3.4382539301733335,3.811076645493334,4.639571568426668,3.5211034224666675
2692,12.241012486340002,9.19629364456,7.33218006796,7.33218006796,5.758039714386666,6.938644979566668,10.811858744280002,5.385216999066667,6.9593573526400005,7.311467694886667,6.938644979566668,8.512785333140002,6.503685145026668,7.249330575666668,4.639571568426668,8.367798721626668,9.175581271486669,10.666872132766665,10.37689890974,9.631253479100002,7.33218006796,7.311467694886667,7.3321800679599995,3.5211034224666675
2693,5.3852169990666665,4.639571568426667,3.8939261377866674,6.192999548926667,5.385216999066667,6.503685145026668,7.39431718718,8.885608048460002,11.930326890240002,9.19629364456,7.705002783280001,8.82347092924,11.495367055700001,7.33218006796,8.45064821392,5.012394283746667,5.0123942837466675,8.88560804846,10.459748402033332,11.1846814596,12.323861978633333,7.705002783280001,13.421617751520001,10.004076194420001
2694,10.004076194420001,7.622153290986667,8.0778254986,8.82347092924,6.586534637320001,5.758039714386666,4.266748853106667,3.8939261377866665,4.639571568426668,3.8110766454933334,3.1482807071466667,4.556722076133334,3.5211034224666675,3.1482807071466667,4.639571568426667,6.876507860346667,8.45064821392,8.45064821392,8.45064821392,5.840889206680001,6.9593573526400005,7.33218006796,3.8939261377866674,2.6926084995333337
2695,5.5923407298,4.970969537600001,2.4854847688,3.9353508839333338,3.7282271532,1.8641135766,3.3139796917333335,5.385216999066667,5.178093268333334,4.142474614666667,5.5923407298,6.006588191266668,7.4564543064,7.042206844933335,9.941939075200002,10.356186536666668,11.598928921066667,9.113444152266668,8.284949229333334,8.077825498600001,8.492072960066666,8.0778254986,6.4208356527333335,7.249330575666666
2696,6.213711922000001,6.213711922000002,6.503685145026668,3.811076645493334,5.364504625993334,8.98226578946889,5.758039714386666,9.548403986806667,7.622153290986668,8.057113125526667,8.429935840846667,6.054917061771111,9.25843076378,7.311467694886669,8.057113125526667,5.758039714386666,8.057113125526667,7.056015093648889,3.1482807071466667,1.11846814596,2.23693629192,4.266748853106667,4.639571568426667,7.849989394793333
2697,5.09524377604,4.639571568426668,5.758039714386666,3.8939261377866665,1.11846814596,2.23693629192,1.11846814596,3.1482807071466667,1.5741403535733334,3.0654312148533336,1.9469630688933337,1.5741403535733334,1.11846814596,1.9469630688933337,3.1482807071466667,3.5211034224666675,2.23693629192,1.9469630688933337,2.3197857842133334,1.9469630688933337,2.6926084995333337,1.11846814596,0.0,1.11846814596
2698,9.486266867586666,5.923738698973334,6.7108088757600015,4.432447837693334,4.639571568426667,2.6926084995333333,2.4854847688,2.899732230266667,1.8641135766,3.7282271532,2.899732230266667,1.6569898458666668,2.4854847688,5.09524377604,4.680996314573334,2.1540867996266666,4.22532410696,4.639571568426667,4.639571568426668,3.8525013916400006,1.8641135766,4.3495983454000005,2.6926084995333333,1.8641135766
2699,3.1068559610000004,4.418639588977778,4.418639588977778,4.556722076133334,5.247134511911111,4.69480456328889,3.7282271532,5.247134511911111,5.799464460533334,3.5211034224666666,4.142474614666667,4.142474614666667,2.4854847688,2.209319794488889,5.247134511911112,3.3139796917333335,4.9709695376,3.590144666044445,3.1068559609999995,3.037814717422222,3.590144666044445,2.0712373073333334,3.3139796917333335,2.4854847688
2700,4.432447837693334,1.4498661151333334,2.60975900724,2.4854847688,2.60975900724,2.1540867996266666,3.3968291840266667,6.710808875760001,6.503685145026666,6.669384129613334,6.503685145026668,7.4564543064,6.255136668146666,6.4208356527333335,9.941939075200002,10.81185874428,13.173069274640001,11.598928921066667,11.764627905653333,10.107638059786668,10.356186536666668,9.569116359879999,6.255136668146666,7.539303798693333
2701,20.360262731086667,23.487831065160005,23.032158857546673,20.650235954113334,19.966727642693332,16.922008800913336,18.868971869806668,16.922008800913336,15.285731328119999,14.540085897480003,14.995758105093335,14.622935389773334,14.622935389773334,12.67597232088,13.79444046684,10.376898909740001,11.101831967306667,11.55750417492,11.930326890240002,10.004076194420001,15.078607597386666,7.684290410206668,10.729009251986668,13.421617751520001
2702,6.337986160440001,7.08363159108,5.260942760626667,3.3968291840266667,2.2783610380666666,1.2427423844,0.7456454306400001,0.7456454306400001,0.7456454306400001,0.7456454306400001,1.9469630688933333,3.1897054532933335,4.266748853106667,4.266748853106667,5.053819029893334,5.012394283746667,3.6039529147600002,3.024006468706667,2.36121053036,3.4382539301733335,4.266748853106667,5.053819029893334,4.266748853106667,4.47387258384
2703,8.0778254986,6.130862429706667,5.012394283746667,5.84088920668,4.639571568426668,4.183899360813334,3.1482807071466667,5.758039714386666,5.012394283746667,6.9593573526400005,5.468066491360001,2.6926084995333337,3.5211034224666675,4.266748853106667,5.095243776040001,2.6926084995333337,1.9469630688933337,2.6926084995333337,2.6926084995333337,4.266748853106667,3.1482807071466667,2.6926084995333337,2.3197857842133334,6.213711922000001
2704,3.286363194302222,1.629373348435556,2.0988538047644445,0.6213711922,1.9331548201777775,1.7950723330222222,0.6213711922,0.3452062178888889,2.0021960637555556,0.0,2.0712373073333334,3.383020935311111,2.4854847688,0.0,4.22532410696,2.4854847688,3.7558436506311117,5.2609427606266665,2.6926084995333333,4.10104986852,5.854697455395557,2.4854847688,4.570530324848889,3.7558436506311117
2705,0.8284949229333334,1.0356186536666667,0.0,0.0,0.0,0.8284949229333334,0.8284949229333334,1.6569898458666668,1.0356186536666667,0.0,0.8284949229333334,0.8284949229333334,0.0,0.0,0.8284949229333334,1.6569898458666668,0.0,0.8284949229333334,0.0,0.8284949229333334,1.0356186536666667,0.8284949229333334,1.0356186536666667,0.0
2706,9.631253479100002,8.82347092924,9.196293644559999,6.503685145026668,9.25843076378,9.196293644559999,8.077825498600001,6.9593573526400005,6.586534637320001,5.012394283746667,6.130862429706667,6.58653463732,4.266748853106667,6.213711922000002,7.622153290986667,7.33218006796,7.33218006796,6.58653463732,6.213711922000002,3.8110766454933334,4.639571568426668,2.6926084995333337,2.6926084995333337,1.9469630688933337
2707,8.284949229333334,7.663578037133334,9.527691613733333,7.4564543064,7.870701767866667,5.799464460533334,4.763845806866667,3.7282271532,3.521103422466666,2.2783610380666666,2.0712373073333334,3.3139796917333335,2.278361038066667,2.4854847688,2.2783610380666666,2.2783610380666666,2.6926084995333333,4.556722076133334,3.1068559609999995,3.3139796917333335,3.3139796917333335,0.6213711922,1.8641135766,2.2783610380666666
2708,5.34379225292,5.799464460533334,4.3495983454000005,3.748939526273334,2.29907341114,4.41173546462,3.376116810953334,1.5327156074266668,2.36121053036,2.1747991727000002,1.9676754419666669,1.5948527266466668,1.5948527266466668,1.8019764573800001,0.7663578037133334,2.216223918846667,2.7961703649,3.003294095633333,3.2104178263666667,2.1747991727000002,2.7961703649,2.589046634166667,1.7605517112333333,0.7663578037133334
2709,18.413299662193335,15.741403535733335,14.975045732020002,13.794440466840001,15.720691162660001,26.53254990694,23.05287123062,18.868971869806668,18.868971869806668,16.197075743346666,16.922008800913332,21.85155359236667,17.584804739259997,18.040476946873337,16.922008800913336,15.741403535733333,15.34786844734,17.294831516233334,17.667654231553335,14.622935389773334,20.733085446406665,18.040476946873337,16.176363370273336,13.877289959133336
2710,6.9593573526400005,5.468066491360001,5.385216999066667,4.929544791453334,6.192999548926667,7.684290410206667,4.639571568426667,8.429935840846667,9.19629364456,9.631253479100002,9.548403986806667,7.601440917913333,7.684290410206667,7.311467694886669,9.175581271486669,7.33218006796,8.51278533314,8.450648213920001,4.266748853106667,5.364504625993334,3.811076645493334,7.705002783280001,8.0778254986,7.705002783280001
2711,6.503685145026668,8.740621436946666,8.077825498600001,11.433229936479998,11.122544340380003,12.241012486340002,13.856577586060004,15.34786844734,13.48375487074,12.675972320880001,12.98665791698,14.229400301380002,14.975045732020002,13.048795036200003,14.167263182160001,15.34786844734,14.975045732020002,16.09351387798,16.922008800913332,14.602223016700002,16.09351387798,15.720691162659998,14.16726318216,9.610541106026668
2712,2.23693629192,1.11846814596,2.6926084995333337,1.5741403535733334,3.8939261377866665,3.8939261377866665,2.6926084995333337,1.11846814596,1.5741403535733334,1.11846814596,1.11846814596,1.11846814596,1.11846814596,1.11846814596,0.0,1.5741403535733334,1.9469630688933337,1.11846814596,0.0,2.3197857842133334,0.0,1.5741403535733334,2.23693629192,1.5741403535733334
2713,5.3852169990666665,4.639571568426667,3.8939261377866674,6.192999548926667,5.385216999066667,6.503685145026668,7.39431718718,8.885608048460002,11.930326890240002,9.19629364456,7.705002783280001,8.82347092924,11.495367055700001,7.33218006796,8.45064821392,5.012394283746667,5.0123942837466675,8.88560804846,10.459748402033332,11.1846814596,12.323861978633333,7.705002783280001,13.421617751520001,10.004076194420001
2714,7.33218006796,5.468066491360001,6.835083114200001,6.462260398880001,6.213711922000001,6.58653463732,6.186095424568889,5.19190151704889,4.363406594115556,4.763845806866667,3.3554044378800003,3.0654312148533336,2.761649743111111,1.11846814596,0.0,2.23693629192,4.363406594115556,2.3888270277911112,3.6315694121911117,5.840889206680001,5.716614968240001,6.462260398880001,7.33218006796,8.574922452360001
2715,5.758039714386666,5.012394283746667,4.639571568426668,3.5211034224666675,4.183899360813334,4.639571568426668,4.639571568426667,3.1482807071466667,3.1482807071466667,3.8939261377866665,1.5741403535733334,1.5741403535733334,1.11846814596,1.11846814596,1.11846814596,5.716614968239999,6.586534637320001,5.758039714386666,7.33218006796,7.249330575666669,9.631253479100002,10.004076194420001,8.367798721626668,6.130862429706667
2716,5.012394283746667,5.840889206680001,1.11846814596,3.1482807071466667,3.5211034224666675,3.5211034224666675,3.5211034224666675,0.0,0.0,1.5741403535733334,1.11846814596,1.9469630688933337,1.9469630688933337,3.5211034224666675,3.5211034224666675,3.5211034224666675,3.811076645493334,1.11846814596,0.0,0.0,1.11846814596,4.183899360813334,4.639571568426668,5.468066491360001
2717,9.19629364456,9.19629364456,11.495367055700001,7.70500278328,8.0778254986,11.868189771019999,10.31476179052,10.004076194420001,7.33218006796,8.82347092924,8.0778254986,7.705002783280001,7.70500278328,4.266748853106667,7.705002783280001,7.70500278328,6.58653463732,5.840889206680001,4.72242106072,5.840889206680001,4.639571568426668,1.9469630688933337,3.3554044378800003,0.0
2718,5.9858758181933345,5.847793331037778,6.917932606493334,5.1435726465444445,5.861601579753334,5.77875208746,3.3001714430177778,4.018200376226667,4.915736542737778,1.6707980945822223,2.0160043124711113,2.7478414943955554,1.960771317608889,1.5327156074266668,2.347402281644445,1.6569898458666668,3.921542635217778,3.7558436506311117,2.3059775354977776,2.1402785509111113,2.927348727697778,0.5523299486222223,1.5465238561422223,1.394633120271111
2719,0.0,1.1046598972444446,1.1046598972444446,1.4498661151333334,2.9687734738444447,2.209319794488889,1.2427423844,2.9687734738444447,3.3139796917333335,1.4498661151333334,2.4854847688000006,1.8641135766,0.6213711922,0.5523299486222223,2.347402281644445,1.6569898458666668,3.3139796917333335,2.554526012377778,1.0356186536666667,2.0021960637555556,2.1402785509111113,0.6213711922,1.6569898458666668,1.2427423844
2720,11.06040722116,9.941939075200002,10.004076194420001,11.122544340380001,11.101831967306667,9.548403986806667,11.1846814596,6.503685145026668,8.077825498600001,8.82347092924,7.705002783280001,7.705002783280001,8.45064821392,8.45064821392,7.7050027832799985,9.56911635988,7.705002783280001,8.82347092924,8.82347092924,10.74972162506,10.004076194420001,9.941939075200002,9.56911635988,8.0778254986
2721,2.6926084995333337,2.6926084995333337,3.0654312148533336,3.811076645493334,6.9593573526400005,6.959357352640001,5.840889206680001,6.58653463732,5.385216999066667,4.266748853106667,5.758039714386666,8.429935840846667,6.938644979566668,12.696684693953335,13.131644528493334,4.266748853106667,4.266748853106667,6.503685145026668,7.622153290986667,3.438253930173334,10.37689890974,11.495367055700001,8.492072960066666,10.376898909740001
2722,1.4498661151333334,4.3495983454000005,4.183899360813334,3.1897054532933335,4.183899360813334,3.7282271532,2.775457991826667,2.6926084995333337,3.0654312148533336,2.60975900724,4.556722076133334,3.2725549455866667,2.6926084995333337,3.8939261377866665,4.805270553013334,3.9353508839333338,4.722421060720001,7.000782098786668,8.616347198506668,5.136668522186667,4.3495983454000005,4.970969537600001,5.302367506773333,5.34379225292
2723,2.6926084995333337,1.5741403535733334,4.183899360813334,2.6926084995333337,1.5741403535733334,3.1482807071466667,2.6926084995333337,3.3554044378800003,0.0,4.183899360813334,3.4382539301733335,4.266748853106667,1.11846814596,0.0,0.0,1.5741403535733334,1.5741403535733334,1.5741403535733334,1.9469630688933337,0.0,1.9469630688933337,3.0654312148533336,3.4382539301733335,1.5741403535733334
2724,7.3321800679599995,8.077825498600001,7.705002783280001,6.503685145026668,6.876507860346668,9.56911635988,8.139962617819998,7.33218006796,9.19629364456,8.45064821392,9.19629364456,7.70500278328,9.19629364456,8.51278533314,6.58653463732,5.385216999066667,6.213711922000001,6.58653463732,7.39431718718,7.684290410206667,10.459748402033332,10.832571117353334,12.903808424686666,6.9593573526400005
2725,12.77953418624667,14.35367453982,13.48375487074,16.80463868683111,17.301735640591115,16.680364448391114,16.887488179124446,16.30754173307111,15.202881835826668,12.282437232486666,9.859089582906668,11.66106604028667,10.169775179006669,10.956845355793334,11.661066040286665,13.152356901566668,13.3594806323,15.34786844734,12.675972320880001,13.794440466840001,12.98665791698,13.794440466840001,12.98665791698,10.74972162506
2726,8.077825498600001,7.33218006796,8.45064821392,7.705002783280001,6.9593573526400005,8.0778254986,8.82347092924,9.56911635988,10.376898909740001,10.00407619442,10.004076194420001,7.3321800679599995,10.376898909740001,11.122544340380003,11.86818977102,12.30314960556,10.376898909740001,10.004076194420001,7.33218006796,9.19629364456,8.82347092924,7.70500278328,6.9593573526400005,2.23693629192
2727,2.4854847688,5.5923407298,5.5923407298,6.213711922,8.699196690800001,9.9419390752,6.213711922,8.077825498600001,7.4564543064,6.213711922,5.5923407298,6.213711922,6.213711922,4.9709695376,7.4564543064,5.5923407298,4.3495983454000005,4.3495983454000005,4.3495983454000005,7.4564543064,9.9419390752,8.077825498600001,10.5633102674,7.4564543064
2728,5.302367506773334,6.503685145026668,6.1722871758533335,7.705002783280001,5.758039714386666,4.72242106072,5.178093268333334,8.077825498600001,10.31476179052,12.36528672478,12.28243723248667,9.486266867586666,11.163969086526668,10.74972162506,9.714102971393332,10.770433998133333,11.536791801846668,10.356186536666668,11.226106205746667,11.578216547993335,11.536791801846668,8.657771944653334,7.415029560253333,6.130862429706667
